4.980392156862745168e-01 7.882352941176470340e-01 4.980392156862745168e-01 1.000000000000000000e+00
4.980392156862745168e-01 7.882352941176470340e-01 4.980392156862745168e-01 1.000000000000000000e+00
4.980392156862745168e-01 7.882352941176470340e-01 4.980392156862745168e-01 1.000000000000000000e+00
4.980392156862745168e-01 7.882352941176470340e-01 4.980392156862745168e-01 1.000000000000000000e+00
4.980392156862745168e-01 7.882352941176470340e-01 4.980392156862745168e-01 1.000000000000000000e+00
4.980392156862745168e-01 7.882352941176470340e-01 4.980392156862745168e-01 1.000000000000000000e+00
4.980392156862745168e-01 7.882352941176470340e-01 4.980392156862745168e-01 1.000000000000000000e+00
4.980392156862745168e-01 7.882352941176470340e-01 4.980392156862745168e-01 1.000000000000000000e+00
4.980392156862745168e-01 7.882352941176470340e-01 4.980392156862745168e-01 1.000000000000000000e+00
4.980392156862745168e-01 7.882352941176470340e-01 4.980392156862745168e-01 1.000000000000000000e+00
4.980392156862745168e-01 7.882352941176470340e-01 4.980392156862745168e-01 1.000000000000000000e+00
4.980392156862745168e-01 7.882352941176470340e-01 4.980392156862745168e-01 1.000000000000000000e+00
4.980392156862745168e-01 7.882352941176470340e-01 4.980392156862745168e-01 1.000000000000000000e+00
4.980392156862745168e-01 7.882352941176470340e-01 4.980392156862745168e-01 1.000000000000000000e+00
4.980392156862745168e-01 7.882352941176470340e-01 4.980392156862745168e-01 1.000000000000000000e+00
4.980392156862745168e-01 7.882352941176470340e-01 4.980392156862745168e-01 1.000000000000000000e+00
4.980392156862745168e-01 7.882352941176470340e-01 4.980392156862745168e-01 1.000000000000000000e+00
4.980392156862745168e-01 7.882352941176470340e-01 4.980392156862745168e-01 1.000000000000000000e+00
4.980392156862745168e-01 7.882352941176470340e-01 4.980392156862745168e-01 1.000000000000000000e+00
4.980392156862745168e-01 7.882352941176470340e-01 4.980392156862745168e-01 1.000000000000000000e+00
4.980392156862745168e-01 7.882352941176470340e-01 4.980392156862745168e-01 1.000000000000000000e+00
4.980392156862745168e-01 7.882352941176470340e-01 4.980392156862745168e-01 1.000000000000000000e+00
4.980392156862745168e-01 7.882352941176470340e-01 4.980392156862745168e-01 1.000000000000000000e+00
4.980392156862745168e-01 7.882352941176470340e-01 4.980392156862745168e-01 1.000000000000000000e+00
4.980392156862745168e-01 7.882352941176470340e-01 4.980392156862745168e-01 1.000000000000000000e+00
4.980392156862745168e-01 7.882352941176470340e-01 4.980392156862745168e-01 1.000000000000000000e+00
4.980392156862745168e-01 7.882352941176470340e-01 4.980392156862745168e-01 1.000000000000000000e+00
4.980392156862745168e-01 7.882352941176470340e-01 4.980392156862745168e-01 1.000000000000000000e+00
4.980392156862745168e-01 7.882352941176470340e-01 4.980392156862745168e-01 1.000000000000000000e+00
4.980392156862745168e-01 7.882352941176470340e-01 4.980392156862745168e-01 1.000000000000000000e+00
4.980392156862745168e-01 7.882352941176470340e-01 4.980392156862745168e-01 1.000000000000000000e+00
4.980392156862745168e-01 7.882352941176470340e-01 4.980392156862745168e-01 1.000000000000000000e+00
7.450980392156862919e-01 6.823529411764706065e-01 8.313725490196078871e-01 1.000000000000000000e+00
7.450980392156862919e-01 6.823529411764706065e-01 8.313725490196078871e-01 1.000000000000000000e+00
7.450980392156862919e-01 6.823529411764706065e-01 8.313725490196078871e-01 1.000000000000000000e+00
7.450980392156862919e-01 6.823529411764706065e-01 8.313725490196078871e-01 1.000000000000000000e+00
7.450980392156862919e-01 6.823529411764706065e-01 8.313725490196078871e-01 1.000000000000000000e+00
7.450980392156862919e-01 6.823529411764706065e-01 8.313725490196078871e-01 1.000000000000000000e+00
7.450980392156862919e-01 6.823529411764706065e-01 8.313725490196078871e-01 1.000000000000000000e+00
7.450980392156862919e-01 6.823529411764706065e-01 8.313725490196078871e-01 1.000000000000000000e+00
7.450980392156862919e-01 6.823529411764706065e-01 8.313725490196078871e-01 1.000000000000000000e+00
7.450980392156862919e-01 6.823529411764706065e-01 8.313725490196078871e-01 1.000000000000000000e+00
7.450980392156862919e-01 6.823529411764706065e-01 8.313725490196078871e-01 1.000000000000000000e+00
7.450980392156862919e-01 6.823529411764706065e-01 8.313725490196078871e-01 1.000000000000000000e+00
7.450980392156862919e-01 6.823529411764706065e-01 8.313725490196078871e-01 1.000000000000000000e+00
7.450980392156862919e-01 6.823529411764706065e-01 8.313725490196078871e-01 1.000000000000000000e+00
7.450980392156862919e-01 6.823529411764706065e-01 8.313725490196078871e-01 1.000000000000000000e+00
7.450980392156862919e-01 6.823529411764706065e-01 8.313725490196078871e-01 1.000000000000000000e+00
7.450980392156862919e-01 6.823529411764706065e-01 8.313725490196078871e-01 1.000000000000000000e+00
7.450980392156862919e-01 6.823529411764706065e-01 8.313725490196078871e-01 1.000000000000000000e+00
7.450980392156862919e-01 6.823529411764706065e-01 8.313725490196078871e-01 1.000000000000000000e+00
7.450980392156862919e-01 6.823529411764706065e-01 8.313725490196078871e-01 1.000000000000000000e+00
7.450980392156862919e-01 6.823529411764706065e-01 8.313725490196078871e-01 1.000000000000000000e+00
7.450980392156862919e-01 6.823529411764706065e-01 8.313725490196078871e-01 1.000000000000000000e+00
7.450980392156862919e-01 6.823529411764706065e-01 8.313725490196078871e-01 1.000000000000000000e+00
7.450980392156862919e-01 6.823529411764706065e-01 8.313725490196078871e-01 1.000000000000000000e+00
7.450980392156862919e-01 6.823529411764706065e-01 8.313725490196078871e-01 1.000000000000000000e+00
7.450980392156862919e-01 6.823529411764706065e-01 8.313725490196078871e-01 1.000000000000000000e+00
7.450980392156862919e-01 6.823529411764706065e-01 8.313725490196078871e-01 1.000000000000000000e+00
7.450980392156862919e-01 6.823529411764706065e-01 8.313725490196078871e-01 1.000000000000000000e+00
7.450980392156862919e-01 6.823529411764706065e-01 8.313725490196078871e-01 1.000000000000000000e+00
7.450980392156862919e-01 6.823529411764706065e-01 8.313725490196078871e-01 1.000000000000000000e+00
7.450980392156862919e-01 6.823529411764706065e-01 8.313725490196078871e-01 1.000000000000000000e+00
7.450980392156862919e-01 6.823529411764706065e-01 8.313725490196078871e-01 1.000000000000000000e+00
9.921568627450980671e-01 7.529411764705882248e-01 5.254901960784313930e-01 1.000000000000000000e+00
9.921568627450980671e-01 7.529411764705882248e-01 5.254901960784313930e-01 1.000000000000000000e+00
9.921568627450980671e-01 7.529411764705882248e-01 5.254901960784313930e-01 1.000000000000000000e+00
9.921568627450980671e-01 7.529411764705882248e-01 5.254901960784313930e-01 1.000000000000000000e+00
9.921568627450980671e-01 7.529411764705882248e-01 5.254901960784313930e-01 1.000000000000000000e+00
9.921568627450980671e-01 7.529411764705882248e-01 5.254901960784313930e-01 1.000000000000000000e+00
9.921568627450980671e-01 7.529411764705882248e-01 5.254901960784313930e-01 1.000000000000000000e+00
9.921568627450980671e-01 7.529411764705882248e-01 5.254901960784313930e-01 1.000000000000000000e+00
9.921568627450980671e-01 7.529411764705882248e-01 5.254901960784313930e-01 1.000000000000000000e+00
9.921568627450980671e-01 7.529411764705882248e-01 5.254901960784313930e-01 1.000000000000000000e+00
9.921568627450980671e-01 7.529411764705882248e-01 5.254901960784313930e-01 1.000000000000000000e+00
9.921568627450980671e-01 7.529411764705882248e-01 5.254901960784313930e-01 1.000000000000000000e+00
9.921568627450980671e-01 7.529411764705882248e-01 5.254901960784313930e-01 1.000000000000000000e+00
9.921568627450980671e-01 7.529411764705882248e-01 5.254901960784313930e-01 1.000000000000000000e+00
9.921568627450980671e-01 7.529411764705882248e-01 5.254901960784313930e-01 1.000000000000000000e+00
9.921568627450980671e-01 7.529411764705882248e-01 5.254901960784313930e-01 1.000000000000000000e+00
9.921568627450980671e-01 7.529411764705882248e-01 5.254901960784313930e-01 1.000000000000000000e+00
9.921568627450980671e-01 7.529411764705882248e-01 5.254901960784313930e-01 1.000000000000000000e+00
9.921568627450980671e-01 7.529411764705882248e-01 5.254901960784313930e-01 1.000000000000000000e+00
9.921568627450980671e-01 7.529411764705882248e-01 5.254901960784313930e-01 1.000000000000000000e+00
9.921568627450980671e-01 7.529411764705882248e-01 5.254901960784313930e-01 1.000000000000000000e+00
9.921568627450980671e-01 7.529411764705882248e-01 5.254901960784313930e-01 1.000000000000000000e+00
9.921568627450980671e-01 7.529411764705882248e-01 5.254901960784313930e-01 1.000000000000000000e+00
9.921568627450980671e-01 7.529411764705882248e-01 5.254901960784313930e-01 1.000000000000000000e+00
9.921568627450980671e-01 7.529411764705882248e-01 5.254901960784313930e-01 1.000000000000000000e+00
9.921568627450980671e-01 7.529411764705882248e-01 5.254901960784313930e-01 1.000000000000000000e+00
9.921568627450980671e-01 7.529411764705882248e-01 5.254901960784313930e-01 1.000000000000000000e+00
9.921568627450980671e-01 7.529411764705882248e-01 5.254901960784313930e-01 1.000000000000000000e+00
9.921568627450980671e-01 7.529411764705882248e-01 5.254901960784313930e-01 1.000000000000000000e+00
9.921568627450980671e-01 7.529411764705882248e-01 5.254901960784313930e-01 1.000000000000000000e+00
9.921568627450980671e-01 7.529411764705882248e-01 5.254901960784313930e-01 1.000000000000000000e+00
9.921568627450980671e-01 7.529411764705882248e-01 5.254901960784313930e-01 1.000000000000000000e+00
1.000000000000000000e+00 1.000000000000000000e+00 5.999999999999999778e-01 1.000000000000000000e+00
1.000000000000000000e+00 1.000000000000000000e+00 5.999999999999999778e-01 1.000000000000000000e+00
1.000000000000000000e+00 1.000000000000000000e+00 5.999999999999999778e-01 1.000000000000000000e+00
1.000000000000000000e+00 1.000000000000000000e+00 5.999999999999999778e-01 1.000000000000000000e+00
1.000000000000000000e+00 1.000000000000000000e+00 5.999999999999999778e-01 1.000000000000000000e+00
1.000000000000000000e+00 1.000000000000000000e+00 5.999999999999999778e-01 1.000000000000000000e+00
1.000000000000000000e+00 1.000000000000000000e+00 5.999999999999999778e-01 1.000000000000000000e+00
1.000000000000000000e+00 1.000000000000000000e+00 5.999999999999999778e-01 1.000000000000000000e+00
1.000000000000000000e+00 1.000000000000000000e+00 5.999999999999999778e-01 1.000000000000000000e+00
1.000000000000000000e+00 1.000000000000000000e+00 5.999999999999999778e-01 1.000000000000000000e+00
1.000000000000000000e+00 1.000000000000000000e+00 5.999999999999999778e-01 1.000000000000000000e+00
1.000000000000000000e+00 1.000000000000000000e+00 5.999999999999999778e-01 1.000000000000000000e+00
1.000000000000000000e+00 1.000000000000000000e+00 5.999999999999999778e-01 1.000000000000000000e+00
1.000000000000000000e+00 1.000000000000000000e+00 5.999999999999999778e-01 1.000000000000000000e+00
1.000000000000000000e+00 1.000000000000000000e+00 5.999999999999999778e-01 1.000000000000000000e+00
1.000000000000000000e+00 1.000000000000000000e+00 5.999999999999999778e-01 1.000000000000000000e+00
1.000000000000000000e+00 1.000000000000000000e+00 5.999999999999999778e-01 1.000000000000000000e+00
1.000000000000000000e+00 1.000000000000000000e+00 5.999999999999999778e-01 1.000000000000000000e+00
1.000000000000000000e+00 1.000000000000000000e+00 5.999999999999999778e-01 1.000000000000000000e+00
1.000000000000000000e+00 1.000000000000000000e+00 5.999999999999999778e-01 1.000000000000000000e+00
1.000000000000000000e+00 1.000000000000000000e+00 5.999999999999999778e-01 1.000000000000000000e+00
1.000000000000000000e+00 1.000000000000000000e+00 5.999999999999999778e-01 1.000000000000000000e+00
1.000000000000000000e+00 1.000000000000000000e+00 5.999999999999999778e-01 1.000000000000000000e+00
1.000000000000000000e+00 1.000000000000000000e+00 5.999999999999999778e-01 1.000000000000000000e+00
1.000000000000000000e+00 1.000000000000000000e+00 5.999999999999999778e-01 1.000000000000000000e+00
1.000000000000000000e+00 1.000000000000000000e+00 5.999999999999999778e-01 1.000000000000000000e+00
1.000000000000000000e+00 1.000000000000000000e+00 5.999999999999999778e-01 1.000000000000000000e+00
1.000000000000000000e+00 1.000000000000000000e+00 5.999999999999999778e-01 1.000000000000000000e+00
1.000000000000000000e+00 1.000000000000000000e+00 5.999999999999999778e-01 1.000000000000000000e+00
1.000000000000000000e+00 1.000000000000000000e+00 5.999999999999999778e-01 1.000000000000000000e+00
1.000000000000000000e+00 1.000000000000000000e+00 5.999999999999999778e-01 1.000000000000000000e+00
2.196078431372548989e-01 4.235294117647058765e-01 6.901960784313725394e-01 1.000000000000000000e+00
2.196078431372548989e-01 4.235294117647058765e-01 6.901960784313725394e-01 1.000000000000000000e+00
2.196078431372548989e-01 4.235294117647058765e-01 6.901960784313725394e-01 1.000000000000000000e+00
2.196078431372548989e-01 4.235294117647058765e-01 6.901960784313725394e-01 1.000000000000000000e+00
2.196078431372548989e-01 4.235294117647058765e-01 6.901960784313725394e-01 1.000000000000000000e+00
2.196078431372548989e-01 4.235294117647058765e-01 6.901960784313725394e-01 1.000000000000000000e+00
2.196078431372548989e-01 4.235294117647058765e-01 6.901960784313725394e-01 1.000000000000000000e+00
2.196078431372548989e-01 4.235294117647058765e-01 6.901960784313725394e-01 1.000000000000000000e+00
2.196078431372548989e-01 4.235294117647058765e-01 6.901960784313725394e-01 1.000000000000000000e+00
2.196078431372548989e-01 4.235294117647058765e-01 6.901960784313725394e-01 1.000000000000000000e+00
2.196078431372548989e-01 4.235294117647058765e-01 6.901960784313725394e-01 1.000000000000000000e+00
2.196078431372548989e-01 4.235294117647058765e-01 6.901960784313725394e-01 1.000000000000000000e+00
2.196078431372548989e-01 4.235294117647058765e-01 6.901960784313725394e-01 1.000000000000000000e+00
2.196078431372548989e-01 4.235294117647058765e-01 6.901960784313725394e-01 1.000000000000000000e+00
2.196078431372548989e-01 4.235294117647058765e-01 6.901960784313725394e-01 1.000000000000000000e+00
2.196078431372548989e-01 4.235294117647058765e-01 6.901960784313725394e-01 1.000000000000000000e+00
2.196078431372548989e-01 4.235294117647058765e-01 6.901960784313725394e-01 1.000000000000000000e+00
2.196078431372548989e-01 4.235294117647058765e-01 6.901960784313725394e-01 1.000000000000000000e+00
2.196078431372548989e-01 4.235294117647058765e-01 6.901960784313725394e-01 1.000000000000000000e+00
2.196078431372548989e-01 4.235294117647058765e-01 6.901960784313725394e-01 1.000000000000000000e+00
2.196078431372548989e-01 4.235294117647058765e-01 6.901960784313725394e-01 1.000000000000000000e+00
2.196078431372548989e-01 4.235294117647058765e-01 6.901960784313725394e-01 1.000000000000000000e+00
2.196078431372548989e-01 4.235294117647058765e-01 6.901960784313725394e-01 1.000000000000000000e+00
2.196078431372548989e-01 4.235294117647058765e-01 6.901960784313725394e-01 1.000000000000000000e+00
2.196078431372548989e-01 4.235294117647058765e-01 6.901960784313725394e-01 1.000000000000000000e+00
2.196078431372548989e-01 4.235294117647058765e-01 6.901960784313725394e-01 1.000000000000000000e+00
2.196078431372548989e-01 4.235294117647058765e-01 6.901960784313725394e-01 1.000000000000000000e+00
2.196078431372548989e-01 4.235294117647058765e-01 6.901960784313725394e-01 1.000000000000000000e+00
2.196078431372548989e-01 4.235294117647058765e-01 6.901960784313725394e-01 1.000000000000000000e+00
2.196078431372548989e-01 4.235294117647058765e-01 6.901960784313725394e-01 1.000000000000000000e+00
2.196078431372548989e-01 4.235294117647058765e-01 6.901960784313725394e-01 1.000000000000000000e+00
2.196078431372548989e-01 4.235294117647058765e-01 6.901960784313725394e-01 1.000000000000000000e+00
9.411764705882352811e-01 7.843137254901960675e-03 4.980392156862745168e-01 1.000000000000000000e+00
9.411764705882352811e-01 7.843137254901960675e-03 4.980392156862745168e-01 1.000000000000000000e+00
9.411764705882352811e-01 7.843137254901960675e-03 4.980392156862745168e-01 1.000000000000000000e+00
9.411764705882352811e-01 7.843137254901960675e-03 4.980392156862745168e-01 1.000000000000000000e+00
9.411764705882352811e-01 7.843137254901960675e-03 4.980392156862745168e-01 1.000000000000000000e+00
9.411764705882352811e-01 7.843137254901960675e-03 4.980392156862745168e-01 1.000000000000000000e+00
9.411764705882352811e-01 7.843137254901960675e-03 4.980392156862745168e-01 1.000000000000000000e+00
9.411764705882352811e-01 7.843137254901960675e-03 4.980392156862745168e-01 1.000000000000000000e+00
9.411764705882352811e-01 7.843137254901960675e-03 4.980392156862745168e-01 1.000000000000000000e+00
9.411764705882352811e-01 7.843137254901960675e-03 4.980392156862745168e-01 1.000000000000000000e+00
9.411764705882352811e-01 7.843137254901960675e-03 4.980392156862745168e-01 1.000000000000000000e+00
9.411764705882352811e-01 7.843137254901960675e-03 4.980392156862745168e-01 1.000000000000000000e+00
9.411764705882352811e-01 7.843137254901960675e-03 4.980392156862745168e-01 1.000000000000000000e+00
9.411764705882352811e-01 7.843137254901960675e-03 4.980392156862745168e-01 1.000000000000000000e+00
9.411764705882352811e-01 7.843137254901960675e-03 4.980392156862745168e-01 1.000000000000000000e+00
9.411764705882352811e-01 7.843137254901960675e-03 4.980392156862745168e-01 1.000000000000000000e+00
9.411764705882352811e-01 7.843137254901960675e-03 4.980392156862745168e-01 1.000000000000000000e+00
9.411764705882352811e-01 7.843137254901960675e-03 4.980392156862745168e-01 1.000000000000000000e+00
9.411764705882352811e-01 7.843137254901960675e-03 4.980392156862745168e-01 1.000000000000000000e+00
9.411764705882352811e-01 7.843137254901960675e-03 4.980392156862745168e-01 1.000000000000000000e+00
9.411764705882352811e-01 7.843137254901960675e-03 4.980392156862745168e-01 1.000000000000000000e+00
9.411764705882352811e-01 7.843137254901960675e-03 4.980392156862745168e-01 1.000000000000000000e+00
9.411764705882352811e-01 7.843137254901960675e-03 4.980392156862745168e-01 1.000000000000000000e+00
9.411764705882352811e-01 7.843137254901960675e-03 4.980392156862745168e-01 1.000000000000000000e+00
9.411764705882352811e-01 7.843137254901960675e-03 4.980392156862745168e-01 1.000000000000000000e+00
9.411764705882352811e-01 7.843137254901960675e-03 4.980392156862745168e-01 1.000000000000000000e+00
9.411764705882352811e-01 7.843137254901960675e-03 4.980392156862745168e-01 1.000000000000000000e+00
9.411764705882352811e-01 7.843137254901960675e-03 4.980392156862745168e-01 1.000000000000000000e+00
9.411764705882352811e-01 7.843137254901960675e-03 4.980392156862745168e-01 1.000000000000000000e+00
9.411764705882352811e-01 7.843137254901960675e-03 4.980392156862745168e-01 1.000000000000000000e+00
9.411764705882352811e-01 7.843137254901960675e-03 4.980392156862745168e-01 1.000000000000000000e+00
9.411764705882352811e-01 7.843137254901960675e-03 4.980392156862745168e-01 1.000000000000000000e+00
7.490196078431372584e-01 3.568627450980392246e-01 9.019607843137253389e-02 1.000000000000000000e+00
7.490196078431372584e-01 3.568627450980392246e-01 9.019607843137253389e-02 1.000000000000000000e+00
7.490196078431372584e-01 3.568627450980392246e-01 9.019607843137253389e-02 1.000000000000000000e+00
7.490196078431372584e-01 3.568627450980392246e-01 9.019607843137253389e-02 1.000000000000000000e+00
7.490196078431372584e-01 3.568627450980392246e-01 9.019607843137253389e-02 1.000000000000000000e+00
7.490196078431372584e-01 3.568627450980392246e-01 9.019607843137253389e-02 1.000000000000000000e+00
7.490196078431372584e-01 3.568627450980392246e-01 9.019607843137253389e-02 1.000000000000000000e+00
7.490196078431372584e-01 3.568627450980392246e-01 9.019607843137253389e-02 1.000000000000000000e+00
7.490196078431372584e-01 3.568627450980392246e-01 9.019607843137253389e-02 1.000000000000000000e+00
7.490196078431372584e-01 3.568627450980392246e-01 9.019607843137253389e-02 1.000000000000000000e+00
7.490196078431372584e-01 3.568627450980392246e-01 9.019607843137253389e-02 1.000000000000000000e+00
7.490196078431372584e-01 3.568627450980392246e-01 9.019607843137253389e-02 1.000000000000000000e+00
7.490196078431372584e-01 3.568627450980392246e-01 9.019607843137253389e-02 1.000000000000000000e+00
7.490196078431372584e-01 3.568627450980392246e-01 9.019607843137253389e-02 1.000000000000000000e+00
7.490196078431372584e-01 3.568627450980392246e-01 9.019607843137253389e-02 1.000000000000000000e+00
7.490196078431372584e-01 3.568627450980392246e-01 9.019607843137253389e-02 1.000000000000000000e+00
7.490196078431372584e-01 3.568627450980392246e-01 9.019607843137253389e-02 1.000000000000000000e+00
7.490196078431372584e-01 3.568627450980392246e-01 9.019607843137253389e-02 1.000000000000000000e+00
7.490196078431372584e-01 3.568627450980392246e-01 9.019607843137253389e-02 1.000000000000000000e+00
7.490196078431372584e-01 3.568627450980392246e-01 9.019607843137253389e-02 1.000000000000000000e+00
7.490196078431372584e-01 3.568627450980392246e-01 9.019607843137253389e-02 1.000000000000000000e+00
7.490196078431372584e-01 3.568627450980392246e-01 9.019607843137253389e-02 1.000000000000000000e+00
7.490196078431372584e-01 3.568627450980392246e-01 9.019607843137253389e-02 1.000000000000000000e+00
7.490196078431372584e-01 3.568627450980392246e-01 9.019607843137253389e-02 1.000000000000000000e+00
7.490196078431372584e-01 3.568627450980392246e-01 9.019607843137253389e-02 1.000000000000000000e+00
7.490196078431372584e-01 3.568627450980392246e-01 9.019607843137253389e-02 1.000000000000000000e+00
7.490196078431372584e-01 3.568627450980392246e-01 9.019607843137253389e-02 1.000000000000000000e+00
7.490196078431372584e-01 3.568627450980392246e-01 9.019607843137253389e-02 1.000000000000000000e+00
7.490196078431372584e-01 3.568627450980392246e-01 9.019607843137253389e-02 1.000000000000000000e+00
7.490196078431372584e-01 3.568627450980392246e-01 9.019607843137253389e-02 1.000000000000000000e+00
7.490196078431372584e-01 3.568627450980392246e-01 9.019607843137253389e-02 1.000000000000000000e+00
7.490196078431372584e-01 3.568627450980392246e-01 9.019607843137253389e-02 1.000000000000000000e+00
4.000000000000000222e-01 4.000000000000000222e-01 4.000000000000000222e-01 1.000000000000000000e+00
4.000000000000000222e-01 4.000000000000000222e-01 4.000000000000000222e-01 1.000000000000000000e+00
4.000000000000000222e-01 4.000000000000000222e-01 4.000000000000000222e-01 1.000000000000000000e+00
4.000000000000000222e-01 4.000000000000000222e-01 4.000000000000000222e-01 1.000000000000000000e+00
4.000000000000000222e-01 4.000000000000000222e-01 4.000000000000000222e-01 1.000000000000000000e+00
4.000000000000000222e-01 4.000000000000000222e-01 4.000000000000000222e-01 1.000000000000000000e+00
4.000000000000000222e-01 4.000000000000000222e-01 4.000000000000000222e-01 1.000000000000000000e+00
4.000000000000000222e-01 4.000000000000000222e-01 4.000000000000000222e-01 1.000000000000000000e+00
4.000000000000000222e-01 4.000000000000000222e-01 4.000000000000000222e-01 1.000000000000000000e+00
4.000000000000000222e-01 4.000000000000000222e-01 4.000000000000000222e-01 1.000000000000000000e+00
4.000000000000000222e-01 4.000000000000000222e-01 4.000000000000000222e-01 1.000000000000000000e+00
4.000000000000000222e-01 4.000000000000000222e-01 4.000000000000000222e-01 1.000000000000000000e+00
4.000000000000000222e-01 4.000000000000000222e-01 4.000000000000000222e-01 1.000000000000000000e+00
4.000000000000000222e-01 4.000000000000000222e-01 4.000000000000000222e-01 1.000000000000000000e+00
4.000000000000000222e-01 4.000000000000000222e-01 4.000000000000000222e-01 1.000000000000000000e+00
4.000000000000000222e-01 4.000000000000000222e-01 4.000000000000000222e-01 1.000000000000000000e+00
4.000000000000000222e-01 4.000000000000000222e-01 4.000000000000000222e-01 1.000000000000000000e+00
4.000000000000000222e-01 4.000000000000000222e-01 4.000000000000000222e-01 1.000000000000000000e+00
4.000000000000000222e-01 4.000000000000000222e-01 4.000000000000000222e-01 1.000000000000000000e+00
4.000000000000000222e-01 4.000000000000000222e-01 4.000000000000000222e-01 1.000000000000000000e+00
4.000000000000000222e-01 4.000000000000000222e-01 4.000000000000000222e-01 1.000000000000000000e+00
4.000000000000000222e-01 4.000000000000000222e-01 4.000000000000000222e-01 1.000000000000000000e+00
4.000000000000000222e-01 4.000000000000000222e-01 4.000000000000000222e-01 1.000000000000000000e+00
4.000000000000000222e-01 4.000000000000000222e-01 4.000000000000000222e-01 1.000000000000000000e+00
4.000000000000000222e-01 4.000000000000000222e-01 4.000000000000000222e-01 1.000000000000000000e+00
4.000000000000000222e-01 4.000000000000000222e-01 4.000000000000000222e-01 1.000000000000000000e+00
4.000000000000000222e-01 4.000000000000000222e-01 4.000000000000000222e-01 1.000000000000000000e+00
4.000000000000000222e-01 4.000000000000000222e-01 4.000000000000000222e-01 1.000000000000000000e+00
4.000000000000000222e-01 4.000000000000000222e-01 4.000000000000000222e-01 1.000000000000000000e+00
4.000000000000000222e-01 4.000000000000000222e-01 4.000000000000000222e-01 1.000000000000000000e+00
4.000000000000000222e-01 4.000000000000000222e-01 4.000000000000000222e-01 1.000000000000000000e+00
4.000000000000000222e-01 4.000000000000000222e-01 4.000000000000000222e-01 1.000000000000000000e+00
