1.000000000000000000e+00 1.000000000000000000e+00 1.000000000000000000e+00 1.000000000000000000e+00
1.000000000000000000e+00 1.000000000000000000e+00 9.921568627450980671e-01 1.000000000000000000e+00
1.000000000000000000e+00 1.000000000000000000e+00 9.843137254901961342e-01 1.000000000000000000e+00
1.000000000000000000e+00 1.000000000000000000e+00 9.764705882352942012e-01 1.000000000000000000e+00
1.000000000000000000e+00 1.000000000000000000e+00 9.686274509803922683e-01 1.000000000000000000e+00
1.000000000000000000e+00 1.000000000000000000e+00 9.607843137254901134e-01 1.000000000000000000e+00
1.000000000000000000e+00 1.000000000000000000e+00 9.529411764705881804e-01 1.000000000000000000e+00
1.000000000000000000e+00 1.000000000000000000e+00 9.450980392156862475e-01 1.000000000000000000e+00
1.000000000000000000e+00 1.000000000000000000e+00 9.372549019607843146e-01 1.000000000000000000e+00
1.000000000000000000e+00 1.000000000000000000e+00 9.294117647058823817e-01 1.000000000000000000e+00
1.000000000000000000e+00 1.000000000000000000e+00 9.215686274509804488e-01 1.000000000000000000e+00
1.000000000000000000e+00 1.000000000000000000e+00 9.137254901960785158e-01 1.000000000000000000e+00
1.000000000000000000e+00 1.000000000000000000e+00 9.058823529411763609e-01 1.000000000000000000e+00
1.000000000000000000e+00 1.000000000000000000e+00 8.980392156862744280e-01 1.000000000000000000e+00
1.000000000000000000e+00 1.000000000000000000e+00 8.901960784313724950e-01 1.000000000000000000e+00
1.000000000000000000e+00 1.000000000000000000e+00 8.823529411764705621e-01 1.000000000000000000e+00
1.000000000000000000e+00 1.000000000000000000e+00 8.745098039215686292e-01 1.000000000000000000e+00
1.000000000000000000e+00 1.000000000000000000e+00 8.666666666666666963e-01 1.000000000000000000e+00
1.000000000000000000e+00 1.000000000000000000e+00 8.588235294117647634e-01 1.000000000000000000e+00
1.000000000000000000e+00 1.000000000000000000e+00 8.509803921568628304e-01 1.000000000000000000e+00
1.000000000000000000e+00 1.000000000000000000e+00 8.431372549019608975e-01 1.000000000000000000e+00
1.000000000000000000e+00 1.000000000000000000e+00 8.352941176470587425e-01 1.000000000000000000e+00
1.000000000000000000e+00 1.000000000000000000e+00 8.274509803921568096e-01 1.000000000000000000e+00
1.000000000000000000e+00 1.000000000000000000e+00 8.196078431372548767e-01 1.000000000000000000e+00
1.000000000000000000e+00 1.000000000000000000e+00 8.117647058823529438e-01 1.000000000000000000e+00
1.000000000000000000e+00 1.000000000000000000e+00 8.039215686274510109e-01 1.000000000000000000e+00
1.000000000000000000e+00 1.000000000000000000e+00 7.960784313725490779e-01 1.000000000000000000e+00
1.000000000000000000e+00 1.000000000000000000e+00 7.882352941176471450e-01 1.000000000000000000e+00
1.000000000000000000e+00 1.000000000000000000e+00 7.803921568627449901e-01 1.000000000000000000e+00
1.000000000000000000e+00 1.000000000000000000e+00 7.725490196078430571e-01 1.000000000000000000e+00
1.000000000000000000e+00 1.000000000000000000e+00 7.647058823529411242e-01 1.000000000000000000e+00
1.000000000000000000e+00 1.000000000000000000e+00 7.568627450980391913e-01 1.000000000000000000e+00
1.000000000000000000e+00 1.000000000000000000e+00 7.490196078431372584e-01 1.000000000000000000e+00
1.000000000000000000e+00 1.000000000000000000e+00 7.411764705882353255e-01 1.000000000000000000e+00
1.000000000000000000e+00 1.000000000000000000e+00 7.333333333333333925e-01 1.000000000000000000e+00
1.000000000000000000e+00 1.000000000000000000e+00 7.254901960784314596e-01 1.000000000000000000e+00
1.000000000000000000e+00 1.000000000000000000e+00 7.176470588235295267e-01 1.000000000000000000e+00
1.000000000000000000e+00 1.000000000000000000e+00 7.098039215686275938e-01 1.000000000000000000e+00
1.000000000000000000e+00 1.000000000000000000e+00 7.019607843137254388e-01 1.000000000000000000e+00
1.000000000000000000e+00 1.000000000000000000e+00 6.941176470588235059e-01 1.000000000000000000e+00
1.000000000000000000e+00 1.000000000000000000e+00 6.862745098039215730e-01 1.000000000000000000e+00
1.000000000000000000e+00 1.000000000000000000e+00 6.784313725490196401e-01 1.000000000000000000e+00
1.000000000000000000e+00 1.000000000000000000e+00 6.705882352941177071e-01 1.000000000000000000e+00
1.000000000000000000e+00 1.000000000000000000e+00 6.627450980392155522e-01 1.000000000000000000e+00
1.000000000000000000e+00 1.000000000000000000e+00 6.549019607843136193e-01 1.000000000000000000e+00
1.000000000000000000e+00 1.000000000000000000e+00 6.470588235294116863e-01 1.000000000000000000e+00
1.000000000000000000e+00 1.000000000000000000e+00 6.392156862745097534e-01 1.000000000000000000e+00
1.000000000000000000e+00 1.000000000000000000e+00 6.313725490196078205e-01 1.000000000000000000e+00
1.000000000000000000e+00 1.000000000000000000e+00 6.235294117647058876e-01 1.000000000000000000e+00
1.000000000000000000e+00 1.000000000000000000e+00 6.156862745098039547e-01 1.000000000000000000e+00
1.000000000000000000e+00 1.000000000000000000e+00 6.078431372549020217e-01 1.000000000000000000e+00
1.000000000000000000e+00 1.000000000000000000e+00 6.000000000000000888e-01 1.000000000000000000e+00
1.000000000000000000e+00 1.000000000000000000e+00 5.921568627450981559e-01 1.000000000000000000e+00
1.000000000000000000e+00 1.000000000000000000e+00 5.843137254901962230e-01 1.000000000000000000e+00
1.000000000000000000e+00 1.000000000000000000e+00 5.764705882352940680e-01 1.000000000000000000e+00
1.000000000000000000e+00 1.000000000000000000e+00 5.686274509803921351e-01 1.000000000000000000e+00
1.000000000000000000e+00 1.000000000000000000e+00 5.607843137254902022e-01 1.000000000000000000e+00
1.000000000000000000e+00 1.000000000000000000e+00 5.529411764705882693e-01 1.000000000000000000e+00
1.000000000000000000e+00 1.000000000000000000e+00 5.450980392156863363e-01 1.000000000000000000e+00
1.000000000000000000e+00 1.000000000000000000e+00 5.372549019607841814e-01 1.000000000000000000e+00
1.000000000000000000e+00 1.000000000000000000e+00 5.294117647058822484e-01 1.000000000000000000e+00
1.000000000000000000e+00 1.000000000000000000e+00 5.215686274509803155e-01 1.000000000000000000e+00
1.000000000000000000e+00 1.000000000000000000e+00 5.137254901960783826e-01 1.000000000000000000e+00
1.000000000000000000e+00 1.000000000000000000e+00 5.058823529411764497e-01 1.000000000000000000e+00
1.000000000000000000e+00 9.980392156862745168e-01 4.980392156862745168e-01 1.000000000000000000e+00
1.000000000000000000e+00 9.901960784313725839e-01 4.901960784313725839e-01 1.000000000000000000e+00
1.000000000000000000e+00 9.823529411764706509e-01 4.823529411764706509e-01 1.000000000000000000e+00
1.000000000000000000e+00 9.745098039215687180e-01 4.745098039215687180e-01 1.000000000000000000e+00
1.000000000000000000e+00 9.666666666666667851e-01 4.666666666666667851e-01 1.000000000000000000e+00
1.000000000000000000e+00 9.588235294117648522e-01 4.588235294117648522e-01 1.000000000000000000e+00
1.000000000000000000e+00 9.509803921568626972e-01 4.509803921568626972e-01 1.000000000000000000e+00
1.000000000000000000e+00 9.431372549019607643e-01 4.431372549019607643e-01 1.000000000000000000e+00
1.000000000000000000e+00 9.352941176470588314e-01 4.352941176470588314e-01 1.000000000000000000e+00
1.000000000000000000e+00 9.274509803921568984e-01 4.274509803921568984e-01 1.000000000000000000e+00
1.000000000000000000e+00 9.196078431372549655e-01 4.196078431372549655e-01 1.000000000000000000e+00
1.000000000000000000e+00 9.117647058823528106e-01 4.117647058823528106e-01 1.000000000000000000e+00
1.000000000000000000e+00 9.039215686274508776e-01 4.039215686274508776e-01 1.000000000000000000e+00
1.000000000000000000e+00 8.960784313725489447e-01 3.960784313725489447e-01 1.000000000000000000e+00
1.000000000000000000e+00 8.882352941176470118e-01 3.882352941176470118e-01 1.000000000000000000e+00
1.000000000000000000e+00 8.803921568627450789e-01 3.803921568627450789e-01 1.000000000000000000e+00
1.000000000000000000e+00 8.725490196078431460e-01 3.725490196078431460e-01 1.000000000000000000e+00
1.000000000000000000e+00 8.647058823529412130e-01 3.647058823529412130e-01 1.000000000000000000e+00
1.000000000000000000e+00 8.568627450980392801e-01 3.568627450980392801e-01 1.000000000000000000e+00
1.000000000000000000e+00 8.490196078431373472e-01 3.490196078431373472e-01 1.000000000000000000e+00
1.000000000000000000e+00 8.411764705882354143e-01 3.411764705882354143e-01 1.000000000000000000e+00
1.000000000000000000e+00 8.333333333333334814e-01 3.333333333333334814e-01 1.000000000000000000e+00
1.000000000000000000e+00 8.254901960784313264e-01 3.254901960784313264e-01 1.000000000000000000e+00
1.000000000000000000e+00 8.176470588235293935e-01 3.176470588235293935e-01 1.000000000000000000e+00
1.000000000000000000e+00 8.098039215686274606e-01 3.098039215686274606e-01 1.000000000000000000e+00
1.000000000000000000e+00 8.019607843137255276e-01 3.019607843137255276e-01 1.000000000000000000e+00
1.000000000000000000e+00 7.941176470588235947e-01 2.941176470588235947e-01 1.000000000000000000e+00
1.000000000000000000e+00 7.862745098039214398e-01 2.862745098039214398e-01 1.000000000000000000e+00
1.000000000000000000e+00 7.784313725490195068e-01 2.784313725490195068e-01 1.000000000000000000e+00
1.000000000000000000e+00 7.705882352941175739e-01 2.705882352941175739e-01 1.000000000000000000e+00
1.000000000000000000e+00 7.627450980392156410e-01 2.627450980392156410e-01 1.000000000000000000e+00
1.000000000000000000e+00 7.549019607843137081e-01 2.549019607843137081e-01 1.000000000000000000e+00
1.000000000000000000e+00 7.470588235294117752e-01 2.470588235294117752e-01 1.000000000000000000e+00
1.000000000000000000e+00 7.392156862745098422e-01 2.392156862745098422e-01 1.000000000000000000e+00
1.000000000000000000e+00 7.313725490196079093e-01 2.313725490196079093e-01 1.000000000000000000e+00
1.000000000000000000e+00 7.235294117647059764e-01 2.235294117647059764e-01 1.000000000000000000e+00
1.000000000000000000e+00 7.156862745098040435e-01 2.156862745098040435e-01 1.000000000000000000e+00
1.000000000000000000e+00 7.078431372549021106e-01 2.078431372549021106e-01 1.000000000000000000e+00
1.000000000000000000e+00 6.999999999999999556e-01 1.999999999999999556e-01 1.000000000000000000e+00
1.000000000000000000e+00 6.921568627450980227e-01 1.921568627450980227e-01 1.000000000000000000e+00
1.000000000000000000e+00 6.843137254901960898e-01 1.843137254901960898e-01 1.000000000000000000e+00
1.000000000000000000e+00 6.764705882352941568e-01 1.764705882352941568e-01 1.000000000000000000e+00
1.000000000000000000e+00 6.686274509803922239e-01 1.686274509803922239e-01 1.000000000000000000e+00
1.000000000000000000e+00 6.607843137254900689e-01 1.607843137254900689e-01 1.000000000000000000e+00
1.000000000000000000e+00 6.529411764705881360e-01 1.529411764705881360e-01 1.000000000000000000e+00
1.000000000000000000e+00 6.450980392156862031e-01 1.450980392156862031e-01 1.000000000000000000e+00
1.000000000000000000e+00 6.372549019607842702e-01 1.372549019607842702e-01 1.000000000000000000e+00
1.000000000000000000e+00 6.294117647058823373e-01 1.294117647058823373e-01 1.000000000000000000e+00
1.000000000000000000e+00 6.215686274509804043e-01 1.215686274509804043e-01 1.000000000000000000e+00
1.000000000000000000e+00 6.137254901960784714e-01 1.137254901960784714e-01 1.000000000000000000e+00
1.000000000000000000e+00 6.058823529411765385e-01 1.058823529411765385e-01 1.000000000000000000e+00
1.000000000000000000e+00 5.980392156862746056e-01 9.803921568627460559e-02 1.000000000000000000e+00
1.000000000000000000e+00 5.901960784313726727e-01 9.019607843137267267e-02 1.000000000000000000e+00
1.000000000000000000e+00 5.823529411764707397e-01 8.235294117647073975e-02 1.000000000000000000e+00
1.000000000000000000e+00 5.745098039215685848e-01 7.450980392156858478e-02 1.000000000000000000e+00
1.000000000000000000e+00 5.666666666666666519e-01 6.666666666666665186e-02 1.000000000000000000e+00
1.000000000000000000e+00 5.588235294117647189e-01 5.882352941176471894e-02 1.000000000000000000e+00
1.000000000000000000e+00 5.509803921568627860e-01 5.098039215686278602e-02 1.000000000000000000e+00
1.000000000000000000e+00 5.431372549019608531e-01 4.313725490196085310e-02 1.000000000000000000e+00
1.000000000000000000e+00 5.352941176470586981e-01 3.529411764705869814e-02 1.000000000000000000e+00
1.000000000000000000e+00 5.274509803921567652e-01 2.745098039215676522e-02 1.000000000000000000e+00
1.000000000000000000e+00 5.196078431372548323e-01 1.960784313725483230e-02 1.000000000000000000e+00
1.000000000000000000e+00 5.117647058823528994e-01 1.176470588235289938e-02 1.000000000000000000e+00
9.960784313725490335e-01 4.960784313725490335e-01 0.000000000000000000e+00 1.000000000000000000e+00
9.882352941176471006e-01 4.882352941176471006e-01 0.000000000000000000e+00 1.000000000000000000e+00
9.803921568627451677e-01 4.803921568627451677e-01 0.000000000000000000e+00 1.000000000000000000e+00
9.725490196078432348e-01 4.725490196078432348e-01 0.000000000000000000e+00 1.000000000000000000e+00
9.647058823529413019e-01 4.647058823529413019e-01 0.000000000000000000e+00 1.000000000000000000e+00
9.568627450980391469e-01 4.568627450980391469e-01 0.000000000000000000e+00 1.000000000000000000e+00
9.490196078431372140e-01 4.490196078431372140e-01 0.000000000000000000e+00 1.000000000000000000e+00
9.411764705882352811e-01 4.411764705882352811e-01 0.000000000000000000e+00 1.000000000000000000e+00
9.333333333333333481e-01 4.333333333333333481e-01 0.000000000000000000e+00 1.000000000000000000e+00
9.254901960784314152e-01 4.254901960784314152e-01 0.000000000000000000e+00 1.000000000000000000e+00
9.176470588235294823e-01 4.176470588235294823e-01 0.000000000000000000e+00 1.000000000000000000e+00
9.098039215686275494e-01 4.098039215686275494e-01 0.000000000000000000e+00 1.000000000000000000e+00
9.019607843137253944e-01 4.019607843137253944e-01 0.000000000000000000e+00 1.000000000000000000e+00
8.941176470588234615e-01 3.941176470588234615e-01 0.000000000000000000e+00 1.000000000000000000e+00
8.862745098039215286e-01 3.862745098039215286e-01 0.000000000000000000e+00 1.000000000000000000e+00
8.784313725490195957e-01 3.784313725490195957e-01 0.000000000000000000e+00 1.000000000000000000e+00
8.705882352941176627e-01 3.705882352941176627e-01 0.000000000000000000e+00 1.000000000000000000e+00
8.627450980392157298e-01 3.627450980392157298e-01 0.000000000000000000e+00 1.000000000000000000e+00
8.549019607843137969e-01 3.549019607843137969e-01 0.000000000000000000e+00 1.000000000000000000e+00
8.470588235294118640e-01 3.470588235294118640e-01 0.000000000000000000e+00 1.000000000000000000e+00
8.392156862745099311e-01 3.392156862745099311e-01 0.000000000000000000e+00 1.000000000000000000e+00
8.313725490196077761e-01 3.313725490196077761e-01 0.000000000000000000e+00 1.000000000000000000e+00
8.235294117647058432e-01 3.235294117647058432e-01 0.000000000000000000e+00 1.000000000000000000e+00
8.156862745098039102e-01 3.156862745098039102e-01 0.000000000000000000e+00 1.000000000000000000e+00
8.078431372549019773e-01 3.078431372549019773e-01 0.000000000000000000e+00 1.000000000000000000e+00
8.000000000000000444e-01 3.000000000000000444e-01 0.000000000000000000e+00 1.000000000000000000e+00
7.921568627450981115e-01 2.921568627450981115e-01 0.000000000000000000e+00 1.000000000000000000e+00
7.843137254901961786e-01 2.843137254901961786e-01 0.000000000000000000e+00 1.000000000000000000e+00
7.764705882352940236e-01 2.764705882352940236e-01 0.000000000000000000e+00 1.000000000000000000e+00
7.686274509803920907e-01 2.686274509803920907e-01 0.000000000000000000e+00 1.000000000000000000e+00
7.607843137254901578e-01 2.607843137254901578e-01 0.000000000000000000e+00 1.000000000000000000e+00
7.529411764705882248e-01 2.529411764705882248e-01 0.000000000000000000e+00 1.000000000000000000e+00
7.450980392156862919e-01 2.450980392156862919e-01 0.000000000000000000e+00 1.000000000000000000e+00
7.372549019607843590e-01 2.372549019607843590e-01 0.000000000000000000e+00 1.000000000000000000e+00
7.294117647058824261e-01 2.294117647058824261e-01 0.000000000000000000e+00 1.000000000000000000e+00
7.215686274509804932e-01 2.215686274509804932e-01 0.000000000000000000e+00 1.000000000000000000e+00
7.137254901960785602e-01 2.137254901960785602e-01 0.000000000000000000e+00 1.000000000000000000e+00
7.058823529411764053e-01 2.058823529411764053e-01 0.000000000000000000e+00 1.000000000000000000e+00
6.980392156862744724e-01 1.980392156862744724e-01 0.000000000000000000e+00 1.000000000000000000e+00
6.901960784313725394e-01 1.901960784313725394e-01 0.000000000000000000e+00 1.000000000000000000e+00
6.823529411764706065e-01 1.823529411764706065e-01 0.000000000000000000e+00 1.000000000000000000e+00
6.745098039215686736e-01 1.745098039215686736e-01 0.000000000000000000e+00 1.000000000000000000e+00
6.666666666666667407e-01 1.666666666666667407e-01 0.000000000000000000e+00 1.000000000000000000e+00
6.588235294117648078e-01 1.588235294117648078e-01 0.000000000000000000e+00 1.000000000000000000e+00
6.509803921568626528e-01 1.509803921568626528e-01 0.000000000000000000e+00 1.000000000000000000e+00
6.431372549019607199e-01 1.431372549019607199e-01 0.000000000000000000e+00 1.000000000000000000e+00
6.352941176470587870e-01 1.352941176470587870e-01 0.000000000000000000e+00 1.000000000000000000e+00
6.274509803921568540e-01 1.274509803921568540e-01 0.000000000000000000e+00 1.000000000000000000e+00
6.196078431372549211e-01 1.196078431372549211e-01 0.000000000000000000e+00 1.000000000000000000e+00
6.117647058823529882e-01 1.117647058823529882e-01 0.000000000000000000e+00 1.000000000000000000e+00
6.039215686274510553e-01 1.039215686274510553e-01 0.000000000000000000e+00 1.000000000000000000e+00
5.960784313725491224e-01 9.607843137254912236e-02 0.000000000000000000e+00 1.000000000000000000e+00
5.882352941176471894e-01 8.823529411764718944e-02 0.000000000000000000e+00 1.000000000000000000e+00
5.803921568627450345e-01 8.039215686274503447e-02 0.000000000000000000e+00 1.000000000000000000e+00
5.725490196078431016e-01 7.254901960784310155e-02 0.000000000000000000e+00 1.000000000000000000e+00
5.647058823529411686e-01 6.470588235294116863e-02 0.000000000000000000e+00 1.000000000000000000e+00
5.568627450980392357e-01 5.686274509803923571e-02 0.000000000000000000e+00 1.000000000000000000e+00
5.490196078431373028e-01 4.901960784313730279e-02 0.000000000000000000e+00 1.000000000000000000e+00
5.411764705882353699e-01 4.117647058823536987e-02 0.000000000000000000e+00 1.000000000000000000e+00
5.333333333333334370e-01 3.333333333333343695e-02 0.000000000000000000e+00 1.000000000000000000e+00
5.254901960784312820e-01 2.549019607843128199e-02 0.000000000000000000e+00 1.000000000000000000e+00
5.176470588235293491e-01 1.764705882352934907e-02 0.000000000000000000e+00 1.000000000000000000e+00
5.098039215686274161e-01 9.803921568627416150e-03 0.000000000000000000e+00 1.000000000000000000e+00
5.019607843137254832e-01 1.960784313725483230e-03 0.000000000000000000e+00 1.000000000000000000e+00
4.941176470588235503e-01 0.000000000000000000e+00 0.000000000000000000e+00 1.000000000000000000e+00
4.862745098039216174e-01 0.000000000000000000e+00 0.000000000000000000e+00 1.000000000000000000e+00
4.784313725490196845e-01 0.000000000000000000e+00 0.000000000000000000e+00 1.000000000000000000e+00
4.705882352941177516e-01 0.000000000000000000e+00 0.000000000000000000e+00 1.000000000000000000e+00
4.627450980392158186e-01 0.000000000000000000e+00 0.000000000000000000e+00 1.000000000000000000e+00
4.549019607843136637e-01 0.000000000000000000e+00 0.000000000000000000e+00 1.000000000000000000e+00
4.470588235294117307e-01 0.000000000000000000e+00 0.000000000000000000e+00 1.000000000000000000e+00
4.392156862745097978e-01 0.000000000000000000e+00 0.000000000000000000e+00 1.000000000000000000e+00
4.313725490196078649e-01 0.000000000000000000e+00 0.000000000000000000e+00 1.000000000000000000e+00
4.235294117647059320e-01 0.000000000000000000e+00 0.000000000000000000e+00 1.000000000000000000e+00
4.156862745098039991e-01 0.000000000000000000e+00 0.000000000000000000e+00 1.000000000000000000e+00
4.078431372549020661e-01 0.000000000000000000e+00 0.000000000000000000e+00 1.000000000000000000e+00
3.999999999999999112e-01 0.000000000000000000e+00 0.000000000000000000e+00 1.000000000000000000e+00
3.921568627450979783e-01 0.000000000000000000e+00 0.000000000000000000e+00 1.000000000000000000e+00
3.843137254901960453e-01 0.000000000000000000e+00 0.000000000000000000e+00 1.000000000000000000e+00
3.764705882352941124e-01 0.000000000000000000e+00 0.000000000000000000e+00 1.000000000000000000e+00
3.686274509803921795e-01 0.000000000000000000e+00 0.000000000000000000e+00 1.000000000000000000e+00
3.607843137254902466e-01 0.000000000000000000e+00 0.000000000000000000e+00 1.000000000000000000e+00
3.529411764705883137e-01 0.000000000000000000e+00 0.000000000000000000e+00 1.000000000000000000e+00
3.450980392156863807e-01 0.000000000000000000e+00 0.000000000000000000e+00 1.000000000000000000e+00
3.372549019607844478e-01 0.000000000000000000e+00 0.000000000000000000e+00 1.000000000000000000e+00
3.294117647058822929e-01 0.000000000000000000e+00 0.000000000000000000e+00 1.000000000000000000e+00
3.215686274509803599e-01 0.000000000000000000e+00 0.000000000000000000e+00 1.000000000000000000e+00
3.137254901960784270e-01 0.000000000000000000e+00 0.000000000000000000e+00 1.000000000000000000e+00
3.058823529411764941e-01 0.000000000000000000e+00 0.000000000000000000e+00 1.000000000000000000e+00
2.980392156862745612e-01 0.000000000000000000e+00 0.000000000000000000e+00 1.000000000000000000e+00
2.901960784313726283e-01 0.000000000000000000e+00 0.000000000000000000e+00 1.000000000000000000e+00
2.823529411764706953e-01 0.000000000000000000e+00 0.000000000000000000e+00 1.000000000000000000e+00
2.745098039215685404e-01 0.000000000000000000e+00 0.000000000000000000e+00 1.000000000000000000e+00
2.666666666666666075e-01 0.000000000000000000e+00 0.000000000000000000e+00 1.000000000000000000e+00
2.588235294117646745e-01 0.000000000000000000e+00 0.000000000000000000e+00 1.000000000000000000e+00
2.509803921568627416e-01 0.000000000000000000e+00 0.000000000000000000e+00 1.000000000000000000e+00
2.431372549019608087e-01 0.000000000000000000e+00 0.000000000000000000e+00 1.000000000000000000e+00
2.352941176470588758e-01 0.000000000000000000e+00 0.000000000000000000e+00 1.000000000000000000e+00
2.274509803921569429e-01 0.000000000000000000e+00 0.000000000000000000e+00 1.000000000000000000e+00
2.196078431372550099e-01 0.000000000000000000e+00 0.000000000000000000e+00 1.000000000000000000e+00
2.117647058823530770e-01 0.000000000000000000e+00 0.000000000000000000e+00 1.000000000000000000e+00
2.039215686274509221e-01 0.000000000000000000e+00 0.000000000000000000e+00 1.000000000000000000e+00
1.960784313725489891e-01 0.000000000000000000e+00 0.000000000000000000e+00 1.000000000000000000e+00
1.882352941176470562e-01 0.000000000000000000e+00 0.000000000000000000e+00 1.000000000000000000e+00
1.803921568627451233e-01 0.000000000000000000e+00 0.000000000000000000e+00 1.000000000000000000e+00
1.725490196078431904e-01 0.000000000000000000e+00 0.000000000000000000e+00 1.000000000000000000e+00
1.647058823529412575e-01 0.000000000000000000e+00 0.000000000000000000e+00 1.000000000000000000e+00
1.568627450980393245e-01 0.000000000000000000e+00 0.000000000000000000e+00 1.000000000000000000e+00
1.490196078431371696e-01 0.000000000000000000e+00 0.000000000000000000e+00 1.000000000000000000e+00
1.411764705882352366e-01 0.000000000000000000e+00 0.000000000000000000e+00 1.000000000000000000e+00
1.333333333333333037e-01 0.000000000000000000e+00 0.000000000000000000e+00 1.000000000000000000e+00
1.254901960784313708e-01 0.000000000000000000e+00 0.000000000000000000e+00 1.000000000000000000e+00
1.176470588235294379e-01 0.000000000000000000e+00 0.000000000000000000e+00 1.000000000000000000e+00
1.098039215686275050e-01 0.000000000000000000e+00 0.000000000000000000e+00 1.000000000000000000e+00
1.019607843137255720e-01 0.000000000000000000e+00 0.000000000000000000e+00 1.000000000000000000e+00
9.411764705882363913e-02 0.000000000000000000e+00 0.000000000000000000e+00 1.000000000000000000e+00
8.627450980392170621e-02 0.000000000000000000e+00 0.000000000000000000e+00 1.000000000000000000e+00
7.843137254901955124e-02 0.000000000000000000e+00 0.000000000000000000e+00 1.000000000000000000e+00
7.058823529411761832e-02 0.000000000000000000e+00 0.000000000000000000e+00 1.000000000000000000e+00
6.274509803921568540e-02 0.000000000000000000e+00 0.000000000000000000e+00 1.000000000000000000e+00
5.490196078431375248e-02 0.000000000000000000e+00 0.000000000000000000e+00 1.000000000000000000e+00
4.705882352941181956e-02 0.000000000000000000e+00 0.000000000000000000e+00 1.000000000000000000e+00
3.921568627450988664e-02 0.000000000000000000e+00 0.000000000000000000e+00 1.000000000000000000e+00
3.137254901960795372e-02 0.000000000000000000e+00 0.000000000000000000e+00 1.000000000000000000e+00
2.352941176470579876e-02 0.000000000000000000e+00 0.000000000000000000e+00 1.000000000000000000e+00
1.568627450980386584e-02 0.000000000000000000e+00 0.000000000000000000e+00 1.000000000000000000e+00
7.843137254901932920e-03 0.000000000000000000e+00 0.000000000000000000e+00 1.000000000000000000e+00
0.000000000000000000e+00 0.000000000000000000e+00 0.000000000000000000e+00 1.000000000000000000e+00
