3.137254901960784270e-02 1.882352941176470562e-01 4.196078431372549100e-01 1.000000000000000000e+00
3.137254901960784270e-02 1.922952710495963169e-01 4.256362937331795715e-01 1.000000000000000000e+00
3.137254901960784270e-02 1.963552479815455498e-01 4.316647443291041775e-01 1.000000000000000000e+00
3.137254901960784270e-02 2.004152249134948105e-01 4.376931949250288389e-01 1.000000000000000000e+00
3.137254901960784270e-02 2.044752018454440434e-01 4.437216455209535004e-01 1.000000000000000000e+00
3.137254901960784270e-02 2.085351787773933041e-01 4.497500961168781619e-01 1.000000000000000000e+00
3.137254901960784270e-02 2.125951557093425648e-01 4.557785467128027679e-01 1.000000000000000000e+00
3.137254901960784270e-02 2.166551326412917977e-01 4.618069973087274294e-01 1.000000000000000000e+00
3.137254901960784270e-02 2.207151095732410584e-01 4.678354479046520908e-01 1.000000000000000000e+00
3.137254901960784270e-02 2.247750865051902913e-01 4.738638985005766968e-01 1.000000000000000000e+00
3.137254901960784270e-02 2.288350634371395520e-01 4.798923490965013583e-01 1.000000000000000000e+00
3.137254901960784270e-02 2.328950403690888127e-01 4.859207996924260198e-01 1.000000000000000000e+00
3.137254901960784270e-02 2.369550173010380456e-01 4.919492502883506813e-01 1.000000000000000000e+00
3.137254901960784270e-02 2.410149942329873063e-01 4.979777008842752872e-01 1.000000000000000000e+00
3.137254901960784270e-02 2.450749711649365392e-01 5.040061514801998932e-01 1.000000000000000000e+00
3.137254901960784270e-02 2.491349480968857999e-01 5.100346020761246102e-01 1.000000000000000000e+00
3.137254901960784270e-02 2.531949250288350606e-01 5.160630526720492162e-01 1.000000000000000000e+00
3.137254901960784270e-02 2.572549019607843213e-01 5.220915032679738221e-01 1.000000000000000000e+00
3.137254901960784270e-02 2.613148788927335264e-01 5.281199538638985391e-01 1.000000000000000000e+00
3.137254901960784270e-02 2.653748558246827871e-01 5.341484044598231451e-01 1.000000000000000000e+00
3.137254901960784270e-02 2.694348327566320478e-01 5.401768550557478621e-01 1.000000000000000000e+00
3.137254901960784270e-02 2.734948096885813085e-01 5.462053056516724681e-01 1.000000000000000000e+00
3.137254901960784270e-02 2.775547866205305692e-01 5.522337562475970740e-01 1.000000000000000000e+00
3.137254901960784270e-02 2.816147635524798298e-01 5.582622068435217910e-01 1.000000000000000000e+00
3.137254901960784270e-02 2.856747404844290350e-01 5.642906574394463970e-01 1.000000000000000000e+00
3.137254901960784270e-02 2.897347174163782957e-01 5.703191080353711140e-01 1.000000000000000000e+00
3.137254901960784270e-02 2.937946943483275564e-01 5.763475586312957200e-01 1.000000000000000000e+00
3.137254901960784270e-02 2.978546712802768170e-01 5.823760092272203259e-01 1.000000000000000000e+00
3.137254901960784270e-02 3.019146482122260222e-01 5.884044598231450429e-01 1.000000000000000000e+00
3.137254901960784270e-02 3.059746251441752829e-01 5.944329104190696489e-01 1.000000000000000000e+00
3.137254901960784270e-02 3.100346020761245436e-01 6.004613610149942549e-01 1.000000000000000000e+00
3.137254901960784270e-02 3.140945790080738043e-01 6.064898116109189719e-01 1.000000000000000000e+00
3.175701653210303427e-02 3.181391772395232298e-01 6.121491733948482006e-01 1.000000000000000000e+00
3.483275663206456679e-02 3.220761245674739759e-01 6.152249134948096776e-01 1.000000000000000000e+00
3.790849673202614789e-02 3.260130718954248330e-01 6.183006535947712656e-01 1.000000000000000000e+00
4.098423683198769429e-02 3.299500192233756346e-01 6.213763936947328537e-01 1.000000000000000000e+00
4.405997693194925457e-02 3.338869665513263807e-01 6.244521337946944417e-01 1.000000000000000000e+00
4.713571703191078710e-02 3.378239138792771268e-01 6.275278738946559187e-01 1.000000000000000000e+00
5.021145713187236126e-02 3.417608612072279839e-01 6.306036139946175068e-01 1.000000000000000000e+00
5.328719723183391460e-02 3.456978085351787855e-01 6.336793540945790948e-01 1.000000000000000000e+00
5.636293733179546794e-02 3.496347558631295316e-01 6.367550941945405718e-01 1.000000000000000000e+00
5.943867743175700047e-02 3.535717031910803332e-01 6.398308342945021598e-01 1.000000000000000000e+00
6.251441753171857463e-02 3.575086505190311348e-01 6.429065743944637479e-01 1.000000000000000000e+00
6.559015763168013491e-02 3.614455978469819364e-01 6.459823144944252249e-01 1.000000000000000000e+00
6.866589773164168131e-02 3.653825451749326825e-01 6.490580545943868129e-01 1.000000000000000000e+00
7.174163783160321384e-02 3.693194925028834286e-01 6.521337946943484010e-01 1.000000000000000000e+00
7.481737793156478800e-02 3.732564398308342857e-01 6.552095347943098780e-01 1.000000000000000000e+00
7.789311803152634828e-02 3.771933871587850318e-01 6.582852748942714660e-01 1.000000000000000000e+00
8.096885813148789468e-02 3.811303344867358334e-01 6.613610149942330541e-01 1.000000000000000000e+00
8.404459823144942721e-02 3.850672818146866350e-01 6.644367550941945311e-01 1.000000000000000000e+00
8.712033833141100136e-02 3.890042291426374366e-01 6.675124951941561191e-01 1.000000000000000000e+00
9.019607843137256165e-02 3.929411764705882382e-01 6.705882352941177071e-01 1.000000000000000000e+00
9.327181853133410805e-02 3.968781237985389843e-01 6.736639753940791842e-01 1.000000000000000000e+00
9.634755863129564057e-02 4.008150711264897303e-01 6.767397154940407722e-01 1.000000000000000000e+00
9.942329873125721473e-02 4.047520184544405875e-01 6.798154555940023602e-01 1.000000000000000000e+00
1.024990388312187750e-01 4.086889657823913335e-01 6.828911956939638372e-01 1.000000000000000000e+00
1.055747789311803214e-01 4.126259131103421351e-01 6.859669357939254253e-01 1.000000000000000000e+00
1.086505190311418539e-01 4.165628604382929367e-01 6.890426758938870133e-01 1.000000000000000000e+00
1.117262591311034281e-01 4.204998077662437383e-01 6.921184159938484903e-01 1.000000000000000000e+00
1.148019992310649884e-01 4.244367550941945400e-01 6.951941560938100784e-01 1.000000000000000000e+00
1.178777393310265348e-01 4.283737024221452860e-01 6.982698961937716664e-01 1.000000000000000000e+00
1.209534794309880673e-01 4.323106497500960321e-01 7.013456362937331434e-01 1.000000000000000000e+00
1.240292195309496415e-01 4.362475970780468892e-01 7.044213763936947315e-01 1.000000000000000000e+00
1.271049596309112018e-01 4.401845444059976353e-01 7.074971164936563195e-01 1.000000000000000000e+00
1.304267589388696802e-01 4.441522491349480517e-01 7.103267973856209894e-01 1.000000000000000000e+00
1.344867358708189409e-01 4.482122260668973124e-01 7.124183006535947937e-01 1.000000000000000000e+00
1.385467128027681183e-01 4.522722029988465176e-01 7.145098039215685981e-01 1.000000000000000000e+00
1.426066897347174345e-01 4.563321799307958337e-01 7.166013071895425135e-01 1.000000000000000000e+00
1.466666666666666674e-01 4.603921568627450944e-01 7.186928104575163179e-01 1.000000000000000000e+00
1.507266435986159281e-01 4.644521337946942996e-01 7.207843137254902333e-01 1.000000000000000000e+00
1.547866205305651888e-01 4.685121107266435603e-01 7.228758169934640376e-01 1.000000000000000000e+00
1.588465974625144217e-01 4.725720876585928210e-01 7.249673202614379530e-01 1.000000000000000000e+00
1.629065743944636824e-01 4.766320645905420816e-01 7.270588235294117574e-01 1.000000000000000000e+00
1.669665513264129431e-01 4.806920415224913423e-01 7.291503267973856728e-01 1.000000000000000000e+00
1.710265282583621205e-01 4.847520184544404920e-01 7.312418300653594772e-01 1.000000000000000000e+00
1.750865051903114367e-01 4.888119953863898082e-01 7.333333333333333925e-01 1.000000000000000000e+00
1.791464821222606973e-01 4.928719723183390689e-01 7.354248366013071969e-01 1.000000000000000000e+00
1.832064590542099303e-01 4.969319492502883295e-01 7.375163398692811123e-01 1.000000000000000000e+00
1.872664359861591910e-01 5.009919261822375347e-01 7.396078431372549167e-01 1.000000000000000000e+00
1.913264129181084239e-01 5.050519031141867954e-01 7.416993464052288321e-01 1.000000000000000000e+00
1.953863898500576846e-01 5.091118800461360561e-01 7.437908496732026364e-01 1.000000000000000000e+00
1.994463667820069452e-01 5.131718569780853167e-01 7.458823529411764408e-01 1.000000000000000000e+00
2.035063437139561227e-01 5.172318339100344664e-01 7.479738562091503562e-01 1.000000000000000000e+00
2.075663206459054388e-01 5.212918108419838381e-01 7.500653594771241606e-01 1.000000000000000000e+00
2.116262975778546718e-01 5.253517877739330988e-01 7.521568627450980760e-01 1.000000000000000000e+00
2.156862745098039325e-01 5.294117647058823595e-01 7.542483660130718803e-01 1.000000000000000000e+00
2.197462514417531931e-01 5.334717416378316202e-01 7.563398692810457957e-01 1.000000000000000000e+00
2.238062283737024538e-01 5.375317185697807698e-01 7.584313725490196001e-01 1.000000000000000000e+00
2.278662053056516867e-01 5.415916955017300305e-01 7.605228758169935155e-01 1.000000000000000000e+00
2.319261822376009197e-01 5.456516724336792912e-01 7.626143790849673199e-01 1.000000000000000000e+00
2.359861591695501248e-01 5.497116493656285519e-01 7.647058823529411242e-01 1.000000000000000000e+00
2.400461361014994410e-01 5.537716262975778125e-01 7.667973856209150396e-01 1.000000000000000000e+00
2.441061130334487017e-01 5.578316032295270732e-01 7.688888888888889550e-01 1.000000000000000000e+00
2.481660899653979624e-01 5.618915801614763339e-01 7.709803921568627594e-01 1.000000000000000000e+00
2.522260668973471676e-01 5.659515570934255946e-01 7.730718954248365637e-01 1.000000000000000000e+00
2.562860438292964282e-01 5.700115340253748553e-01 7.751633986928104791e-01 1.000000000000000000e+00
2.607151095732410662e-01 5.738408304498269219e-01 7.772087658592848891e-01 1.000000000000000000e+00
2.657593233371780550e-01 5.772856593617838872e-01 7.791772395232603454e-01 1.000000000000000000e+00
2.708035371011149328e-01 5.807304882737407414e-01 7.811457131872356907e-01 1.000000000000000000e+00
2.758477508650519217e-01 5.841753171856978177e-01 7.831141868512110360e-01 1.000000000000000000e+00
2.808919646289888550e-01 5.876201460976546720e-01 7.850826605151864923e-01 1.000000000000000000e+00
2.859361783929258438e-01 5.910649750096116373e-01 7.870511341791618376e-01 1.000000000000000000e+00
2.909803921568627771e-01 5.945098039215686025e-01 7.890196078431372939e-01 1.000000000000000000e+00
2.960246059207997105e-01 5.979546328335255678e-01 7.909880815071126392e-01 1.000000000000000000e+00
3.010688196847366438e-01 6.013994617454825331e-01 7.929565551710880955e-01 1.000000000000000000e+00
3.061130334486735771e-01 6.048442906574393874e-01 7.949250288350634408e-01 1.000000000000000000e+00
3.111572472126105104e-01 6.082891195693963526e-01 7.968935024990387861e-01 1.000000000000000000e+00
3.162014609765474993e-01 6.117339484813533179e-01 7.988619761630142424e-01 1.000000000000000000e+00
3.212456747404844326e-01 6.151787773933102832e-01 8.008304498269895877e-01 1.000000000000000000e+00
3.262898885044214214e-01 6.186236063052672485e-01 8.027989234909650440e-01 1.000000000000000000e+00
3.313341022683583548e-01 6.220684352172241027e-01 8.047673971549403893e-01 1.000000000000000000e+00
3.363783160322952881e-01 6.255132641291810680e-01 8.067358708189158456e-01 1.000000000000000000e+00
3.414225297962322214e-01 6.289580930411380333e-01 8.087043444828911909e-01 1.000000000000000000e+00
3.464667435601691547e-01 6.324029219530949986e-01 8.106728181468666472e-01 1.000000000000000000e+00
3.515109573241060326e-01 6.358477508650518528e-01 8.126412918108419925e-01 1.000000000000000000e+00
3.565551710880430769e-01 6.392925797770088181e-01 8.146097654748174488e-01 1.000000000000000000e+00
3.615993848519800102e-01 6.427374086889657834e-01 8.165782391387927941e-01 1.000000000000000000e+00
3.666435986159169436e-01 6.461822376009227487e-01 8.185467128027681394e-01 1.000000000000000000e+00
3.716878123798539324e-01 6.496270665128796029e-01 8.205151864667435957e-01 1.000000000000000000e+00
3.767320261437908657e-01 6.530718954248365682e-01 8.224836601307189410e-01 1.000000000000000000e+00
3.817762399077277991e-01 6.565167243367935335e-01 8.244521337946943973e-01 1.000000000000000000e+00
3.868204536716647324e-01 6.599615532487504987e-01 8.264206074586697426e-01 1.000000000000000000e+00
3.918646674356016102e-01 6.634063821607073530e-01 8.283890811226450879e-01 1.000000000000000000e+00
3.969088811995386545e-01 6.668512110726643183e-01 8.303575547866205442e-01 1.000000000000000000e+00
4.019530949634755879e-01 6.702960399846212836e-01 8.323260284505958895e-01 1.000000000000000000e+00
4.069973087274125212e-01 6.737408688965782488e-01 8.342945021145713458e-01 1.000000000000000000e+00
4.120415224913495100e-01 6.771856978085352141e-01 8.362629757785466911e-01 1.000000000000000000e+00
4.227450980392156721e-01 6.840753556324490336e-01 8.398923490965013450e-01 1.000000000000000000e+00
4.290196078431372517e-01 6.875201845444059989e-01 8.412456747404843949e-01 1.000000000000000000e+00
4.352941176470588314e-01 6.909650134563629642e-01 8.425990003844675558e-01 1.000000000000000000e+00
4.415686274509804110e-01 6.944098423683199295e-01 8.439523260284506057e-01 1.000000000000000000e+00
4.478431372549017686e-01 6.978546712802767837e-01 8.453056516724336555e-01 1.000000000000000000e+00
4.541176470588235148e-01 7.012995001922337490e-01 8.466589773164168164e-01 1.000000000000000000e+00
4.603921568627450944e-01 7.047443291041907143e-01 8.480123029603998663e-01 1.000000000000000000e+00
4.666666666666666741e-01 7.081891580161476796e-01 8.493656286043829162e-01 1.000000000000000000e+00
4.729411764705882537e-01 7.116339869281045338e-01 8.507189542483659661e-01 1.000000000000000000e+00
4.792156862745098334e-01 7.150788158400614991e-01 8.520722798923491270e-01 1.000000000000000000e+00
4.854901960784313575e-01 7.185236447520184644e-01 8.534256055363321769e-01 1.000000000000000000e+00
4.917647058823529371e-01 7.219684736639754297e-01 8.547789311803152268e-01 1.000000000000000000e+00
4.980392156862745168e-01 7.254133025759322839e-01 8.561322568242983877e-01 1.000000000000000000e+00
5.043137254901961519e-01 7.288581314878892492e-01 8.574855824682814376e-01 1.000000000000000000e+00
5.105882352941176761e-01 7.323029603998462145e-01 8.588389081122644875e-01 1.000000000000000000e+00
5.168627450980392002e-01 7.357477893118031798e-01 8.601922337562475374e-01 1.000000000000000000e+00
5.231372549019608353e-01 7.391926182237600340e-01 8.615455594002306983e-01 1.000000000000000000e+00
5.294117647058823595e-01 7.426374471357169993e-01 8.628988850442137482e-01 1.000000000000000000e+00
5.356862745098038836e-01 7.460822760476739646e-01 8.642522106881967980e-01 1.000000000000000000e+00
5.419607843137255188e-01 7.495271049596309298e-01 8.656055363321799589e-01 1.000000000000000000e+00
5.482352941176469319e-01 7.529719338715877841e-01 8.669588619761630088e-01 1.000000000000000000e+00
5.545098039215686780e-01 7.564167627835447494e-01 8.683121876201460587e-01 1.000000000000000000e+00
5.607843137254902022e-01 7.598615916955017147e-01 8.696655132641292196e-01 1.000000000000000000e+00
5.670588235294118373e-01 7.633064206074586799e-01 8.710188389081122695e-01 1.000000000000000000e+00
5.733333333333333615e-01 7.667512495194155342e-01 8.723721645520953194e-01 1.000000000000000000e+00
5.796078431372548856e-01 7.701960784313724995e-01 8.737254901960783693e-01 1.000000000000000000e+00
5.858823529411765207e-01 7.736409073433294648e-01 8.750788158400615302e-01 1.000000000000000000e+00
5.921568627450980449e-01 7.770857362552864300e-01 8.764321414840445801e-01 1.000000000000000000e+00
5.984313725490195690e-01 7.805305651672433953e-01 8.777854671280276300e-01 1.000000000000000000e+00
6.047058823529412042e-01 7.839753940792002496e-01 8.791387927720107909e-01 1.000000000000000000e+00
6.109803921568628393e-01 7.874202229911572148e-01 8.804921184159938408e-01 1.000000000000000000e+00
6.172549019607843634e-01 7.908650519031141801e-01 8.818454440599768906e-01 1.000000000000000000e+00
6.226835832372165092e-01 7.934640522875816560e-01 8.834294502114571346e-01 1.000000000000000000e+00
6.276047673971549834e-01 7.955555555555555713e-01 8.851518646674355617e-01 1.000000000000000000e+00
6.325259515570934576e-01 7.976470588235293757e-01 8.868742791234140999e-01 1.000000000000000000e+00
6.374471357170319319e-01 7.997385620915031801e-01 8.885966935793925270e-01 1.000000000000000000e+00
6.423683198769702951e-01 8.018300653594769845e-01 8.903191080353709541e-01 1.000000000000000000e+00
6.472895040369088804e-01 8.039215686274508998e-01 8.920415224913494923e-01 1.000000000000000000e+00
6.522106881968473546e-01 8.060130718954248152e-01 8.937639369473279194e-01 1.000000000000000000e+00
6.571318723567858289e-01 8.081045751633986196e-01 8.954863514033064575e-01 1.000000000000000000e+00
6.620530565167243031e-01 8.101960784313725350e-01 8.972087658592848847e-01 1.000000000000000000e+00
6.669742406766628884e-01 8.122875816993463394e-01 8.989311803152633118e-01 1.000000000000000000e+00
6.718954248366013626e-01 8.143790849673202548e-01 9.006535947712418499e-01 1.000000000000000000e+00
6.768166089965398369e-01 8.164705882352940591e-01 9.023760092272202771e-01 1.000000000000000000e+00
6.817377931564783111e-01 8.185620915032679745e-01 9.040984236831987042e-01 1.000000000000000000e+00
6.866589773164167854e-01 8.206535947712417789e-01 9.058208381391772424e-01 1.000000000000000000e+00
6.915801614763552596e-01 8.227450980392156943e-01 9.075432525951556695e-01 1.000000000000000000e+00
6.965013456362937339e-01 8.248366013071894987e-01 9.092656670511342076e-01 1.000000000000000000e+00
7.014225297962322081e-01 8.269281045751633030e-01 9.109880815071126348e-01 1.000000000000000000e+00
7.063437139561706823e-01 8.290196078431372184e-01 9.127104959630910619e-01 1.000000000000000000e+00
7.112648981161091566e-01 8.311111111111110228e-01 9.144329104190696000e-01 1.000000000000000000e+00
7.161860822760477419e-01 8.332026143790849382e-01 9.161553248750480272e-01 1.000000000000000000e+00
7.211072664359861051e-01 8.352941176470587425e-01 9.178777393310264543e-01 1.000000000000000000e+00
7.260284505959246903e-01 8.373856209150326579e-01 9.196001537870049924e-01 1.000000000000000000e+00
7.309496347558631646e-01 8.394771241830064623e-01 9.213225682429834196e-01 1.000000000000000000e+00
7.358708189158016388e-01 8.415686274509803777e-01 9.230449826989619577e-01 1.000000000000000000e+00
7.407920030757401131e-01 8.436601307189541821e-01 9.247673971549403849e-01 1.000000000000000000e+00
7.457131872356785873e-01 8.457516339869280975e-01 9.264898116109189230e-01 1.000000000000000000e+00
7.506343713956170616e-01 8.478431372549019018e-01 9.282122260668973501e-01 1.000000000000000000e+00
7.555555555555555358e-01 8.499346405228758172e-01 9.299346405228757773e-01 1.000000000000000000e+00
7.604767397154941211e-01 8.520261437908496216e-01 9.316570549788543154e-01 1.000000000000000000e+00
7.653979238754324843e-01 8.541176470588234260e-01 9.333794694348327425e-01 1.000000000000000000e+00
7.703191080353710696e-01 8.562091503267973414e-01 9.351018838908111697e-01 1.000000000000000000e+00
7.752402921953095438e-01 8.583006535947711457e-01 9.368242983467897078e-01 1.000000000000000000e+00
7.786851211072663981e-01 8.602998846597461613e-01 9.379930795847750691e-01 1.000000000000000000e+00
7.816378316032295270e-01 8.622683583237216176e-01 9.389773164167627417e-01 1.000000000000000000e+00
7.845905420991926560e-01 8.642368319876969629e-01 9.399615532487505254e-01 1.000000000000000000e+00
7.875432525951556739e-01 8.662053056516724192e-01 9.409457900807381980e-01 1.000000000000000000e+00
7.904959630911186919e-01 8.681737793156477645e-01 9.419300269127258707e-01 1.000000000000000000e+00
7.934486735870819318e-01 8.701422529796232208e-01 9.429142637447135433e-01 1.000000000000000000e+00
7.964013840830449498e-01 8.721107266435985661e-01 9.438985005767012160e-01 1.000000000000000000e+00
7.993540945790080787e-01 8.740792003075739114e-01 9.448827374086889996e-01 1.000000000000000000e+00
8.023068050749712077e-01 8.760476739715493677e-01 9.458669742406766723e-01 1.000000000000000000e+00
8.052595155709342256e-01 8.780161476355247130e-01 9.468512110726643449e-01 1.000000000000000000e+00
8.082122260668973546e-01 8.799846212995001693e-01 9.478354479046520176e-01 1.000000000000000000e+00
8.111649365628604835e-01 8.819530949634755146e-01 9.488196847366398012e-01 1.000000000000000000e+00
8.141176470588235015e-01 8.839215686274509709e-01 9.498039215686274739e-01 1.000000000000000000e+00
8.170703575547866304e-01 8.858900422914263162e-01 9.507881584006151465e-01 1.000000000000000000e+00
8.200230680507497594e-01 8.878585159554017725e-01 9.517723952326028192e-01 1.000000000000000000e+00
8.229757785467127773e-01 8.898269896193771178e-01 9.527566320645904918e-01 1.000000000000000000e+00
8.259284890426759063e-01 8.917954632833524631e-01 9.537408688965782755e-01 1.000000000000000000e+00
8.288811995386390352e-01 8.937639369473279194e-01 9.547251057285659481e-01 1.000000000000000000e+00
8.318339100346020532e-01 8.957324106113032647e-01 9.557093425605536208e-01 1.000000000000000000e+00
8.347866205305651821e-01 8.977008842752787210e-01 9.566935793925412934e-01 1.000000000000000000e+00
8.377393310265282000e-01 8.996693579392540663e-01 9.576778162245289661e-01 1.000000000000000000e+00
8.406920415224913290e-01 9.016378316032295226e-01 9.586620530565167497e-01 1.000000000000000000e+00
8.436447520184544580e-01 9.036063052672048679e-01 9.596462898885044224e-01 1.000000000000000000e+00
8.465974625144175869e-01 9.055747789311802132e-01 9.606305267204920950e-01 1.000000000000000000e+00
8.495501730103806048e-01 9.075432525951556695e-01 9.616147635524797677e-01 1.000000000000000000e+00
8.525028835063437338e-01 9.095117262591310148e-01 9.625990003844675513e-01 1.000000000000000000e+00
8.554555940023068628e-01 9.114801999231064711e-01 9.635832372164552240e-01 1.000000000000000000e+00
8.584083044982698807e-01 9.134486735870818164e-01 9.645674740484428966e-01 1.000000000000000000e+00
8.613610149942330096e-01 9.154171472510572727e-01 9.655517108804305693e-01 1.000000000000000000e+00
8.643137254901961386e-01 9.173856209150326180e-01 9.665359477124183529e-01 1.000000000000000000e+00
8.672664359861591565e-01 9.193540945790079633e-01 9.675201845444060256e-01 1.000000000000000000e+00
8.702191464821222855e-01 9.213225682429834196e-01 9.685044213763936982e-01 1.000000000000000000e+00
8.732795078815840384e-01 9.232910419069587649e-01 9.694886582083813709e-01 1.000000000000000000e+00
8.763552479815456264e-01 9.252595155709342212e-01 9.704728950403690435e-01 1.000000000000000000e+00
8.794309880815071034e-01 9.272279892349095665e-01 9.714571318723568272e-01 1.000000000000000000e+00
8.825067281814686915e-01 9.291964628988850228e-01 9.724413687043444998e-01 1.000000000000000000e+00
8.855824682814301685e-01 9.311649365628603681e-01 9.734256055363321725e-01 1.000000000000000000e+00
8.886582083813917565e-01 9.331334102268358244e-01 9.744098423683198451e-01 1.000000000000000000e+00
8.917339484813533446e-01 9.351018838908111697e-01 9.753940792003076288e-01 1.000000000000000000e+00
8.948096885813149326e-01 9.370703575547865150e-01 9.763783160322953014e-01 1.000000000000000000e+00
8.978854286812764096e-01 9.390388312187619713e-01 9.773625528642829741e-01 1.000000000000000000e+00
9.009611687812379976e-01 9.410073048827373166e-01 9.783467896962706467e-01 1.000000000000000000e+00
9.040369088811995857e-01 9.429757785467127729e-01 9.793310265282583194e-01 1.000000000000000000e+00
9.071126489811610627e-01 9.449442522106881182e-01 9.803152633602461030e-01 1.000000000000000000e+00
9.101883890811226507e-01 9.469127258746635745e-01 9.812995001922337757e-01 1.000000000000000000e+00
9.132641291810842388e-01 9.488811995386389198e-01 9.822837370242214483e-01 1.000000000000000000e+00
9.163398692810457158e-01 9.508496732026143761e-01 9.832679738562091210e-01 1.000000000000000000e+00
9.194156093810073038e-01 9.528181468665897214e-01 9.842522106881967936e-01 1.000000000000000000e+00
9.224913494809688919e-01 9.547866205305650666e-01 9.852364475201845773e-01 1.000000000000000000e+00
9.255670895809303689e-01 9.567550941945405230e-01 9.862206843521722499e-01 1.000000000000000000e+00
9.286428296808919569e-01 9.587235678585158682e-01 9.872049211841599226e-01 1.000000000000000000e+00
9.317185697808535449e-01 9.606920415224913246e-01 9.881891580161475952e-01 1.000000000000000000e+00
9.347943098808150220e-01 9.626605151864666698e-01 9.891733948481352678e-01 1.000000000000000000e+00
9.378700499807766100e-01 9.646289888504421262e-01 9.901576316801230515e-01 1.000000000000000000e+00
9.409457900807381980e-01 9.665974625144174714e-01 9.911418685121107242e-01 1.000000000000000000e+00
9.440215301806997861e-01 9.685659361783929278e-01 9.921261053440983968e-01 1.000000000000000000e+00
9.470972702806612631e-01 9.705344098423682730e-01 9.931103421760860694e-01 1.000000000000000000e+00
9.501730103806228511e-01 9.725028835063436183e-01 9.940945790080738531e-01 1.000000000000000000e+00
9.532487504805844392e-01 9.744713571703190746e-01 9.950788158400615258e-01 1.000000000000000000e+00
9.563244905805459162e-01 9.764398308342944199e-01 9.960630526720491984e-01 1.000000000000000000e+00
9.594002306805075042e-01 9.784083044982698762e-01 9.970472895040368710e-01 1.000000000000000000e+00
9.624759707804690922e-01 9.803767781622452215e-01 9.980315263360246547e-01 1.000000000000000000e+00
9.655517108804305693e-01 9.823452518262206778e-01 9.990157631680123274e-01 1.000000000000000000e+00
9.686274509803921573e-01 9.843137254901960231e-01 1.000000000000000000e+00 1.000000000000000000e+00
