0.000000000000000000e+00 0.000000000000000000e+00 0.000000000000000000e+00 1.000000000000000000e+00
3.431372549019607796e-03 3.431371206307267611e-03 4.774083546462063246e-03 1.000000000000000000e+00
6.862745098039215591e-03 6.862742412614535222e-03 9.548167092924126492e-03 1.000000000000000000e+00
1.029411764705882339e-02 1.029411361892180327e-02 1.432225063938618974e-02 1.000000000000000000e+00
1.372549019607843118e-02 1.372548482522907044e-02 1.909633418584825298e-02 1.000000000000000000e+00
1.715686274509804071e-02 1.715685603153633762e-02 2.387041773231031450e-02 1.000000000000000000e+00
2.058823529411764677e-02 2.058822723784360653e-02 2.864450127877237948e-02 1.000000000000000000e+00
2.401960784313725630e-02 2.401959844415087197e-02 3.341858482523443752e-02 1.000000000000000000e+00
2.745098039215686236e-02 2.745096965045814089e-02 3.819266837169650597e-02 1.000000000000000000e+00
3.088235294117647189e-02 3.088234085676540633e-02 4.296675191815856748e-02 1.000000000000000000e+00
3.431372549019608142e-02 3.431371206307267524e-02 4.774083546462062899e-02 1.000000000000000000e+00
3.774509803921568402e-02 3.774508326937994762e-02 5.251491901108269744e-02 1.000000000000000000e+00
4.117647058823529355e-02 4.117645447568721306e-02 5.728900255754475895e-02 1.000000000000000000e+00
4.460784313725490308e-02 4.460782568199447851e-02 6.206308610400681353e-02 1.000000000000000000e+00
4.803921568627451261e-02 4.803919688830174395e-02 6.683716965046887504e-02 1.000000000000000000e+00
5.147058823529411520e-02 5.147056809460901633e-02 7.161125319693094349e-02 1.000000000000000000e+00
5.490196078431372473e-02 5.490193930091628177e-02 7.638533674339301194e-02 1.000000000000000000e+00
5.833333333333333426e-02 5.833331050722355415e-02 8.115942028985508039e-02 1.000000000000000000e+00
6.176470588235294379e-02 6.176468171353081266e-02 8.593350383631713496e-02 1.000000000000000000e+00
6.519607843137255332e-02 6.519605291983808504e-02 9.070758738277918953e-02 1.000000000000000000e+00
6.862745098039216285e-02 6.862742412614535048e-02 9.548167092924125798e-02 1.000000000000000000e+00
7.205882352941175850e-02 7.205879533245262980e-02 1.002557544757033264e-01 1.000000000000000000e+00
7.549019607843136803e-02 7.549016653875989524e-02 1.050298380221653949e-01 1.000000000000000000e+00
7.892156862745097756e-02 7.892153774506714681e-02 1.098039215686274495e-01 1.000000000000000000e+00
8.235294117647058709e-02 8.235290895137442613e-02 1.145780051150895179e-01 1.000000000000000000e+00
8.578431372549018274e-02 8.578428015768167769e-02 1.193520886615515586e-01 1.000000000000000000e+00
8.921568627450980615e-02 8.921565136398895701e-02 1.241261722080136271e-01 1.000000000000000000e+00
9.264705882352940181e-02 9.264702257029622245e-02 1.289002557544756955e-01 1.000000000000000000e+00
9.607843137254902521e-02 9.607839377660348790e-02 1.336743393009377501e-01 1.000000000000000000e+00
9.950980392156862087e-02 9.950976498291076722e-02 1.384484228473998324e-01 1.000000000000000000e+00
1.029411764705882304e-01 1.029411361892180327e-01 1.432225063938618870e-01 1.000000000000000000e+00
1.063725490196078399e-01 1.063725073955252981e-01 1.479965899403239693e-01 1.000000000000000000e+00
1.098039215686274495e-01 1.098038786018325635e-01 1.527706734867860239e-01 1.000000000000000000e+00
1.132352941176470312e-01 1.132352498081398012e-01 1.575447570332480507e-01 1.000000000000000000e+00
1.166666666666666685e-01 1.166666210144471083e-01 1.623188405797101608e-01 1.000000000000000000e+00
1.200980392156862780e-01 1.200979922207543599e-01 1.670929241261721876e-01 1.000000000000000000e+00
1.235294117647058876e-01 1.235293634270616253e-01 1.718670076726342699e-01 1.000000000000000000e+00
1.269607843137254555e-01 1.269607346333688769e-01 1.766410912190962967e-01 1.000000000000000000e+00
1.303921568627451066e-01 1.303921058396761701e-01 1.814151747655583791e-01 1.000000000000000000e+00
1.338235294117647023e-01 1.338234770459834355e-01 1.861892583120204614e-01 1.000000000000000000e+00
1.372549019607843257e-01 1.372548482522907010e-01 1.909633418584825160e-01 1.000000000000000000e+00
1.406862745098038936e-01 1.406862194585979386e-01 1.957374254049445428e-01 1.000000000000000000e+00
1.441176470588235170e-01 1.441175906649052596e-01 2.005115089514066529e-01 1.000000000000000000e+00
1.475490196078431404e-01 1.475489618712125250e-01 2.052855924978687074e-01 1.000000000000000000e+00
1.509803921568627361e-01 1.509803330775197905e-01 2.100596760443307898e-01 1.000000000000000000e+00
1.544117647058823317e-01 1.544117042838270282e-01 2.148337595907927888e-01 1.000000000000000000e+00
1.578431372549019551e-01 1.578430754901342936e-01 2.196078431372548989e-01 1.000000000000000000e+00
1.612745098039215785e-01 1.612744466964415868e-01 2.243819266837169535e-01 1.000000000000000000e+00
1.647058823529411742e-01 1.647058179027488523e-01 2.291560102301790358e-01 1.000000000000000000e+00
1.681372549019607421e-01 1.681371891090560899e-01 2.339300937766410349e-01 1.000000000000000000e+00
1.715686274509803655e-01 1.715685603153633554e-01 2.387041773231031172e-01 1.000000000000000000e+00
1.750000000000000167e-01 1.749999315216706486e-01 2.434782608695652273e-01 1.000000000000000000e+00
1.784313725490196123e-01 1.784313027279779140e-01 2.482523444160272541e-01 1.000000000000000000e+00
1.818627450980391802e-01 1.818626739342851517e-01 2.530264279624893087e-01 1.000000000000000000e+00
1.852941176470588036e-01 1.852940451405924449e-01 2.578005115089513910e-01 1.000000000000000000e+00
1.887254901960784270e-01 1.887254163468997381e-01 2.625745950554134733e-01 1.000000000000000000e+00
1.921568627450980504e-01 1.921567875532069758e-01 2.673486786018755001e-01 1.000000000000000000e+00
1.955882352941176183e-01 1.955881587595142412e-01 2.721227621483375825e-01 1.000000000000000000e+00
1.990196078431372417e-01 1.990195299658215344e-01 2.768968456947996648e-01 1.000000000000000000e+00
2.024509803921568651e-01 2.024509011721287999e-01 2.816709292412617471e-01 1.000000000000000000e+00
2.058823529411764608e-01 2.058822723784360653e-01 2.864450127877237740e-01 1.000000000000000000e+00
2.093137254901960564e-01 2.093136435847433030e-01 2.912190963341858008e-01 1.000000000000000000e+00
2.127450980392156799e-01 2.127450147910505962e-01 2.959931798806479386e-01 1.000000000000000000e+00
2.161764705882352755e-01 2.161763859973578616e-01 3.007672634271099654e-01 1.000000000000000000e+00
2.196078431372548989e-01 2.196077572036651271e-01 3.055413469735720478e-01 1.000000000000000000e+00
2.230392156862744946e-01 2.230391284099723925e-01 3.103154305200340746e-01 1.000000000000000000e+00
2.264705882352940625e-01 2.264704996162796025e-01 3.150895140664961014e-01 1.000000000000000000e+00
2.299019607843137136e-01 2.299018708225869234e-01 3.198635976129582392e-01 1.000000000000000000e+00
2.333333333333333370e-01 2.333332420288942166e-01 3.246376811594203216e-01 1.000000000000000000e+00
2.367647058823529327e-01 2.367646132352014821e-01 3.294117647058823484e-01 1.000000000000000000e+00
2.401960784313725561e-01 2.401959844415087197e-01 3.341858482523443752e-01 1.000000000000000000e+00
2.436274509803921517e-01 2.436273556478160129e-01 3.389599317988064575e-01 1.000000000000000000e+00
2.470588235294117752e-01 2.470587268541232506e-01 3.437340153452685398e-01 1.000000000000000000e+00
2.504901960784313708e-01 2.504900980604305438e-01 3.485080988917306222e-01 1.000000000000000000e+00
2.539215686274509109e-01 2.539214692667377538e-01 3.532821824381925935e-01 1.000000000000000000e+00
2.573529411764706176e-01 2.573528404730450747e-01 3.580562659846547313e-01 1.000000000000000000e+00
2.607843137254902133e-01 2.607842116793523402e-01 3.628303495311167581e-01 1.000000000000000000e+00
2.642156862745098089e-01 2.642155828856596056e-01 3.676044330775788960e-01 1.000000000000000000e+00
2.676470588235294046e-01 2.676469540919668710e-01 3.723785166240409228e-01 1.000000000000000000e+00
2.710784313725490002e-01 2.710783252982741365e-01 3.771526001705029496e-01 1.000000000000000000e+00
2.745098039215686514e-01 2.745096965045814019e-01 3.819266837169650319e-01 1.000000000000000000e+00
2.779411764705882470e-01 2.779410677108886674e-01 3.867007672634270588e-01 1.000000000000000000e+00
2.813725490196077872e-01 2.813724389171958773e-01 3.914748508098890856e-01 1.000000000000000000e+00
2.848039215686274384e-01 2.848038101235031982e-01 3.962489343563512234e-01 1.000000000000000000e+00
2.882352941176470340e-01 2.882351813298105192e-01 4.010230179028133057e-01 1.000000000000000000e+00
2.916666666666666852e-01 2.916665525361177291e-01 4.057971014492753326e-01 1.000000000000000000e+00
2.950980392156862808e-01 2.950979237424250501e-01 4.105711849957374149e-01 1.000000000000000000e+00
2.985294117647058765e-01 2.985292949487322600e-01 4.153452685421994972e-01 1.000000000000000000e+00
3.019607843137254721e-01 3.019606661550395810e-01 4.201193520886615795e-01 1.000000000000000000e+00
3.053921568627450678e-01 3.053920373613468464e-01 4.248934356351236064e-01 1.000000000000000000e+00
3.088235294117646634e-01 3.088234085676540563e-01 4.296675191815855777e-01 1.000000000000000000e+00
3.122549019607843146e-01 3.122547797739613773e-01 4.344416027280477155e-01 1.000000000000000000e+00
3.156862745098039102e-01 3.156861509802685872e-01 4.392156862745097978e-01 1.000000000000000000e+00
3.191176470588235059e-01 3.191175221865759082e-01 4.439897698209718802e-01 1.000000000000000000e+00
3.225490196078431571e-01 3.237132293580758380e-01 4.475488953064440389e-01 1.000000000000000000e+00
3.259803921568627527e-01 3.284313658087511523e-01 4.509802686275219963e-01 1.000000000000000000e+00
3.294117647058823484e-01 3.331495022594264666e-01 4.544116419486000091e-01 1.000000000000000000e+00
3.328431372549019440e-01 3.378676387101017808e-01 4.578430152696779665e-01 1.000000000000000000e+00
3.362745098039214842e-01 3.425857751607770396e-01 4.612743885907559238e-01 1.000000000000000000e+00
3.397058823529411353e-01 3.473039116114524649e-01 4.647057619118339367e-01 1.000000000000000000e+00
3.431372549019607310e-01 3.520220480621277792e-01 4.681371352329119495e-01 1.000000000000000000e+00
3.465686274509803266e-01 3.567401845128030935e-01 4.715685085539899069e-01 1.000000000000000000e+00
3.500000000000000333e-01 3.614583209634784078e-01 4.749998818750679197e-01 1.000000000000000000e+00
3.534313725490196290e-01 3.661764574141537776e-01 4.784312551961459326e-01 1.000000000000000000e+00
3.568627450980392246e-01 3.708945938648290919e-01 4.818626285172238899e-01 1.000000000000000000e+00
3.602941176470588203e-01 3.756127303155044062e-01 4.852940018383018472e-01 1.000000000000000000e+00
3.637254901960783604e-01 3.803308667661796649e-01 4.887253751593798046e-01 1.000000000000000000e+00
3.671568627450980116e-01 3.850490032168550902e-01 4.921567484804578729e-01 1.000000000000000000e+00
3.705882352941176072e-01 3.897671396675304045e-01 4.955881218015358303e-01 1.000000000000000000e+00
3.740196078431372029e-01 3.944852761182057188e-01 4.990194951226138431e-01 1.000000000000000000e+00
3.774509803921568540e-01 3.992034125688810331e-01 5.024508684436918005e-01 1.000000000000000000e+00
3.808823529411765052e-01 4.039215490195563474e-01 5.058822417647698133e-01 1.000000000000000000e+00
3.843137254901961009e-01 4.086396854702316617e-01 5.093136150858478262e-01 1.000000000000000000e+00
3.877450980392156965e-01 4.133578219209070315e-01 5.127449884069257280e-01 1.000000000000000000e+00
3.911764705882352366e-01 4.180759583715822902e-01 5.161763617280037408e-01 1.000000000000000000e+00
3.946078431372548878e-01 4.227940948222576600e-01 5.196077350490817537e-01 1.000000000000000000e+00
3.980392156862744835e-01 4.275122312729330298e-01 5.230391083701597665e-01 1.000000000000000000e+00
4.014705882352940791e-01 4.322303677236083441e-01 5.264704816912376684e-01 1.000000000000000000e+00
4.049019607843137303e-01 4.369485041742836584e-01 5.299018550123156812e-01 1.000000000000000000e+00
4.083333333333333259e-01 4.416666406249589727e-01 5.333332283333936941e-01 1.000000000000000000e+00
4.117647058823529216e-01 4.463847770756342870e-01 5.367646016544717069e-01 1.000000000000000000e+00
4.151960784313725727e-01 4.511029135263096568e-01 5.401959749755497198e-01 1.000000000000000000e+00
4.186274509803921129e-01 4.558210499769849156e-01 5.436273482966276216e-01 1.000000000000000000e+00
4.220588235294117641e-01 4.605391864276602854e-01 5.470587216177056344e-01 1.000000000000000000e+00
4.254901960784313597e-01 4.652573228783356551e-01 5.504900949387836473e-01 1.000000000000000000e+00
4.289215686274509554e-01 4.699754593290109694e-01 5.539214682598616601e-01 1.000000000000000000e+00
4.323529411764705510e-01 4.746935957796862837e-01 5.573528415809396730e-01 1.000000000000000000e+00
4.392156862745097978e-01 4.841298686810369123e-01 5.642155882230955877e-01 1.000000000000000000e+00
4.426470588235293935e-01 4.888480051317122266e-01 5.676469615441736005e-01 1.000000000000000000e+00
4.460784313725489891e-01 4.935661415823875409e-01 5.710783348652515024e-01 1.000000000000000000e+00
4.495098039215686403e-01 4.982842780330628552e-01 5.745097081863295152e-01 1.000000000000000000e+00
4.529411764705881249e-01 5.030024144837380584e-01 5.779410815074074170e-01 1.000000000000000000e+00
4.563725490196078316e-01 5.077205509344135947e-01 5.813724548284855409e-01 1.000000000000000000e+00
4.598039215686274273e-01 5.124386873850887980e-01 5.848038281495635538e-01 1.000000000000000000e+00
4.632352941176470784e-01 5.171568238357642233e-01 5.882352014706414556e-01 1.000000000000000000e+00
4.666666666666666741e-01 5.218749602864395376e-01 5.916665747917194684e-01 1.000000000000000000e+00
4.700980392156862697e-01 5.265930967371148519e-01 5.950979481127974813e-01 1.000000000000000000e+00
4.735294117647058654e-01 5.313112331877901662e-01 5.985293214338754941e-01 1.000000000000000000e+00
4.769607843137254610e-01 5.360293696384654805e-01 6.019606947549533960e-01 1.000000000000000000e+00
4.803921568627451122e-01 5.407475060891409058e-01 6.053920680760314088e-01 1.000000000000000000e+00
4.838235294117647078e-01 5.454656425398161090e-01 6.088234413971094217e-01 1.000000000000000000e+00
4.872549019607843035e-01 5.501837789904915343e-01 6.122548147181874345e-01 1.000000000000000000e+00
4.906862745098039547e-01 5.549019154411668486e-01 6.156861880392654474e-01 1.000000000000000000e+00
4.941176470588235503e-01 5.596200518918421629e-01 6.191175613603433492e-01 1.000000000000000000e+00
4.975490196078431460e-01 5.643381883425174772e-01 6.225489346814213620e-01 1.000000000000000000e+00
5.009803921568627416e-01 5.690563247931927915e-01 6.259803080024993749e-01 1.000000000000000000e+00
5.044117647058823373e-01 5.737744612438682168e-01 6.294116813235773877e-01 1.000000000000000000e+00
5.078431372549018219e-01 5.784925976945433090e-01 6.328430546446552896e-01 1.000000000000000000e+00
5.112745098039215286e-01 5.832107341452187343e-01 6.362744279657333024e-01 1.000000000000000000e+00
5.147058823529412352e-01 5.879288705958940486e-01 6.397058012868113153e-01 1.000000000000000000e+00
5.181372549019608309e-01 5.926470070465694739e-01 6.431371746078893281e-01 1.000000000000000000e+00
5.215686274509804266e-01 5.973651434972446772e-01 6.465685479289672299e-01 1.000000000000000000e+00
5.250000000000000222e-01 6.020832799479201025e-01 6.499999212500452428e-01 1.000000000000000000e+00
5.284313725490196179e-01 6.068014163985954168e-01 6.534312945711232556e-01 1.000000000000000000e+00
5.318627450980392135e-01 6.115195528492707311e-01 6.568626678922012685e-01 1.000000000000000000e+00
5.352941176470588092e-01 6.162376892999461564e-01 6.602940412132791703e-01 1.000000000000000000e+00
5.387254901960784048e-01 6.209558257506213597e-01 6.637254145343571832e-01 1.000000000000000000e+00
5.421568627450980005e-01 6.256739622012966739e-01 6.671567878554351960e-01 1.000000000000000000e+00
5.455882352941177071e-01 6.303920986519719882e-01 6.705881611765132089e-01 1.000000000000000000e+00
5.490196078431373028e-01 6.351102351026474135e-01 6.740195344975912217e-01 1.000000000000000000e+00
5.524509803921568984e-01 6.398283715533226168e-01 6.774509078186691236e-01 1.000000000000000000e+00
5.558823529411764941e-01 6.445465080039980421e-01 6.808822811397471364e-01 1.000000000000000000e+00
5.593137254901960898e-01 6.492646444546733564e-01 6.843136544608251493e-01 1.000000000000000000e+00
5.627450980392155744e-01 6.539827809053485597e-01 6.877450277819030511e-01 1.000000000000000000e+00
5.661764705882352811e-01 6.587009173560240960e-01 6.911764011029810639e-01 1.000000000000000000e+00
5.696078431372548767e-01 6.634190538066992993e-01 6.946077744240590768e-01 1.000000000000000000e+00
5.730392156862744724e-01 6.681371902573746135e-01 6.980391477451370896e-01 1.000000000000000000e+00
5.764705882352940680e-01 6.728553267080499278e-01 7.014705210662151025e-01 1.000000000000000000e+00
5.799019607843137747e-01 6.775734631587253531e-01 7.049018943872931153e-01 1.000000000000000000e+00
5.833333333333333703e-01 6.822915996094005564e-01 7.083332677083710172e-01 1.000000000000000000e+00
5.867647058823529660e-01 6.870097360600759817e-01 7.117646410294490300e-01 1.000000000000000000e+00
5.901960784313725616e-01 6.917278725107512960e-01 7.151960143505269318e-01 1.000000000000000000e+00
5.936274509803921573e-01 6.964460089614266103e-01 7.186273876716049447e-01 1.000000000000000000e+00
5.970588235294117530e-01 7.011641454121019246e-01 7.220587609926829575e-01 1.000000000000000000e+00
6.004901960784313486e-01 7.058822818627772389e-01 7.254901343137609704e-01 1.000000000000000000e+00
6.039215686274509443e-01 7.106004183134525531e-01 7.289215076348389832e-01 1.000000000000000000e+00
6.073529411764705399e-01 7.153185547641278674e-01 7.323528809559169961e-01 1.000000000000000000e+00
6.107843137254901356e-01 7.200366912148032927e-01 7.357842542769950089e-01 1.000000000000000000e+00
6.142156862745098422e-01 7.247548276654784960e-01 7.392156275980730218e-01 1.000000000000000000e+00
6.176470588235293269e-01 7.294729641161536993e-01 7.426470009191508126e-01 1.000000000000000000e+00
6.210784313725490335e-01 7.341911005668292356e-01 7.460783742402288254e-01 1.000000000000000000e+00
6.245098039215686292e-01 7.389092370175045499e-01 7.495097475613068383e-01 1.000000000000000000e+00
6.279411764705882248e-01 7.436273734681798642e-01 7.529411208823848511e-01 1.000000000000000000e+00
6.313725490196078205e-01 7.483455099188551785e-01 7.563724942034628640e-01 1.000000000000000000e+00
6.348039215686274161e-01 7.530636463695306038e-01 7.598038675245408768e-01 1.000000000000000000e+00
6.382352941176470118e-01 7.577817828202058070e-01 7.632352408456188897e-01 1.000000000000000000e+00
6.416666666666666075e-01 7.624999192708812323e-01 7.666666141666969025e-01 1.000000000000000000e+00
6.450980392156863141e-01 7.672180557215565466e-01 7.700979874877748044e-01 1.000000000000000000e+00
6.485294117647059098e-01 7.719361921722318609e-01 7.735293608088528172e-01 1.000000000000000000e+00
6.519607843137255054e-01 7.766543286229071752e-01 7.769607341299307190e-01 1.000000000000000000e+00
6.568626215685039460e-01 7.803921568627451011e-01 7.803921074510087319e-01 1.000000000000000000e+00
6.622241431064960215e-01 7.838235294117646967e-01 7.838234807720867448e-01 1.000000000000000000e+00
6.675856646444882081e-01 7.872549019607842924e-01 7.872548540931647576e-01 1.000000000000000000e+00
6.729471861824802836e-01 7.906862745098038880e-01 7.906862274142427705e-01 1.000000000000000000e+00
6.783087077204724702e-01 7.941176470588234837e-01 7.941176007353207833e-01 1.000000000000000000e+00
6.836702292584644347e-01 7.975490196078430793e-01 7.975489740563985741e-01 1.000000000000000000e+00
6.890317507964567323e-01 8.009803921568627860e-01 8.009803473774766980e-01 1.000000000000000000e+00
6.943932723344488078e-01 8.044117647058823817e-01 8.044117206985547108e-01 1.000000000000000000e+00
6.997547938724408834e-01 8.078431372549019773e-01 8.078430940196326127e-01 1.000000000000000000e+00
7.051163154104330699e-01 8.112745098039215730e-01 8.112744673407106255e-01 1.000000000000000000e+00
7.104778369484251455e-01 8.147058823529411686e-01 8.147058406617886384e-01 1.000000000000000000e+00
7.158393584864173320e-01 8.181372549019607643e-01 8.181372139828666512e-01 1.000000000000000000e+00
7.212008800244094076e-01 8.215686274509803599e-01 8.215685873039446641e-01 1.000000000000000000e+00
7.265624015624015941e-01 8.249999999999999556e-01 8.249999606250225659e-01 1.000000000000000000e+00
7.319239231003936696e-01 8.284313725490195512e-01 8.284313339461005787e-01 1.000000000000000000e+00
7.372854446383858562e-01 8.318627450980392579e-01 8.318627072671785916e-01 1.000000000000000000e+00
7.426469661763779317e-01 8.352941176470588536e-01 8.352940805882566044e-01 1.000000000000000000e+00
7.480084877143701183e-01 8.387254901960784492e-01 8.387254539093345063e-01 1.000000000000000000e+00
7.533700092523621938e-01 8.421568627450980449e-01 8.421568272304125191e-01 1.000000000000000000e+00
7.587315307903543804e-01 8.455882352941176405e-01 8.455882005514905320e-01 1.000000000000000000e+00
7.640930523283464559e-01 8.490196078431372362e-01 8.490195738725685448e-01 1.000000000000000000e+00
7.694545738663384205e-01 8.524509803921567208e-01 8.524509471936463356e-01 1.000000000000000000e+00
7.748160954043307180e-01 8.558823529411764275e-01 8.558823205147244595e-01 1.000000000000000000e+00
7.801776169423227936e-01 8.593137254901961342e-01 8.593136938358024723e-01 1.000000000000000000e+00
7.855391384803149801e-01 8.627450980392157298e-01 8.627450671568804852e-01 1.000000000000000000e+00
7.909006600183070557e-01 8.661764705882353255e-01 8.661764404779584980e-01 1.000000000000000000e+00
7.962621815562992422e-01 8.696078431372549211e-01 8.696078137990363999e-01 1.000000000000000000e+00
8.016237030942913178e-01 8.730392156862745168e-01 8.730391871201144127e-01 1.000000000000000000e+00
8.069852246322835043e-01 8.764705882352941124e-01 8.764705604411924256e-01 1.000000000000000000e+00
8.123467461702755799e-01 8.799019607843137081e-01 8.799019337622704384e-01 1.000000000000000000e+00
8.177082677082676554e-01 8.833333333333333037e-01 8.833333070833483402e-01 1.000000000000000000e+00
8.230697892462598420e-01 8.867647058823528994e-01 8.867646804044263531e-01 1.000000000000000000e+00
8.284313107842520285e-01 8.901960784313724950e-01 8.901960537255043659e-01 1.000000000000000000e+00
8.337928323222441040e-01 8.936274509803920907e-01 8.936274270465823788e-01 1.000000000000000000e+00
8.391543538602361796e-01 8.970588235294117974e-01 8.970588003676602806e-01 1.000000000000000000e+00
8.445158753982283661e-01 9.004901960784313930e-01 9.004901736887382935e-01 1.000000000000000000e+00
8.498773969362204417e-01 9.039215686274509887e-01 9.039215470098163063e-01 1.000000000000000000e+00
8.552389184742124062e-01 9.073529411764704733e-01 9.073529203308942082e-01 1.000000000000000000e+00
8.606004400122047038e-01 9.107843137254901800e-01 9.107842936519723320e-01 1.000000000000000000e+00
8.659619615501967793e-01 9.142156862745097756e-01 9.142156669730502339e-01 1.000000000000000000e+00
8.713234830881889659e-01 9.176470588235294823e-01 9.176470402941282467e-01 1.000000000000000000e+00
8.766850046261811524e-01 9.210784313725490779e-01 9.210784136152062596e-01 1.000000000000000000e+00
8.820465261641732280e-01 9.245098039215686736e-01 9.245097869362841614e-01 1.000000000000000000e+00
8.874080477021653035e-01 9.279411764705882693e-01 9.279411602573621742e-01 1.000000000000000000e+00
8.927695692401574901e-01 9.313725490196078649e-01 9.313725335784401871e-01 1.000000000000000000e+00
8.981310907781496766e-01 9.348039215686274606e-01 9.348039068995181999e-01 1.000000000000000000e+00
9.034926123161417522e-01 9.382352941176470562e-01 9.382352802205962128e-01 1.000000000000000000e+00
9.088541338541338277e-01 9.416666666666666519e-01 9.416666535416742256e-01 1.000000000000000000e+00
9.142156553921260143e-01 9.450980392156862475e-01 9.450980268627522385e-01 1.000000000000000000e+00
9.195771769301182008e-01 9.485294117647058432e-01 9.485294001838302513e-01 1.000000000000000000e+00
9.249386984681102764e-01 9.519607843137254388e-01 9.519607735049080421e-01 1.000000000000000000e+00
9.303002200061023519e-01 9.553921568627450345e-01 9.553921468259860550e-01 1.000000000000000000e+00
9.356617415440944274e-01 9.588235294117647411e-01 9.588235201470640678e-01 1.000000000000000000e+00
9.410232630820865030e-01 9.622549019607842258e-01 9.622548934681420807e-01 1.000000000000000000e+00
9.463847846200788005e-01 9.656862745098039325e-01 9.656862667892200935e-01 1.000000000000000000e+00
9.517463061580708761e-01 9.691176470588235281e-01 9.691176401102981064e-01 1.000000000000000000e+00
9.571078276960629516e-01 9.725490196078431238e-01 9.725490134313761192e-01 1.000000000000000000e+00
9.624693492340551382e-01 9.759803921568627194e-01 9.759803867524541321e-01 1.000000000000000000e+00
9.678308707720472137e-01 9.794117647058823151e-01 9.794117600735319229e-01 1.000000000000000000e+00
9.731923923100394003e-01 9.828431372549020217e-01 9.828431333946099357e-01 1.000000000000000000e+00
9.785539138480314758e-01 9.862745098039216174e-01 9.862745067156879486e-01 1.000000000000000000e+00
9.839154353860235513e-01 9.897058823529412130e-01 9.897058800367659614e-01 1.000000000000000000e+00
9.892769569240157379e-01 9.931372549019608087e-01 9.931372533578439743e-01 1.000000000000000000e+00
9.946384784620079245e-01 9.965686274509804043e-01 9.965686266789219871e-01 1.000000000000000000e+00
1.000000000000000000e+00 1.000000000000000000e+00 1.000000000000000000e+00 1.000000000000000000e+00
