1.000000000000000000e+00 1.000000000000000000e+00 1.000000000000000000e+00 1.000000000000000000e+00
9.946384784620079245e-01 9.965686274509804043e-01 9.965686266789219871e-01 1.000000000000000000e+00
9.892769569240157379e-01 9.931372549019608087e-01 9.931372533578439743e-01 1.000000000000000000e+00
9.839154353860236624e-01 9.897058823529412130e-01 9.897058800367660725e-01 1.000000000000000000e+00
9.785539138480314758e-01 9.862745098039216174e-01 9.862745067156880596e-01 1.000000000000000000e+00
9.731923923100394003e-01 9.828431372549019107e-01 9.828431333946100468e-01 1.000000000000000000e+00
9.678308707720472137e-01 9.794117647058823151e-01 9.794117600735320339e-01 1.000000000000000000e+00
9.624693492340551382e-01 9.759803921568627194e-01 9.759803867524541321e-01 1.000000000000000000e+00
9.571078276960629516e-01 9.725490196078431238e-01 9.725490134313761192e-01 1.000000000000000000e+00
9.517463061580708761e-01 9.691176470588235281e-01 9.691176401102981064e-01 1.000000000000000000e+00
9.463847846200786895e-01 9.656862745098039325e-01 9.656862667892200935e-01 1.000000000000000000e+00
9.410232630820866140e-01 9.622549019607843368e-01 9.622548934681421917e-01 1.000000000000000000e+00
9.356617415440944274e-01 9.588235294117647411e-01 9.588235201470641789e-01 1.000000000000000000e+00
9.303002200061023519e-01 9.553921568627450345e-01 9.553921468259861660e-01 1.000000000000000000e+00
9.249386984681102764e-01 9.519607843137254388e-01 9.519607735049081532e-01 1.000000000000000000e+00
9.195771769301180898e-01 9.485294117647058432e-01 9.485294001838302513e-01 1.000000000000000000e+00
9.142156553921259032e-01 9.450980392156862475e-01 9.450980268627522385e-01 1.000000000000000000e+00
9.088541338541338277e-01 9.416666666666666519e-01 9.416666535416742256e-01 1.000000000000000000e+00
9.034926123161417522e-01 9.382352941176470562e-01 9.382352802205962128e-01 1.000000000000000000e+00
8.981310907781495656e-01 9.348039215686274606e-01 9.348039068995181999e-01 1.000000000000000000e+00
8.927695692401574901e-01 9.313725490196078649e-01 9.313725335784402981e-01 1.000000000000000000e+00
8.874080477021653035e-01 9.279411764705882693e-01 9.279411602573622853e-01 1.000000000000000000e+00
8.820465261641732280e-01 9.245098039215685626e-01 9.245097869362842724e-01 1.000000000000000000e+00
8.766850046261810414e-01 9.210784313725489669e-01 9.210784136152062596e-01 1.000000000000000000e+00
8.713234830881889659e-01 9.176470588235293713e-01 9.176470402941283577e-01 1.000000000000000000e+00
8.659619615501967793e-01 9.142156862745097756e-01 9.142156669730503449e-01 1.000000000000000000e+00
8.606004400122047038e-01 9.107843137254901800e-01 9.107842936519723320e-01 1.000000000000000000e+00
8.552389184742125172e-01 9.073529411764705843e-01 9.073529203308943192e-01 1.000000000000000000e+00
8.498773969362204417e-01 9.039215686274509887e-01 9.039215470098164174e-01 1.000000000000000000e+00
8.445158753982282551e-01 9.004901960784313930e-01 9.004901736887384045e-01 1.000000000000000000e+00
8.391543538602361796e-01 8.970588235294116863e-01 8.970588003676603917e-01 1.000000000000000000e+00
8.337928323222441040e-01 8.936274509803920907e-01 8.936274270465823788e-01 1.000000000000000000e+00
8.284313107842519175e-01 8.901960784313724950e-01 8.901960537255044770e-01 1.000000000000000000e+00
8.230697892462598420e-01 8.867647058823528994e-01 8.867646804044264641e-01 1.000000000000000000e+00
8.177082677082676554e-01 8.833333333333333037e-01 8.833333070833484513e-01 1.000000000000000000e+00
8.123467461702755799e-01 8.799019607843137081e-01 8.799019337622704384e-01 1.000000000000000000e+00
8.069852246322833933e-01 8.764705882352941124e-01 8.764705604411924256e-01 1.000000000000000000e+00
8.016237030942913178e-01 8.730392156862745168e-01 8.730391871201145237e-01 1.000000000000000000e+00
7.962621815562991312e-01 8.696078431372549211e-01 8.696078137990365109e-01 1.000000000000000000e+00
7.909006600183070557e-01 8.661764705882352144e-01 8.661764404779584980e-01 1.000000000000000000e+00
7.855391384803148691e-01 8.627450980392156188e-01 8.627450671568805962e-01 1.000000000000000000e+00
7.801776169423227936e-01 8.593137254901961342e-01 8.593136938358025834e-01 1.000000000000000000e+00
7.748160954043306070e-01 8.558823529411764275e-01 8.558823205147245705e-01 1.000000000000000000e+00
7.694545738663385315e-01 8.524509803921568318e-01 8.524509471936465577e-01 1.000000000000000000e+00
7.640930523283464559e-01 8.490196078431372362e-01 8.490195738725685448e-01 1.000000000000000000e+00
7.587315307903542694e-01 8.455882352941176405e-01 8.455882005514906430e-01 1.000000000000000000e+00
7.533700092523621938e-01 8.421568627450980449e-01 8.421568272304126301e-01 1.000000000000000000e+00
7.480084877143700073e-01 8.387254901960783382e-01 8.387254539093346173e-01 1.000000000000000000e+00
7.426469661763779317e-01 8.352941176470587425e-01 8.352940805882566044e-01 1.000000000000000000e+00
7.372854446383858562e-01 8.318627450980391469e-01 8.318627072671787026e-01 1.000000000000000000e+00
7.319239231003935586e-01 8.284313725490195512e-01 8.284313339461006898e-01 1.000000000000000000e+00
7.265624015624014831e-01 8.249999999999999556e-01 8.249999606250226769e-01 1.000000000000000000e+00
7.212008800244094076e-01 8.215686274509803599e-01 8.215685873039446641e-01 1.000000000000000000e+00
7.158393584864173320e-01 8.181372549019607643e-01 8.181372139828667622e-01 1.000000000000000000e+00
7.104778369484250344e-01 8.147058823529411686e-01 8.147058406617887494e-01 1.000000000000000000e+00
7.051163154104329589e-01 8.112745098039215730e-01 8.112744673407107365e-01 1.000000000000000000e+00
6.997547938724408834e-01 8.078431372549019773e-01 8.078430940196327237e-01 1.000000000000000000e+00
6.943932723344488078e-01 8.044117647058823817e-01 8.044117206985548219e-01 1.000000000000000000e+00
6.890317507964566213e-01 8.009803921568626750e-01 8.009803473774768090e-01 1.000000000000000000e+00
6.836702292584644347e-01 7.975490196078430793e-01 7.975489740563987962e-01 1.000000000000000000e+00
6.783087077204723592e-01 7.941176470588234837e-01 7.941176007353207833e-01 1.000000000000000000e+00
6.729471861824802836e-01 7.906862745098038880e-01 7.906862274142428815e-01 1.000000000000000000e+00
6.675856646444880971e-01 7.872549019607842924e-01 7.872548540931647576e-01 1.000000000000000000e+00
6.622241431064959105e-01 7.838235294117645857e-01 7.838234807720868558e-01 1.000000000000000000e+00
6.568626215685038350e-01 7.803921568627449901e-01 7.803921074510088429e-01 1.000000000000000000e+00
6.519607843137253944e-01 7.766543286229070642e-01 7.769607341299309411e-01 1.000000000000000000e+00
6.485294117647059098e-01 7.719361921722318609e-01 7.735293608088529282e-01 1.000000000000000000e+00
6.450980392156862031e-01 7.672180557215564356e-01 7.700979874877749154e-01 1.000000000000000000e+00
6.416666666666666075e-01 7.624999192708811213e-01 7.666666141666969025e-01 1.000000000000000000e+00
6.382352941176470118e-01 7.577817828202058070e-01 7.632352408456188897e-01 1.000000000000000000e+00
6.348039215686274161e-01 7.530636463695304927e-01 7.598038675245408768e-01 1.000000000000000000e+00
6.313725490196078205e-01 7.483455099188551785e-01 7.563724942034629750e-01 1.000000000000000000e+00
6.279411764705882248e-01 7.436273734681798642e-01 7.529411208823849622e-01 1.000000000000000000e+00
6.245098039215685182e-01 7.389092370175045499e-01 7.495097475613070603e-01 1.000000000000000000e+00
6.210784313725490335e-01 7.341911005668292356e-01 7.460783742402290475e-01 1.000000000000000000e+00
6.176470588235293269e-01 7.294729641161538103e-01 7.426470009191510346e-01 1.000000000000000000e+00
6.142156862745097312e-01 7.247548276654784960e-01 7.392156275980730218e-01 1.000000000000000000e+00
6.107843137254901356e-01 7.200366912148031817e-01 7.357842542769950089e-01 1.000000000000000000e+00
6.073529411764705399e-01 7.153185547641278674e-01 7.323528809559169961e-01 1.000000000000000000e+00
6.039215686274509443e-01 7.106004183134525531e-01 7.289215076348389832e-01 1.000000000000000000e+00
6.004901960784313486e-01 7.058822818627772389e-01 7.254901343137610814e-01 1.000000000000000000e+00
5.970588235294117530e-01 7.011641454121019246e-01 7.220587609926831796e-01 1.000000000000000000e+00
5.936274509803921573e-01 6.964460089614266103e-01 7.186273876716051667e-01 1.000000000000000000e+00
5.901960784313724506e-01 6.917278725107512960e-01 7.151960143505271539e-01 1.000000000000000000e+00
5.867647058823528550e-01 6.870097360600759817e-01 7.117646410294491410e-01 1.000000000000000000e+00
5.833333333333332593e-01 6.822915996094005564e-01 7.083332677083711282e-01 1.000000000000000000e+00
5.799019607843136637e-01 6.775734631587252421e-01 7.049018943872931153e-01 1.000000000000000000e+00
5.764705882352940680e-01 6.728553267080499278e-01 7.014705210662151025e-01 1.000000000000000000e+00
5.730392156862744724e-01 6.681371902573746135e-01 6.980391477451370896e-01 1.000000000000000000e+00
5.696078431372548767e-01 6.634190538066992993e-01 6.946077744240592988e-01 1.000000000000000000e+00
5.661764705882352811e-01 6.587009173560240960e-01 6.911764011029812860e-01 1.000000000000000000e+00
5.627450980392156854e-01 6.539827809053486707e-01 6.877450277819032731e-01 1.000000000000000000e+00
5.593137254901959787e-01 6.492646444546733564e-01 6.843136544608252603e-01 1.000000000000000000e+00
5.558823529411763831e-01 6.445465080039980421e-01 6.808822811397472474e-01 1.000000000000000000e+00
5.524509803921567874e-01 6.398283715533227278e-01 6.774509078186692346e-01 1.000000000000000000e+00
5.490196078431371918e-01 6.351102351026474135e-01 6.740195344975912217e-01 1.000000000000000000e+00
5.455882352941175961e-01 6.303920986519719882e-01 6.705881611765132089e-01 1.000000000000000000e+00
5.421568627450980005e-01 6.256739622012967850e-01 6.671567878554354181e-01 1.000000000000000000e+00
5.387254901960784048e-01 6.209558257506214707e-01 6.637254145343574052e-01 1.000000000000000000e+00
5.352941176470588092e-01 6.162376892999460454e-01 6.602940412132793924e-01 1.000000000000000000e+00
5.318627450980392135e-01 6.115195528492707311e-01 6.568626678922013795e-01 1.000000000000000000e+00
5.284313725490195068e-01 6.068014163985954168e-01 6.534312945711233667e-01 1.000000000000000000e+00
5.249999999999999112e-01 6.020832799479201025e-01 6.499999212500453538e-01 1.000000000000000000e+00
5.215686274509803155e-01 5.973651434972447882e-01 6.465685479289673410e-01 1.000000000000000000e+00
5.181372549019607199e-01 5.926470070465694739e-01 6.431371746078893281e-01 1.000000000000000000e+00
5.147058823529411242e-01 5.879288705958940486e-01 6.397058012868114263e-01 1.000000000000000000e+00
5.112745098039215286e-01 5.832107341452188454e-01 6.362744279657335245e-01 1.000000000000000000e+00
5.078431372549019329e-01 5.784925976945434201e-01 6.328430546446555116e-01 1.000000000000000000e+00
5.044117647058823373e-01 5.737744612438681058e-01 6.294116813235774988e-01 1.000000000000000000e+00
5.009803921568627416e-01 5.690563247931927915e-01 6.259803080024994859e-01 1.000000000000000000e+00
4.975490196078430349e-01 5.643381883425174772e-01 6.225489346814214731e-01 1.000000000000000000e+00
4.941176470588234393e-01 5.596200518918421629e-01 6.191175613603434602e-01 1.000000000000000000e+00
4.906862745098038436e-01 5.549019154411668486e-01 6.156861880392654474e-01 1.000000000000000000e+00
4.872549019607842480e-01 5.501837789904915343e-01 6.122548147181875455e-01 1.000000000000000000e+00
4.838235294117646523e-01 5.454656425398162201e-01 6.088234413971096437e-01 1.000000000000000000e+00
4.803921568627450567e-01 5.407475060891409058e-01 6.053920680760315198e-01 1.000000000000000000e+00
4.769607843137254610e-01 5.360293696384654805e-01 6.019606947549536180e-01 1.000000000000000000e+00
4.735294117647058099e-01 5.313112331877902772e-01 5.985293214338756052e-01 1.000000000000000000e+00
4.700980392156862142e-01 5.265930967371148519e-01 5.950979481127975923e-01 1.000000000000000000e+00
4.666666666666666186e-01 5.218749602864396486e-01 5.916665747917195795e-01 1.000000000000000000e+00
4.632352941176470229e-01 5.171568238357642233e-01 5.882352014706415666e-01 1.000000000000000000e+00
4.598039215686273717e-01 5.124386873850889090e-01 5.848038281495636648e-01 1.000000000000000000e+00
4.563725490196078871e-01 5.077205509344137058e-01 5.813724548284857629e-01 1.000000000000000000e+00
4.529411764705881804e-01 5.030024144837382805e-01 5.779410815074076391e-01 1.000000000000000000e+00
4.495098039215685848e-01 4.982842780330629662e-01 5.745097081863296262e-01 1.000000000000000000e+00
4.460784313725489891e-01 4.935661415823876519e-01 5.710783348652517244e-01 1.000000000000000000e+00
4.426470588235293380e-01 4.888480051317122821e-01 5.676469615441737115e-01 1.000000000000000000e+00
4.357843137254901467e-01 4.794117322303616535e-01 5.607842149020176858e-01 1.000000000000000000e+00
4.323529411764705510e-01 4.746935957796862837e-01 5.573528415809397840e-01 1.000000000000000000e+00
4.289215686274508998e-01 4.699754593290110249e-01 5.539214682598617712e-01 1.000000000000000000e+00
4.254901960784313042e-01 4.652573228783357107e-01 5.504900949387837583e-01 1.000000000000000000e+00
4.220588235294118196e-01 4.605391864276605074e-01 5.470587216177058565e-01 1.000000000000000000e+00
4.186274509803921129e-01 4.558210499769850266e-01 5.436273482966278436e-01 1.000000000000000000e+00
4.151960784313725172e-01 4.511029135263097123e-01 5.401959749755498308e-01 1.000000000000000000e+00
4.117647058823529216e-01 4.463847770756343425e-01 5.367646016544718179e-01 1.000000000000000000e+00
4.083333333333332704e-01 4.416666406249590837e-01 5.333332283333938051e-01 1.000000000000000000e+00
4.049019607843136748e-01 4.369485041742837694e-01 5.299018550123157922e-01 1.000000000000000000e+00
4.014705882352940791e-01 4.322303677236083996e-01 5.264704816912378904e-01 1.000000000000000000e+00
3.980392156862744835e-01 4.275122312729330853e-01 5.230391083701598776e-01 1.000000000000000000e+00
3.946078431372548878e-01 4.227940948222577711e-01 5.196077350490818647e-01 1.000000000000000000e+00
3.911764705882352366e-01 4.180759583715824013e-01 5.161763617280039629e-01 1.000000000000000000e+00
3.877450980392156410e-01 4.133578219209071425e-01 5.127449884069259500e-01 1.000000000000000000e+00
3.843137254901960453e-01 4.086396854702318282e-01 5.093136150858479372e-01 1.000000000000000000e+00
3.808823529411764497e-01 4.039215490195564584e-01 5.058822417647699243e-01 1.000000000000000000e+00
3.774509803921567985e-01 3.992034125688811441e-01 5.024508684436919115e-01 1.000000000000000000e+00
3.740196078431372029e-01 3.944852761182058298e-01 4.990194951226140097e-01 1.000000000000000000e+00
3.705882352941176072e-01 3.897671396675304600e-01 4.955881218015359968e-01 1.000000000000000000e+00
3.671568627450981226e-01 3.850490032168553123e-01 4.921567484804580950e-01 1.000000000000000000e+00
3.637254901960784159e-01 3.803308667661798870e-01 4.887253751593799711e-01 1.000000000000000000e+00
3.602941176470587648e-01 3.756127303155045172e-01 4.852940018383020693e-01 1.000000000000000000e+00
3.568627450980391691e-01 3.708945938648292029e-01 4.818626285172240564e-01 1.000000000000000000e+00
3.534313725490195734e-01 3.661764574141538886e-01 4.784312551961460436e-01 1.000000000000000000e+00
3.499999999999999778e-01 3.614583209634785188e-01 4.749998818750680307e-01 1.000000000000000000e+00
3.465686274509803266e-01 3.567401845128032045e-01 4.715685085539901289e-01 1.000000000000000000e+00
3.431372549019607310e-01 3.520220480621278902e-01 4.681371352329121160e-01 1.000000000000000000e+00
3.397058823529411353e-01 3.473039116114525759e-01 4.647057619118341032e-01 1.000000000000000000e+00
3.362745098039215397e-01 3.425857751607772617e-01 4.612743885907560903e-01 1.000000000000000000e+00
3.328431372549018885e-01 3.378676387101018919e-01 4.578430152696780775e-01 1.000000000000000000e+00
3.294117647058822929e-01 3.331495022594265776e-01 4.544116419486001757e-01 1.000000000000000000e+00
3.259803921568626972e-01 3.284313658087512633e-01 4.509802686275221628e-01 1.000000000000000000e+00
3.225490196078431016e-01 3.237132293580759490e-01 4.475488953064441500e-01 1.000000000000000000e+00
3.191176470588235059e-01 3.191175221865759637e-01 4.439897698209719912e-01 1.000000000000000000e+00
3.156862745098038547e-01 3.156861509802686983e-01 4.392156862745099088e-01 1.000000000000000000e+00
3.122549019607843701e-01 3.122547797739615438e-01 4.344416027280479931e-01 1.000000000000000000e+00
3.088235294117646634e-01 3.088234085676541674e-01 4.296675191815857997e-01 1.000000000000000000e+00
3.053921568627450678e-01 3.053920373613469019e-01 4.248934356351237174e-01 1.000000000000000000e+00
3.019607843137254166e-01 3.019606661550396365e-01 4.201193520886616906e-01 1.000000000000000000e+00
2.985294117647058210e-01 2.985292949487323710e-01 4.153452685421996082e-01 1.000000000000000000e+00
2.950980392156862253e-01 2.950979237424251056e-01 4.105711849957375259e-01 1.000000000000000000e+00
2.916666666666666297e-01 2.916665525361178402e-01 4.057971014492754991e-01 1.000000000000000000e+00
2.882352941176469785e-01 2.882351813298105747e-01 4.010230179028134168e-01 1.000000000000000000e+00
2.848039215686273828e-01 2.848038101235033093e-01 3.962489343563513344e-01 1.000000000000000000e+00
2.813725490196077872e-01 2.813724389171960438e-01 3.914748508098893076e-01 1.000000000000000000e+00
2.779411764705881915e-01 2.779410677108887784e-01 3.867007672634272253e-01 1.000000000000000000e+00
2.745098039215685959e-01 2.745096965045815129e-01 3.819266837169651430e-01 1.000000000000000000e+00
2.710784313725490002e-01 2.710783252982742475e-01 3.771526001705031161e-01 1.000000000000000000e+00
2.676470588235293491e-01 2.676469540919669265e-01 3.723785166240410338e-01 1.000000000000000000e+00
2.642156862745097534e-01 2.642155828856597166e-01 3.676044330775789515e-01 1.000000000000000000e+00
2.607843137254901023e-01 2.607842116793523957e-01 3.628303495311169247e-01 1.000000000000000000e+00
2.573529411764706176e-01 2.573528404730452412e-01 3.580562659846550089e-01 1.000000000000000000e+00
2.539215686274509109e-01 2.539214692667378648e-01 3.532821824381927600e-01 1.000000000000000000e+00
2.504901960784313153e-01 2.504900980604305993e-01 3.485080988917307332e-01 1.000000000000000000e+00
2.470588235294117196e-01 2.470587268541233339e-01 3.437340153452686509e-01 1.000000000000000000e+00
2.436274509803921240e-01 2.436273556478160685e-01 3.389599317988065685e-01 1.000000000000000000e+00
2.401960784313725283e-01 2.401959844415088030e-01 3.341858482523445417e-01 1.000000000000000000e+00
2.367647058823528772e-01 2.367646132352015376e-01 3.294117647058824594e-01 1.000000000000000000e+00
2.333333333333332815e-01 2.333332420288942721e-01 3.246376811594203771e-01 1.000000000000000000e+00
2.299019607843136304e-01 2.299018708225870067e-01 3.198635976129583502e-01 1.000000000000000000e+00
2.264705882352940347e-01 2.264704996162797412e-01 3.150895140664962124e-01 1.000000000000000000e+00
2.230392156862744391e-01 2.230391284099724758e-01 3.103154305200341856e-01 1.000000000000000000e+00
2.196078431372548434e-01 2.196077572036652104e-01 3.055413469735721588e-01 1.000000000000000000e+00
2.161764705882352477e-01 2.161763859973579172e-01 3.007672634271100209e-01 1.000000000000000000e+00
2.127450980392156521e-01 2.127450147910506517e-01 2.959931798806479941e-01 1.000000000000000000e+00
2.093137254901960564e-01 2.093136435847433863e-01 2.912190963341859118e-01 1.000000000000000000e+00
2.058823529411764608e-01 2.058822723784361208e-01 2.864450127877238295e-01 1.000000000000000000e+00
2.024509803921568651e-01 2.024509011721289387e-01 2.816709292412619137e-01 1.000000000000000000e+00
1.990196078431372695e-01 1.990195299658215899e-01 2.768968456947997758e-01 1.000000000000000000e+00
1.955882352941176738e-01 1.955881587595143245e-01 2.721227621483376935e-01 1.000000000000000000e+00
1.921568627450980782e-01 1.921567875532070591e-01 2.673486786018756112e-01 1.000000000000000000e+00
1.887254901960784270e-01 1.887254163468997936e-01 2.625745950554135844e-01 1.000000000000000000e+00
1.852941176470588314e-01 1.852940451405925282e-01 2.578005115089515020e-01 1.000000000000000000e+00
1.818627450980392357e-01 1.818626739342852350e-01 2.530264279624894197e-01 1.000000000000000000e+00
1.784313725490195846e-01 1.784313027279779695e-01 2.482523444160273651e-01 1.000000000000000000e+00
1.749999999999999889e-01 1.749999315216707041e-01 2.434782608695652828e-01 1.000000000000000000e+00
1.715686274509803932e-01 1.715685603153634387e-01 2.387041773231032282e-01 1.000000000000000000e+00
1.681372549019607976e-01 1.681371891090561732e-01 2.339300937766411737e-01 1.000000000000000000e+00
1.647058823529412019e-01 1.647058179027489078e-01 2.291560102301790913e-01 1.000000000000000000e+00
1.612745098039215508e-01 1.612744466964416423e-01 2.243819266837170368e-01 1.000000000000000000e+00
1.578431372549019551e-01 1.578430754901343491e-01 2.196078431372549544e-01 1.000000000000000000e+00
1.544117647058823595e-01 1.544117042838271114e-01 2.148337595907929276e-01 1.000000000000000000e+00
1.509803921568627638e-01 1.509803330775198182e-01 2.100596760443308453e-01 1.000000000000000000e+00
1.475490196078430571e-01 1.475489618712126361e-01 2.052855924978689017e-01 1.000000000000000000e+00
1.441176470588234615e-01 1.441175906649052874e-01 2.005115089514067084e-01 1.000000000000000000e+00
1.406862745098038658e-01 1.406862194585980219e-01 1.957374254049446538e-01 1.000000000000000000e+00
1.372549019607842702e-01 1.372548482522907565e-01 1.909633418584825715e-01 1.000000000000000000e+00
1.338235294117646745e-01 1.338234770459834910e-01 1.861892583120205447e-01 1.000000000000000000e+00
1.303921568627450789e-01 1.303921058396761978e-01 1.814151747655584623e-01 1.000000000000000000e+00
1.269607843137254832e-01 1.269607346333689601e-01 1.766410912190963800e-01 1.000000000000000000e+00
1.235294117647058876e-01 1.235293634270616669e-01 1.718670076726342977e-01 1.000000000000000000e+00
1.200980392156862919e-01 1.200979922207544015e-01 1.670929241261722709e-01 1.000000000000000000e+00
1.166666666666666963e-01 1.166666210144471361e-01 1.623188405797101885e-01 1.000000000000000000e+00
1.132352941176469896e-01 1.132352498081398706e-01 1.575447570332481617e-01 1.000000000000000000e+00
1.098039215686273939e-01 1.098038786018325774e-01 1.527706734867860239e-01 1.000000000000000000e+00
1.063725490196077983e-01 1.063725073955253397e-01 1.479965899403239971e-01 1.000000000000000000e+00
1.029411764705882026e-01 1.029411361892180465e-01 1.432225063938619147e-01 1.000000000000000000e+00
9.950980392156860699e-02 9.950976498291080885e-02 1.384484228473998879e-01 1.000000000000000000e+00
9.607843137254901134e-02 9.607839377660351565e-02 1.336743393009378056e-01 1.000000000000000000e+00
9.264705882352941568e-02 9.264702257029636123e-02 1.289002557544758898e-01 1.000000000000000000e+00
8.921568627450982003e-02 8.921565136398895701e-02 1.241261722080136409e-01 1.000000000000000000e+00
8.578431372549022438e-02 8.578428015768171933e-02 1.193520886615516141e-01 1.000000000000000000e+00
8.235294117647051770e-02 8.235290895137442613e-02 1.145780051150895318e-01 1.000000000000000000e+00
7.892156862745092205e-02 7.892153774506718844e-02 1.098039215686275050e-01 1.000000000000000000e+00
7.549019607843132640e-02 7.549016653875992300e-02 1.050298380221654226e-01 1.000000000000000000e+00
7.205882352941173075e-02 7.205879533245262980e-02 1.002557544757033403e-01 1.000000000000000000e+00
6.862745098039213509e-02 6.862742412614536436e-02 9.548167092924131349e-02 1.000000000000000000e+00
6.519607843137253944e-02 6.519605291983809892e-02 9.070758738277923117e-02 1.000000000000000000e+00
6.176470588235294379e-02 6.176468171353083347e-02 8.593350383631720435e-02 1.000000000000000000e+00
5.833333333333334814e-02 5.833331050722356803e-02 8.115942028985506651e-02 1.000000000000000000e+00
5.490196078431375248e-02 5.490193930091630259e-02 7.638533674339303969e-02 1.000000000000000000e+00
5.147058823529415683e-02 5.147056809460903715e-02 7.161125319693095737e-02 1.000000000000000000e+00
4.803921568627445016e-02 4.803919688830177170e-02 6.683716965046893055e-02 1.000000000000000000e+00
4.460784313725485450e-02 4.460782568199450626e-02 6.206308610400684822e-02 1.000000000000000000e+00
4.117647058823525885e-02 4.117645447568724082e-02 5.728900255754476589e-02 1.000000000000000000e+00
3.774509803921566320e-02 3.774508326938003089e-02 5.251491901108285010e-02 1.000000000000000000e+00
3.431372549019606755e-02 3.431371206307270993e-02 4.774083546462065675e-02 1.000000000000000000e+00
3.088235294117647189e-02 3.088234085676538898e-02 4.296675191815857442e-02 1.000000000000000000e+00
2.745098039215687624e-02 2.745096965045817905e-02 3.819266837169654760e-02 1.000000000000000000e+00
2.401960784313728059e-02 2.401959844415085810e-02 3.341858482523440976e-02 1.000000000000000000e+00
2.058823529411768494e-02 2.058822723784359265e-02 2.864450127877238295e-02 1.000000000000000000e+00
1.715686274509808928e-02 1.715685603153632721e-02 2.387041773231030062e-02 1.000000000000000000e+00
1.372549019607838261e-02 1.372548482522906177e-02 1.909633418584827380e-02 1.000000000000000000e+00
1.029411764705878696e-02 1.029411361892179633e-02 1.432225063938619147e-02 1.000000000000000000e+00
6.862745098039191305e-03 6.862742412614530885e-03 9.548167092924109145e-03 1.000000000000000000e+00
3.431372549019595652e-03 3.431371206307265442e-03 4.774083546462026817e-03 1.000000000000000000e+00
0.000000000000000000e+00 0.000000000000000000e+00 0.000000000000000000e+00 1.000000000000000000e+00
