0.000000000000000000e+00 2.352941176470588203e-01 1.882352941176470562e-01 1.000000000000000000e+00
1.537870049980776454e-04 2.417531718569780885e-01 1.953094963475586199e-01 1.000000000000000000e+00
3.075740099961552908e-04 2.482122260668973568e-01 2.023836985774702113e-01 1.000000000000000000e+00
4.613610149942329905e-04 2.546712802768166251e-01 2.094579008073817750e-01 1.000000000000000000e+00
6.151480199923105817e-04 2.611303344867358933e-01 2.165321030372933386e-01 1.000000000000000000e+00
7.689350249903883355e-04 2.675893886966551616e-01 2.236063052672049301e-01 1.000000000000000000e+00
9.227220299884659810e-04 2.740484429065743743e-01 2.306805074971164937e-01 1.000000000000000000e+00
1.076509034986543626e-03 2.805074971164936426e-01 2.377547097270280851e-01 1.000000000000000000e+00
1.230296039984621163e-03 2.869665513264129109e-01 2.448289119569396488e-01 1.000000000000000000e+00
1.384083044982699134e-03 2.934256055363321791e-01 2.519031141868512402e-01 1.000000000000000000e+00
1.537870049980776671e-03 2.998846597462514474e-01 2.589773164167628039e-01 1.000000000000000000e+00
1.691657054978854425e-03 3.063437139561707157e-01 2.660515186466743676e-01 1.000000000000000000e+00
1.845444059976931962e-03 3.128027681660899839e-01 2.731257208765859312e-01 1.000000000000000000e+00
1.999231064975009499e-03 3.192618223760091967e-01 2.801999231064974949e-01 1.000000000000000000e+00
2.153018069973087253e-03 3.257208765859285204e-01 2.872741253364091141e-01 1.000000000000000000e+00
2.306805074971165007e-03 3.321799307958477332e-01 2.943483275663206777e-01 1.000000000000000000e+00
2.460592079969242327e-03 3.386389850057670570e-01 3.014225297962322414e-01 1.000000000000000000e+00
2.614379084967320081e-03 3.450980392156862697e-01 3.084967320261438051e-01 1.000000000000000000e+00
2.768166089965398268e-03 3.515570934256055380e-01 3.155709342560554242e-01 1.000000000000000000e+00
2.921953094963475588e-03 3.580161476355248062e-01 3.226451364859669324e-01 1.000000000000000000e+00
3.075740099961553342e-03 3.644752018454440745e-01 3.297193387158785516e-01 1.000000000000000000e+00
3.229527104959630662e-03 3.709342560553633428e-01 3.367935409457900597e-01 1.000000000000000000e+00
3.383314109957708850e-03 3.773933102652826110e-01 3.438677431757016789e-01 1.000000000000000000e+00
3.537101114955786170e-03 3.838523644752018793e-01 3.509419454056132426e-01 1.000000000000000000e+00
3.690888119953863924e-03 3.903114186851210921e-01 3.580161476355248062e-01 1.000000000000000000e+00
3.844675124951941244e-03 3.967704728950404158e-01 3.650903498654364254e-01 1.000000000000000000e+00
7.920030757400999336e-03 4.037677816224529148e-01 3.723952326028450721e-01 1.000000000000000000e+00
1.591695501730103907e-02 4.113033448673587555e-01 3.799307958477509128e-01 1.000000000000000000e+00
2.391387927720107706e-02 4.188389081122645408e-01 3.874663590926566981e-01 1.000000000000000000e+00
3.191080353710111506e-02 4.263744713571703260e-01 3.950019223375624833e-01 1.000000000000000000e+00
3.990772779700115652e-02 4.339100346020761667e-01 4.025374855824683240e-01 1.000000000000000000e+00
4.790465205690119105e-02 4.414455978469819519e-01 4.100730488273741092e-01 1.000000000000000000e+00
5.590157631680122557e-02 4.489811610918877371e-01 4.176086120722798944e-01 1.000000000000000000e+00
6.389850057670121153e-02 4.565167243367935224e-01 4.251441753171856797e-01 1.000000000000000000e+00
7.189542483660130157e-02 4.640522875816993631e-01 4.326797385620915204e-01 1.000000000000000000e+00
7.989234909650134997e-02 4.715878508266051483e-01 4.402153018069973056e-01 1.000000000000000000e+00
8.788927335640138450e-02 4.791234140715109890e-01 4.477508650519031463e-01 1.000000000000000000e+00
9.588619761630136351e-02 4.866589773164167188e-01 4.552864282968088760e-01 1.000000000000000000e+00
1.038831218762014535e-01 4.941945405613225595e-01 4.628219915417147168e-01 1.000000000000000000e+00
1.118800461361015020e-01 5.017301038062284002e-01 4.703575547866205575e-01 1.000000000000000000e+00
1.198769703960015365e-01 5.092656670511341854e-01 4.778931180315263427e-01 1.000000000000000000e+00
1.278738946559015155e-01 5.168012302960399706e-01 4.854286812764321279e-01 1.000000000000000000e+00
1.358708189158016055e-01 5.243367935409457559e-01 4.929642445213379687e-01 1.000000000000000000e+00
1.438677431757016678e-01 5.318723567858516521e-01 5.004998077662436984e-01 1.000000000000000000e+00
1.518646674356016746e-01 5.394079200307574373e-01 5.080353710111495946e-01 1.000000000000000000e+00
1.598615916955016814e-01 5.469434832756632225e-01 5.155709342560552688e-01 1.000000000000000000e+00
1.678585159554017991e-01 5.544790465205690078e-01 5.231064975009611651e-01 1.000000000000000000e+00
1.758554402153018059e-01 5.620146097654747930e-01 5.306420607458669503e-01 1.000000000000000000e+00
1.838523644752018127e-01 5.695501730103806892e-01 5.381776239907727355e-01 1.000000000000000000e+00
1.918492887351018195e-01 5.770857362552863634e-01 5.457131872356785207e-01 1.000000000000000000e+00
1.998462129950019373e-01 5.846212995001922597e-01 5.532487504805844170e-01 1.000000000000000000e+00
2.078431372549019440e-01 5.921568627450980449e-01 5.607843137254902022e-01 1.000000000000000000e+00
2.193771626297577881e-01 6.004613610149942549e-01 5.684736639753941168e-01 1.000000000000000000e+00
2.309111880046135212e-01 6.087658592848903538e-01 5.761630142252979203e-01 1.000000000000000000e+00
2.424452133794694209e-01 6.170703575547865638e-01 5.838523644752018349e-01 1.000000000000000000e+00
2.539792387543252650e-01 6.253748558246827738e-01 5.915417147251057495e-01 1.000000000000000000e+00
2.655132641291810813e-01 6.336793540945789838e-01 5.992310649750095530e-01 1.000000000000000000e+00
2.770472895040367867e-01 6.419838523644750827e-01 6.069204152249134676e-01 1.000000000000000000e+00
2.885813148788927140e-01 6.502883506343714037e-01 6.146097654748173822e-01 1.000000000000000000e+00
3.001153402537485304e-01 6.585928489042676137e-01 6.222991157247211857e-01 1.000000000000000000e+00
3.116493656286043468e-01 6.668973471741637127e-01 6.299884659746251003e-01 1.000000000000000000e+00
3.231833910034600521e-01 6.752018454440599227e-01 6.376778162245289039e-01 1.000000000000000000e+00
3.347174163783159795e-01 6.835063437139561326e-01 6.453671664744328185e-01 1.000000000000000000e+00
3.462514417531717958e-01 6.918108419838523426e-01 6.530565167243367330e-01 1.000000000000000000e+00
3.577854671280276122e-01 7.001153402537485526e-01 6.607458669742406476e-01 1.000000000000000000e+00
3.693194925028834286e-01 7.084198385236446516e-01 6.684352172241444512e-01 1.000000000000000000e+00
3.808535178777390229e-01 7.167243367935407505e-01 6.761245674740482547e-01 1.000000000000000000e+00
3.923875432525950613e-01 7.250288350634370715e-01 6.838139177239522803e-01 1.000000000000000000e+00
4.039215686274508776e-01 7.333333333333332815e-01 6.915032679738560839e-01 1.000000000000000000e+00
4.154555940023066940e-01 7.416378316032294915e-01 6.991926182237599985e-01 1.000000000000000000e+00
4.269896193771625104e-01 7.499423298731255905e-01 7.068819684736639131e-01 1.000000000000000000e+00
4.385236447520183267e-01 7.582468281430219115e-01 7.145713187235677166e-01 1.000000000000000000e+00
4.500576701268741431e-01 7.665513264129180104e-01 7.222606689734716312e-01 1.000000000000000000e+00
4.615916955017299594e-01 7.748558246828142204e-01 7.299500192233755458e-01 1.000000000000000000e+00
4.731257208765855538e-01 7.831603229527103194e-01 7.376393694732792383e-01 1.000000000000000000e+00
4.846597462514415922e-01 7.914648212226065294e-01 7.453287197231832639e-01 1.000000000000000000e+00
4.961937716262974085e-01 7.997693194925028504e-01 7.530180699730870675e-01 1.000000000000000000e+00
5.074202229911570772e-01 8.061514801999231095e-01 7.596309111880045206e-01 1.000000000000000000e+00
5.183391003460205981e-01 8.106113033448673066e-01 7.651672433679352903e-01 1.000000000000000000e+00
5.292579777008841191e-01 8.150711264898116148e-01 7.707035755478661709e-01 1.000000000000000000e+00
5.401768550557476400e-01 8.195309496347558120e-01 7.762399077277969406e-01 1.000000000000000000e+00
5.510957324106111610e-01 8.239907727797001202e-01 7.817762399077277102e-01 1.000000000000000000e+00
5.620146097654745709e-01 8.284505959246443174e-01 7.873125720876584799e-01 1.000000000000000000e+00
5.729334871203382029e-01 8.329104190695886256e-01 7.928489042675893606e-01 1.000000000000000000e+00
5.838523644752017239e-01 8.373702422145328228e-01 7.983852364475201302e-01 1.000000000000000000e+00
5.947712418300652448e-01 8.418300653594771310e-01 8.039215686274508998e-01 1.000000000000000000e+00
6.056901191849287658e-01 8.462898885044213282e-01 8.094579008073816695e-01 1.000000000000000000e+00
6.166089965397922867e-01 8.507497116493656364e-01 8.149942329873125502e-01 1.000000000000000000e+00
6.275278738946558077e-01 8.552095347943098336e-01 8.205305651672433198e-01 1.000000000000000000e+00
6.384467512495193287e-01 8.596693579392541418e-01 8.260668973471740895e-01 1.000000000000000000e+00
6.493656286043827386e-01 8.641291810841983390e-01 8.316032295271048591e-01 1.000000000000000000e+00
6.602845059592463706e-01 8.685890042291426472e-01 8.371395617070357398e-01 1.000000000000000000e+00
6.712033833141098915e-01 8.730488273740868443e-01 8.426758938869665094e-01 1.000000000000000000e+00
6.821222606689734125e-01 8.775086505190311525e-01 8.482122260668973901e-01 1.000000000000000000e+00
6.930411380238369334e-01 8.819684736639753497e-01 8.537485582468281597e-01 1.000000000000000000e+00
7.039600153787004544e-01 8.864282968089196579e-01 8.592848904267589294e-01 1.000000000000000000e+00
7.148788927335639753e-01 8.908881199538638551e-01 8.648212226066896990e-01 1.000000000000000000e+00
7.257977700884274963e-01 8.953479430988081633e-01 8.703575547866205797e-01 1.000000000000000000e+00
7.367166474432909062e-01 8.998077662437522495e-01 8.758938869665512383e-01 1.000000000000000000e+00
7.476355247981545382e-01 9.042675893886966687e-01 8.814302191464821190e-01 1.000000000000000000e+00
7.585544021530180592e-01 9.087274125336408659e-01 8.869665513264128887e-01 1.000000000000000000e+00
7.694732795078815801e-01 9.131872356785850631e-01 8.925028835063437693e-01 1.000000000000000000e+00
7.803921568627451011e-01 9.176470588235293713e-01 8.980392156862745390e-01 1.000000000000000000e+00
7.874663590926567203e-01 9.193387158785082391e-01 9.004998077662438316e-01 1.000000000000000000e+00
7.945405613225682284e-01 9.210303729334871070e-01 9.029603998462130132e-01 1.000000000000000000e+00
8.016147635524798476e-01 9.227220299884659749e-01 9.054209919261823059e-01 1.000000000000000000e+00
8.086889657823912447e-01 9.244136870434447317e-01 9.078815840061514875e-01 1.000000000000000000e+00
8.157631680123029749e-01 9.261053440984237106e-01 9.103421760861207801e-01 1.000000000000000000e+00
8.228373702422144831e-01 9.277970011534024675e-01 9.128027681660899617e-01 1.000000000000000000e+00
8.299115724721261023e-01 9.294886582083813353e-01 9.152633602460592543e-01 1.000000000000000000e+00
8.369857747020377214e-01 9.311803152633602032e-01 9.177239523260284360e-01 1.000000000000000000e+00
8.440599769319492296e-01 9.328719723183390711e-01 9.201845444059977286e-01 1.000000000000000000e+00
8.511341791618608488e-01 9.345636293733179389e-01 9.226451364859669102e-01 1.000000000000000000e+00
8.582083813917724679e-01 9.362552864282968068e-01 9.251057285659362028e-01 1.000000000000000000e+00
8.652825836216838651e-01 9.379469434832756747e-01 9.275663206459053844e-01 1.000000000000000000e+00
8.723567858515955953e-01 9.396386005382545425e-01 9.300269127258746771e-01 1.000000000000000000e+00
8.794309880815071034e-01 9.413302575932334104e-01 9.324875048058439697e-01 1.000000000000000000e+00
8.865051903114187226e-01 9.430219146482122783e-01 9.349480968858131513e-01 1.000000000000000000e+00
8.935793925413302308e-01 9.447135717031910351e-01 9.374086889657824440e-01 1.000000000000000000e+00
9.006535947712418499e-01 9.464052287581699030e-01 9.398692810457516256e-01 1.000000000000000000e+00
9.077277970011534691e-01 9.480968858131487709e-01 9.423298731257209182e-01 1.000000000000000000e+00
9.148019992310649773e-01 9.497885428681276387e-01 9.447904652056900998e-01 1.000000000000000000e+00
9.218762014609764854e-01 9.514801999231065066e-01 9.472510572856593924e-01 1.000000000000000000e+00
9.289504036908881046e-01 9.531718569780853745e-01 9.497116493656285741e-01 1.000000000000000000e+00
9.360246059207997238e-01 9.548635140330642423e-01 9.521722414455978667e-01 1.000000000000000000e+00
9.430988081507112319e-01 9.565551710880431102e-01 9.546328335255671593e-01 1.000000000000000000e+00
9.501730103806228511e-01 9.582468281430219781e-01 9.570934256055363409e-01 1.000000000000000000e+00
9.608612072279892891e-01 9.597846981930027166e-01 9.569396386005383226e-01 1.000000000000000000e+00
9.610149942329873074e-01 9.577854671280277010e-01 9.492502883506344080e-01 1.000000000000000000e+00
9.611687812379854368e-01 9.557862360630526855e-01 9.415609381007304934e-01 1.000000000000000000e+00
9.613225682429834551e-01 9.537870049980776699e-01 9.338715878508266899e-01 1.000000000000000000e+00
9.614763552479815845e-01 9.517877739331027653e-01 9.261822376009229973e-01 1.000000000000000000e+00
9.616301422529796028e-01 9.497885428681276387e-01 9.184928873510188607e-01 1.000000000000000000e+00
9.617839292579777322e-01 9.477893118031526232e-01 9.108035371011150572e-01 1.000000000000000000e+00
9.619377162629757505e-01 9.457900807381776076e-01 9.031141868512111426e-01 1.000000000000000000e+00
9.620915032679738799e-01 9.437908496732025920e-01 8.954248366013072280e-01 1.000000000000000000e+00
9.622452902729720092e-01 9.417916186082276875e-01 8.877354863514034244e-01 1.000000000000000000e+00
9.623990772779700276e-01 9.397923875432526719e-01 8.800461361014995099e-01 1.000000000000000000e+00
9.625528642829681569e-01 9.377931564782776563e-01 8.723567858515955953e-01 1.000000000000000000e+00
9.627066512879661753e-01 9.357939254133026408e-01 8.646674356016917917e-01 1.000000000000000000e+00
9.628604382929643046e-01 9.337946943483276252e-01 8.569780853517878771e-01 1.000000000000000000e+00
9.630142252979623230e-01 9.317954632833526096e-01 8.492887351018839626e-01 1.000000000000000000e+00
9.631680123029604523e-01 9.297962322183775941e-01 8.415993848519801590e-01 1.000000000000000000e+00
9.633217993079584707e-01 9.277970011534025785e-01 8.339100346020762444e-01 1.000000000000000000e+00
9.634755863129566000e-01 9.257977700884275629e-01 8.262206843521723298e-01 1.000000000000000000e+00
9.636293733179546184e-01 9.237985390234525473e-01 8.185313341022685263e-01 1.000000000000000000e+00
9.637831603229527477e-01 9.217993079584775318e-01 8.108419838523646117e-01 1.000000000000000000e+00
9.639369473279507661e-01 9.198000768935026272e-01 8.031526336024609192e-01 1.000000000000000000e+00
9.640907343329488954e-01 9.178008458285275006e-01 7.954632833525567825e-01 1.000000000000000000e+00
9.642445213379469138e-01 9.158016147635524851e-01 7.877739331026529790e-01 1.000000000000000000e+00
9.643983083429450431e-01 9.138023836985774695e-01 7.800845828527490644e-01 1.000000000000000000e+00
9.645520953479430615e-01 9.118031526336024539e-01 7.723952326028452608e-01 1.000000000000000000e+00
9.647058823529411908e-01 9.098039215686275494e-01 7.647058823529413463e-01 1.000000000000000000e+00
9.611687812379855478e-01 9.039600153787006320e-01 7.539407920030759547e-01 1.000000000000000000e+00
9.576316801230296827e-01 8.981161091887737147e-01 7.431757016532105631e-01 1.000000000000000000e+00
9.540945790080739286e-01 8.922722029988467973e-01 7.324106113033451715e-01 1.000000000000000000e+00
9.505574778931181745e-01 8.864282968089197690e-01 7.216455209534796689e-01 1.000000000000000000e+00
9.470203767781623094e-01 8.805843906189928516e-01 7.108804306036142773e-01 1.000000000000000000e+00
9.434832756632065554e-01 8.747404844290659343e-01 7.001153402537487747e-01 1.000000000000000000e+00
9.399461745482508013e-01 8.688965782391389059e-01 6.893502499038833831e-01 1.000000000000000000e+00
9.364090734332950472e-01 8.630526720492119885e-01 6.785851595540179915e-01 1.000000000000000000e+00
9.328719723183391821e-01 8.572087658592850712e-01 6.678200692041524889e-01 1.000000000000000000e+00
9.293348712033834280e-01 8.513648596693580428e-01 6.570549788542870973e-01 1.000000000000000000e+00
9.257977700884277850e-01 8.455209534794313475e-01 6.462898885044219277e-01 1.000000000000000000e+00
9.222606689734718088e-01 8.396770472895042081e-01 6.355247981545562030e-01 1.000000000000000000e+00
9.187235678585160548e-01 8.338331410995771797e-01 6.247597078046908115e-01 1.000000000000000000e+00
9.151864667435603007e-01 8.279892349096502624e-01 6.139946174548253088e-01 1.000000000000000000e+00
9.116493656286044356e-01 8.221453287197233450e-01 6.032295271049599172e-01 1.000000000000000000e+00
9.081122645136486815e-01 8.163014225297964277e-01 5.924644367550944146e-01 1.000000000000000000e+00
9.045751633986929274e-01 8.104575163398693993e-01 5.816993464052290230e-01 1.000000000000000000e+00
9.010380622837371734e-01 8.046136101499424820e-01 5.709342560553636314e-01 1.000000000000000000e+00
8.975009611687813083e-01 7.987697039600154536e-01 5.601691657054981288e-01 1.000000000000000000e+00
8.939638600538255542e-01 7.929257977700885363e-01 5.494040753556327372e-01 1.000000000000000000e+00
8.904267589388698001e-01 7.870818915801616189e-01 5.386389850057673456e-01 1.000000000000000000e+00
8.868896578239139350e-01 7.812379853902347016e-01 5.278738946559018430e-01 1.000000000000000000e+00
8.833525567089581809e-01 7.753940792003076732e-01 5.171088043060364514e-01 1.000000000000000000e+00
8.798154555940024268e-01 7.695501730103807558e-01 5.063437139561710598e-01 1.000000000000000000e+00
8.762783544790466728e-01 7.637062668204538385e-01 4.955786236063055572e-01 1.000000000000000000e+00
8.720492118415995586e-01 7.557862360630529519e-01 4.840445982314497408e-01 1.000000000000000000e+00
8.671280276816611954e-01 7.457900807381780961e-01 4.717416378316038883e-01 1.000000000000000000e+00
8.622068435217224991e-01 7.357939254133027962e-01 4.594386774317573141e-01 1.000000000000000000e+00
8.572856593617840248e-01 7.257977700884277183e-01 4.471357170319110730e-01 1.000000000000000000e+00
8.523644752018455506e-01 7.158016147635526405e-01 4.348327566320648319e-01 1.000000000000000000e+00
8.474432910419070764e-01 7.058054594386775626e-01 4.225297962322186462e-01 1.000000000000000000e+00
8.425221068819686021e-01 6.958093041138025958e-01 4.102268358323724051e-01 1.000000000000000000e+00
8.376009227220301279e-01 6.858131487889275180e-01 3.979238754325261640e-01 1.000000000000000000e+00
8.326797385620916536e-01 6.758169934640524401e-01 3.856209150326799229e-01 1.000000000000000000e+00
8.277585544021530684e-01 6.658208381391773623e-01 3.733179546328337373e-01 1.000000000000000000e+00
8.228373702422145941e-01 6.558246828143022844e-01 3.610149942329874961e-01 1.000000000000000000e+00
8.179161860822761199e-01 6.458285274894273176e-01 3.487120338331413105e-01 1.000000000000000000e+00
8.129950019223376456e-01 6.358323721645522397e-01 3.364090734332950694e-01 1.000000000000000000e+00
8.080738177623991714e-01 6.258362168396771619e-01 3.241061130334488283e-01 1.000000000000000000e+00
8.031526336024606971e-01 6.158400615148020840e-01 3.118031526336025872e-01 1.000000000000000000e+00
7.982314494425221119e-01 6.058439061899270062e-01 2.995001922337563460e-01 1.000000000000000000e+00
7.933102652825836376e-01 5.958477508650519283e-01 2.871972318339101049e-01 1.000000000000000000e+00
7.883890811226452744e-01 5.858515955401771835e-01 2.748942714340642524e-01 1.000000000000000000e+00
7.834678969627066891e-01 5.758554402153018836e-01 2.625913110342177337e-01 1.000000000000000000e+00
7.785467128027682149e-01 5.658592848904268058e-01 2.502883506343714926e-01 1.000000000000000000e+00
7.736255286428297406e-01 5.558631295655517279e-01 2.379853902345252514e-01 1.000000000000000000e+00
7.687043444828912664e-01 5.458669742406767611e-01 2.256824298346790103e-01 1.000000000000000000e+00
7.637831603229527921e-01 5.358708189158016832e-01 2.133794694348327692e-01 1.000000000000000000e+00
7.588619761630142069e-01 5.258746635909266054e-01 2.010765090349865281e-01 1.000000000000000000e+00
7.539407920030757326e-01 5.158785082660515275e-01 1.887735486351403424e-01 1.000000000000000000e+00
7.490196078431372584e-01 5.058823529411764497e-01 1.764705882352941013e-01 1.000000000000000000e+00
7.411764705882353255e-01 4.985005767012687383e-01 1.710880430603614055e-01 1.000000000000000000e+00
7.333333333333333925e-01 4.911188004613609714e-01 1.657054978854286820e-01 1.000000000000000000e+00
7.254901960784313486e-01 4.837370242214532601e-01 1.603229527104959584e-01 1.000000000000000000e+00
7.176470588235294157e-01 4.763552479815455487e-01 1.549404075355632626e-01 1.000000000000000000e+00
7.098039215686274828e-01 4.689734717416378373e-01 1.495578623606305391e-01 1.000000000000000000e+00
7.019607843137255498e-01 4.615916955017300705e-01 1.441753171856978155e-01 1.000000000000000000e+00
6.941176470588235059e-01 4.542099192618223591e-01 1.387927720107650920e-01 1.000000000000000000e+00
6.862745098039217950e-01 4.468281430219148143e-01 1.334102268358325349e-01 1.000000000000000000e+00
6.784313725490196401e-01 4.394463667820068808e-01 1.280276816608996726e-01 1.000000000000000000e+00
6.705882352941177071e-01 4.320645905420991695e-01 1.226451364859669491e-01 1.000000000000000000e+00
6.627450980392156632e-01 4.246828143021914581e-01 1.172625913110342255e-01 1.000000000000000000e+00
6.549019607843137303e-01 4.173010380622836912e-01 1.118800461361015020e-01 1.000000000000000000e+00
6.470588235294117974e-01 4.099192618223759799e-01 1.064975009611687923e-01 1.000000000000000000e+00
6.392156862745098644e-01 4.025374855824682685e-01 1.011149557862360548e-01 1.000000000000000000e+00
6.313725490196078205e-01 3.951557093425605016e-01 9.573241061130334517e-02 1.000000000000000000e+00
6.235294117647058876e-01 3.877739331026527903e-01 9.034986543637063550e-02 1.000000000000000000e+00
6.156862745098039547e-01 3.803921568627450789e-01 8.496732026143791194e-02 1.000000000000000000e+00
6.078431372549020217e-01 3.730103806228373120e-01 7.958477508650518839e-02 1.000000000000000000e+00
6.000000000000000888e-01 3.656286043829296561e-01 7.420222991157247872e-02 1.000000000000000000e+00
5.921568627450980449e-01 3.582468281430218893e-01 6.881968473663975516e-02 1.000000000000000000e+00
5.843137254901961120e-01 3.508650519031141779e-01 6.343713956170704549e-02 1.000000000000000000e+00
5.764705882352941790e-01 3.434832756632064665e-01 5.805459438677430806e-02 1.000000000000000000e+00
5.686274509803921351e-01 3.361014994232986997e-01 5.267204921184159838e-02 1.000000000000000000e+00
5.607843137254904242e-01 3.287197231833912103e-01 4.728950403690904136e-02 1.000000000000000000e+00
5.529411764705882693e-01 3.213379469434832769e-01 4.190695886197617903e-02 1.000000000000000000e+00
5.447135717031911240e-01 3.151095732410610917e-01 3.883121876201461181e-02 1.000000000000000000e+00
5.361014994232987663e-01 3.100346020761245436e-01 3.806228373702422174e-02 1.000000000000000000e+00
5.274894271434064086e-01 3.049596309111879955e-01 3.729334871203383167e-02 1.000000000000000000e+00
5.188773548635140509e-01 2.998846597462514474e-01 3.652441368704344160e-02 1.000000000000000000e+00
5.102652825836216932e-01 2.948096885813148438e-01 3.575547866205305847e-02 1.000000000000000000e+00
5.016532103037293355e-01 2.897347174163782957e-01 3.498654363706266840e-02 1.000000000000000000e+00
4.930411380238370334e-01 2.846597462514417476e-01 3.421760861207227833e-02 1.000000000000000000e+00
4.844290657439446757e-01 2.795847750865051995e-01 3.344867358708188826e-02 1.000000000000000000e+00
4.758169934640523180e-01 2.745098039215685959e-01 3.267973856209150513e-02 1.000000000000000000e+00
4.672049211841599603e-01 2.694348327566320478e-01 3.191080353710111506e-02 1.000000000000000000e+00
4.585928489042676026e-01 2.643598615916954997e-01 3.114186851211072499e-02 1.000000000000000000e+00
4.499807766243752449e-01 2.592848904267589516e-01 3.037293348712033839e-02 1.000000000000000000e+00
4.413687043444829428e-01 2.542099192618223480e-01 2.960399846212995179e-02 1.000000000000000000e+00
4.327566320645905851e-01 2.491349480968857999e-01 2.883506343713956172e-02 1.000000000000000000e+00
4.241445597846984494e-01 2.440599769319493906e-01 2.806612841214919593e-02 1.000000000000000000e+00
4.155324875048058697e-01 2.389850057670127037e-01 2.729719338715878504e-02 1.000000000000000000e+00
4.069204152249135120e-01 2.339100346020761001e-01 2.652825836216839497e-02 1.000000000000000000e+00
3.983083429450211543e-01 2.288350634371395520e-01 2.575932333717800837e-02 1.000000000000000000e+00
3.896962706651287967e-01 2.237600922722030039e-01 2.499038831218761830e-02 1.000000000000000000e+00
3.810841983852364390e-01 2.186851211072664558e-01 2.422145328719723170e-02 1.000000000000000000e+00
3.724721261053440813e-01 2.136101499423298522e-01 2.345251826220684163e-02 1.000000000000000000e+00
3.638600538254517236e-01 2.085351787773933041e-01 2.268358323721645503e-02 1.000000000000000000e+00
3.552479815455594214e-01 2.034602076124567560e-01 2.191464821222606843e-02 1.000000000000000000e+00
3.466359092656670637e-01 1.983852364475202079e-01 2.114571318723567836e-02 1.000000000000000000e+00
3.380238369857747061e-01 1.933102652825836043e-01 2.037677816224528829e-02 1.000000000000000000e+00
3.294117647058823484e-01 1.882352941176470562e-01 1.960784313725490169e-02 1.000000000000000000e+00
