3.294117647058823484e-01 1.882352941176470562e-01 1.960784313725490169e-02 1.000000000000000000e+00
3.380238369857747061e-01 1.933102652825836043e-01 2.037677816224529176e-02 1.000000000000000000e+00
3.466359092656670637e-01 1.983852364475201802e-01 2.114571318723567836e-02 1.000000000000000000e+00
3.552479815455594214e-01 2.034602076124567560e-01 2.191464821222606496e-02 1.000000000000000000e+00
3.638600538254517236e-01 2.085351787773933041e-01 2.268358323721645503e-02 1.000000000000000000e+00
3.724721261053440813e-01 2.136101499423298522e-01 2.345251826220684163e-02 1.000000000000000000e+00
3.810841983852364390e-01 2.186851211072664281e-01 2.422145328719723170e-02 1.000000000000000000e+00
3.896962706651287967e-01 2.237600922722030039e-01 2.499038831218761830e-02 1.000000000000000000e+00
3.983083429450211543e-01 2.288350634371395520e-01 2.575932333717800837e-02 1.000000000000000000e+00
4.069204152249135120e-01 2.339100346020761279e-01 2.652825836216839844e-02 1.000000000000000000e+00
4.155324875048058697e-01 2.389850057670126759e-01 2.729719338715878504e-02 1.000000000000000000e+00
4.241445597846982274e-01 2.440599769319492518e-01 2.806612841214917164e-02 1.000000000000000000e+00
4.327566320645905851e-01 2.491349480968857999e-01 2.883506343713956172e-02 1.000000000000000000e+00
4.413687043444828872e-01 2.542099192618223480e-01 2.960399846212994832e-02 1.000000000000000000e+00
4.499807766243753004e-01 2.592848904267589516e-01 3.037293348712033839e-02 1.000000000000000000e+00
4.585928489042676581e-01 2.643598615916954997e-01 3.114186851211072499e-02 1.000000000000000000e+00
4.672049211841599603e-01 2.694348327566320478e-01 3.191080353710111506e-02 1.000000000000000000e+00
4.758169934640523180e-01 2.745098039215685959e-01 3.267973856209149819e-02 1.000000000000000000e+00
4.844290657439446757e-01 2.795847750865051995e-01 3.344867358708189520e-02 1.000000000000000000e+00
4.930411380238370334e-01 2.846597462514417476e-01 3.421760861207227833e-02 1.000000000000000000e+00
5.016532103037293355e-01 2.897347174163782957e-01 3.498654363706266840e-02 1.000000000000000000e+00
5.102652825836216932e-01 2.948096885813148438e-01 3.575547866205305847e-02 1.000000000000000000e+00
5.188773548635140509e-01 2.998846597462514474e-01 3.652441368704344160e-02 1.000000000000000000e+00
5.274894271434064086e-01 3.049596309111879955e-01 3.729334871203383167e-02 1.000000000000000000e+00
5.361014994232987663e-01 3.100346020761245436e-01 3.806228373702422174e-02 1.000000000000000000e+00
5.447135717031911240e-01 3.151095732410611472e-01 3.883121876201460487e-02 1.000000000000000000e+00
5.529411764705882693e-01 3.213379469434832769e-01 4.190695886197616515e-02 1.000000000000000000e+00
5.607843137254902022e-01 3.287197231833909883e-01 4.728950403690888177e-02 1.000000000000000000e+00
5.686274509803922461e-01 3.361014994232986997e-01 5.267204921184159838e-02 1.000000000000000000e+00
5.764705882352941790e-01 3.434832756632064665e-01 5.805459438677432193e-02 1.000000000000000000e+00
5.843137254901961120e-01 3.508650519031141779e-01 6.343713956170704549e-02 1.000000000000000000e+00
5.921568627450980449e-01 3.582468281430218893e-01 6.881968473663975516e-02 1.000000000000000000e+00
6.000000000000000888e-01 3.656286043829296006e-01 7.420222991157246484e-02 1.000000000000000000e+00
6.078431372549019107e-01 3.730103806228373120e-01 7.958477508650516064e-02 1.000000000000000000e+00
6.156862745098039547e-01 3.803921568627450789e-01 8.496732026143791194e-02 1.000000000000000000e+00
6.235294117647058876e-01 3.877739331026527903e-01 9.034986543637063550e-02 1.000000000000000000e+00
6.313725490196078205e-01 3.951557093425605016e-01 9.573241061130334517e-02 1.000000000000000000e+00
6.392156862745097534e-01 4.025374855824682130e-01 1.011149557862360271e-01 1.000000000000000000e+00
6.470588235294117974e-01 4.099192618223759799e-01 1.064975009611687784e-01 1.000000000000000000e+00
6.549019607843137303e-01 4.173010380622836912e-01 1.118800461361015020e-01 1.000000000000000000e+00
6.627450980392156632e-01 4.246828143021914581e-01 1.172625913110342255e-01 1.000000000000000000e+00
6.705882352941175961e-01 4.320645905420991140e-01 1.226451364859669074e-01 1.000000000000000000e+00
6.784313725490196401e-01 4.394463667820068808e-01 1.280276816608996726e-01 1.000000000000000000e+00
6.862745098039215730e-01 4.468281430219146477e-01 1.334102268358323684e-01 1.000000000000000000e+00
6.941176470588235059e-01 4.542099192618223591e-01 1.387927720107650920e-01 1.000000000000000000e+00
7.019607843137254388e-01 4.615916955017300705e-01 1.441753171856977600e-01 1.000000000000000000e+00
7.098039215686274828e-01 4.689734717416378373e-01 1.495578623606305391e-01 1.000000000000000000e+00
7.176470588235294157e-01 4.763552479815455487e-01 1.549404075355632626e-01 1.000000000000000000e+00
7.254901960784313486e-01 4.837370242214532601e-01 1.603229527104959584e-01 1.000000000000000000e+00
7.333333333333332815e-01 4.911188004613609159e-01 1.657054978854286542e-01 1.000000000000000000e+00
7.411764705882353255e-01 4.985005767012687383e-01 1.710880430603614055e-01 1.000000000000000000e+00
7.490196078431372584e-01 5.058823529411764497e-01 1.764705882352941291e-01 1.000000000000000000e+00
7.539407920030757326e-01 5.158785082660515275e-01 1.887735486351403424e-01 1.000000000000000000e+00
7.588619761630142069e-01 5.258746635909264944e-01 2.010765090349864448e-01 1.000000000000000000e+00
7.637831603229526811e-01 5.358708189158015722e-01 2.133794694348327414e-01 1.000000000000000000e+00
7.687043444828911554e-01 5.458669742406766501e-01 2.256824298346789548e-01 1.000000000000000000e+00
7.736255286428296296e-01 5.558631295655516169e-01 2.379853902345251404e-01 1.000000000000000000e+00
7.785467128027681039e-01 5.658592848904265837e-01 2.502883506343712705e-01 1.000000000000000000e+00
7.834678969627066891e-01 5.758554402153017726e-01 2.625913110342175671e-01 1.000000000000000000e+00
7.883890811226451634e-01 5.858515955401767394e-01 2.748942714340637528e-01 1.000000000000000000e+00
7.933102652825836376e-01 5.958477508650518173e-01 2.871972318339099939e-01 1.000000000000000000e+00
7.982314494425220008e-01 6.058439061899267841e-01 2.995001922337561240e-01 1.000000000000000000e+00
8.031526336024605861e-01 6.158400615148018620e-01 3.118031526336023651e-01 1.000000000000000000e+00
8.080738177623990603e-01 6.258362168396769398e-01 3.241061130334486062e-01 1.000000000000000000e+00
8.129950019223375346e-01 6.358323721645520177e-01 3.364090734332948474e-01 1.000000000000000000e+00
8.179161860822760088e-01 6.458285274894270955e-01 3.487120338331410330e-01 1.000000000000000000e+00
8.228373702422144831e-01 6.558246828143019513e-01 3.610149942329870520e-01 1.000000000000000000e+00
8.277585544021529573e-01 6.658208381391771402e-01 3.733179546328334597e-01 1.000000000000000000e+00
8.326797385620914316e-01 6.758169934640521070e-01 3.856209150326795898e-01 1.000000000000000000e+00
8.376009227220299058e-01 6.858131487889271849e-01 3.979238754325258309e-01 1.000000000000000000e+00
8.425221068819683801e-01 6.958093041138022627e-01 4.102268358323720721e-01 1.000000000000000000e+00
8.474432910419069653e-01 7.058054594386773406e-01 4.225297962322182022e-01 1.000000000000000000e+00
8.523644752018453286e-01 7.158016147635523074e-01 4.348327566320644433e-01 1.000000000000000000e+00
8.572856593617839138e-01 7.257977700884273853e-01 4.471357170319106844e-01 1.000000000000000000e+00
8.622068435217222770e-01 7.357939254133022411e-01 4.594386774317567035e-01 1.000000000000000000e+00
8.671280276816608623e-01 7.457900807381774300e-01 4.717416378316030556e-01 1.000000000000000000e+00
8.720492118415993366e-01 7.557862360630525078e-01 4.840445982314492968e-01 1.000000000000000000e+00
8.762783544790464507e-01 7.637062668204535054e-01 4.955786236063051131e-01 1.000000000000000000e+00
8.798154555940023158e-01 7.695501730103805338e-01 5.063437139561705047e-01 1.000000000000000000e+00
8.833525567089580699e-01 7.753940792003074511e-01 5.171088043060360073e-01 1.000000000000000000e+00
8.868896578239138240e-01 7.812379853902343685e-01 5.278738946559013989e-01 1.000000000000000000e+00
8.904267589388695781e-01 7.870818915801613969e-01 5.386389850057669015e-01 1.000000000000000000e+00
8.939638600538253321e-01 7.929257977700882032e-01 5.494040753556321821e-01 1.000000000000000000e+00
8.975009611687811972e-01 7.987697039600152316e-01 5.601691657054976847e-01 1.000000000000000000e+00
9.010380622837369513e-01 8.046136101499422599e-01 5.709342560553631873e-01 1.000000000000000000e+00
9.045751633986928164e-01 8.104575163398691773e-01 5.816993464052286900e-01 1.000000000000000000e+00
9.081122645136485705e-01 8.163014225297962057e-01 5.924644367550940816e-01 1.000000000000000000e+00
9.116493656286043246e-01 8.221453287197231230e-01 6.032295271049594731e-01 1.000000000000000000e+00
9.151864667435601897e-01 8.279892349096500404e-01 6.139946174548249758e-01 1.000000000000000000e+00
9.187235678585159437e-01 8.338331410995769577e-01 6.247597078046903674e-01 1.000000000000000000e+00
9.222606689734716978e-01 8.396770472895038750e-01 6.355247981545557590e-01 1.000000000000000000e+00
9.257977700884275629e-01 8.455209534794309034e-01 6.462898885044212616e-01 1.000000000000000000e+00
9.293348712033833170e-01 8.513648596693579318e-01 6.570549788542867642e-01 1.000000000000000000e+00
9.328719723183390711e-01 8.572087658592848491e-01 6.678200692041521558e-01 1.000000000000000000e+00
9.364090734332948252e-01 8.630526720492117665e-01 6.785851595540175474e-01 1.000000000000000000e+00
9.399461745482506903e-01 8.688965782391387949e-01 6.893502499038830500e-01 1.000000000000000000e+00
9.434832756632064443e-01 8.747404844290657122e-01 7.001153402537484416e-01 1.000000000000000000e+00
9.470203767781621984e-01 8.805843906189926296e-01 7.108804306036139442e-01 1.000000000000000000e+00
9.505574778931179525e-01 8.864282968089195469e-01 7.216455209534792248e-01 1.000000000000000000e+00
9.540945790080738176e-01 8.922722029988465753e-01 7.324106113033448384e-01 1.000000000000000000e+00
9.576316801230295717e-01 8.981161091887734926e-01 7.431757016532102300e-01 1.000000000000000000e+00
9.611687812379854368e-01 9.039600153787005210e-01 7.539407920030756216e-01 1.000000000000000000e+00
9.647058823529411908e-01 9.098039215686274384e-01 7.647058823529411242e-01 1.000000000000000000e+00
9.645520953479430615e-01 9.118031526336024539e-01 7.723952326028450388e-01 1.000000000000000000e+00
9.643983083429450431e-01 9.138023836985774695e-01 7.800845828527488424e-01 1.000000000000000000e+00
9.642445213379469138e-01 9.158016147635524851e-01 7.877739331026527569e-01 1.000000000000000000e+00
9.640907343329488954e-01 9.178008458285275006e-01 7.954632833525565605e-01 1.000000000000000000e+00
9.639369473279507661e-01 9.198000768935025162e-01 8.031526336024605861e-01 1.000000000000000000e+00
9.637831603229527477e-01 9.217993079584775318e-01 8.108419838523643897e-01 1.000000000000000000e+00
9.636293733179546184e-01 9.237985390234525473e-01 8.185313341022683042e-01 1.000000000000000000e+00
9.634755863129566000e-01 9.257977700884275629e-01 8.262206843521722188e-01 1.000000000000000000e+00
9.633217993079584707e-01 9.277970011534025785e-01 8.339100346020761334e-01 1.000000000000000000e+00
9.631680123029604523e-01 9.297962322183775941e-01 8.415993848519800480e-01 1.000000000000000000e+00
9.630142252979623230e-01 9.317954632833526096e-01 8.492887351018838515e-01 1.000000000000000000e+00
9.628604382929643046e-01 9.337946943483275142e-01 8.569780853517876551e-01 1.000000000000000000e+00
9.627066512879661753e-01 9.357939254133025297e-01 8.646674356016916807e-01 1.000000000000000000e+00
9.625528642829681569e-01 9.377931564782775453e-01 8.723567858515954843e-01 1.000000000000000000e+00
9.623990772779700276e-01 9.397923875432525609e-01 8.800461361014993988e-01 1.000000000000000000e+00
9.622452902729720092e-01 9.417916186082275765e-01 8.877354863514033134e-01 1.000000000000000000e+00
9.620915032679738799e-01 9.437908496732025920e-01 8.954248366013071170e-01 1.000000000000000000e+00
9.619377162629757505e-01 9.457900807381776076e-01 9.031141868512111426e-01 1.000000000000000000e+00
9.617839292579777322e-01 9.477893118031526232e-01 9.108035371011149461e-01 1.000000000000000000e+00
9.616301422529796028e-01 9.497885428681276387e-01 9.184928873510187497e-01 1.000000000000000000e+00
9.614763552479815845e-01 9.517877739331026543e-01 9.261822376009227753e-01 1.000000000000000000e+00
9.613225682429834551e-01 9.537870049980776699e-01 9.338715878508265789e-01 1.000000000000000000e+00
9.611687812379854368e-01 9.557862360630526855e-01 9.415609381007304934e-01 1.000000000000000000e+00
9.610149942329873074e-01 9.577854671280277010e-01 9.492502883506344080e-01 1.000000000000000000e+00
9.572472126105344703e-01 9.599384851980008460e-01 9.595540176855056336e-01 1.000000000000000000e+00
9.501730103806228511e-01 9.582468281430219781e-01 9.570934256055363409e-01 1.000000000000000000e+00
9.430988081507113430e-01 9.565551710880431102e-01 9.546328335255671593e-01 1.000000000000000000e+00
9.360246059207997238e-01 9.548635140330642423e-01 9.521722414455978667e-01 1.000000000000000000e+00
9.289504036908884377e-01 9.531718569780853745e-01 9.497116493656286851e-01 1.000000000000000000e+00
9.218762014609765965e-01 9.514801999231065066e-01 9.472510572856593924e-01 1.000000000000000000e+00
9.148019992310650883e-01 9.497885428681276387e-01 9.447904652056902108e-01 1.000000000000000000e+00
9.077277970011534691e-01 9.480968858131487709e-01 9.423298731257209182e-01 1.000000000000000000e+00
9.006535947712419610e-01 9.464052287581699030e-01 9.398692810457517366e-01 1.000000000000000000e+00
8.935793925413303418e-01 9.447135717031911462e-01 9.374086889657824440e-01 1.000000000000000000e+00
8.865051903114188336e-01 9.430219146482122783e-01 9.349480968858132623e-01 1.000000000000000000e+00
8.794309880815072145e-01 9.413302575932334104e-01 9.324875048058439697e-01 1.000000000000000000e+00
8.723567858515957063e-01 9.396386005382545425e-01 9.300269127258746771e-01 1.000000000000000000e+00
8.652825836216840871e-01 9.379469434832756747e-01 9.275663206459054955e-01 1.000000000000000000e+00
8.582083813917725790e-01 9.362552864282968068e-01 9.251057285659362028e-01 1.000000000000000000e+00
8.511341791618609598e-01 9.345636293733179389e-01 9.226451364859670212e-01 1.000000000000000000e+00
8.440599769319494516e-01 9.328719723183390711e-01 9.201845444059977286e-01 1.000000000000000000e+00
8.369857747020378325e-01 9.311803152633603142e-01 9.177239523260285470e-01 1.000000000000000000e+00
8.299115724721262133e-01 9.294886582083814464e-01 9.152633602460592543e-01 1.000000000000000000e+00
8.228373702422147051e-01 9.277970011534025785e-01 9.128027681660900727e-01 1.000000000000000000e+00
8.157631680123033080e-01 9.261053440984237106e-01 9.103421760861208911e-01 1.000000000000000000e+00
8.086889657823915778e-01 9.244136870434448428e-01 9.078815840061515985e-01 1.000000000000000000e+00
8.016147635524799586e-01 9.227220299884659749e-01 9.054209919261823059e-01 1.000000000000000000e+00
7.945405613225684505e-01 9.210303729334871070e-01 9.029603998462131242e-01 1.000000000000000000e+00
7.874663590926568313e-01 9.193387158785082391e-01 9.004998077662438316e-01 1.000000000000000000e+00
7.803921568627453231e-01 9.176470588235293713e-01 8.980392156862746500e-01 1.000000000000000000e+00
7.694732795078819132e-01 9.131872356785852851e-01 8.925028835063438803e-01 1.000000000000000000e+00
7.585544021530183922e-01 9.087274125336409769e-01 8.869665513264131107e-01 1.000000000000000000e+00
7.476355247981548713e-01 9.042675893886967797e-01 8.814302191464823411e-01 1.000000000000000000e+00
7.367166474432913503e-01 8.998077662437524715e-01 8.758938869665514604e-01 1.000000000000000000e+00
7.257977700884278294e-01 8.953479430988082743e-01 8.703575547866206907e-01 1.000000000000000000e+00
7.148788927335643084e-01 8.908881199538639661e-01 8.648212226066899211e-01 1.000000000000000000e+00
7.039600153787007875e-01 8.864282968089197690e-01 8.592848904267591514e-01 1.000000000000000000e+00
6.930411380238372665e-01 8.819684736639754608e-01 8.537485582468282708e-01 1.000000000000000000e+00
6.821222606689737455e-01 8.775086505190312636e-01 8.482122260668975011e-01 1.000000000000000000e+00
6.712033833141102246e-01 8.730488273740869554e-01 8.426758938869667315e-01 1.000000000000000000e+00
6.602845059592470367e-01 8.685890042291428692e-01 8.371395617070360728e-01 1.000000000000000000e+00
6.493656286043831827e-01 8.641291810841984500e-01 8.316032295271050812e-01 1.000000000000000000e+00
6.384467512495197727e-01 8.596693579392542528e-01 8.260668973471743115e-01 1.000000000000000000e+00
6.275278738946561408e-01 8.552095347943100556e-01 8.205305651672435419e-01 1.000000000000000000e+00
6.166089965397927308e-01 8.507497116493657474e-01 8.149942329873127722e-01 1.000000000000000000e+00
6.056901191849292099e-01 8.462898885044215502e-01 8.094579008073818915e-01 1.000000000000000000e+00
5.947712418300656889e-01 8.418300653594772420e-01 8.039215686274511219e-01 1.000000000000000000e+00
5.838523644752021680e-01 8.373702422145330448e-01 7.983852364475203522e-01 1.000000000000000000e+00
5.729334871203386470e-01 8.329104190695887366e-01 7.928489042675894716e-01 1.000000000000000000e+00
5.620146097654751260e-01 8.284505959246445395e-01 7.873125720876587019e-01 1.000000000000000000e+00
5.510957324106116051e-01 8.239907727797002313e-01 7.817762399077279323e-01 1.000000000000000000e+00
5.401768550557480841e-01 8.195309496347560341e-01 7.762399077277971626e-01 1.000000000000000000e+00
5.292579777008845632e-01 8.150711264898117259e-01 7.707035755478663930e-01 1.000000000000000000e+00
5.183391003460210422e-01 8.106113033448675287e-01 7.651672433679355123e-01 1.000000000000000000e+00
5.074202229911575213e-01 8.061514801999232205e-01 7.596309111880047427e-01 1.000000000000000000e+00
4.961937716262979081e-01 7.997693194925031834e-01 7.530180699730875116e-01 1.000000000000000000e+00
4.846597462514423693e-01 7.914648212226071955e-01 7.453287197231838190e-01 1.000000000000000000e+00
4.731257208765862199e-01 7.831603229527107635e-01 7.376393694732796824e-01 1.000000000000000000e+00
4.615916955017304035e-01 7.748558246828145535e-01 7.299500192233757678e-01 1.000000000000000000e+00
4.500576701268745317e-01 7.665513264129183435e-01 7.222606689734718532e-01 1.000000000000000000e+00
4.385236447520187153e-01 7.582468281430221335e-01 7.145713187235680497e-01 1.000000000000000000e+00
4.269896193771628989e-01 7.499423298731259235e-01 7.068819684736641351e-01 1.000000000000000000e+00
4.154555940023070271e-01 7.416378316032297136e-01 6.991926182237602205e-01 1.000000000000000000e+00
4.039215686274512107e-01 7.333333333333335036e-01 6.915032679738563060e-01 1.000000000000000000e+00
3.923875432525953943e-01 7.250288350634372936e-01 6.838139177239523914e-01 1.000000000000000000e+00
3.808535178777395225e-01 7.167243367935410836e-01 6.761245674740485878e-01 1.000000000000000000e+00
3.693194925028837061e-01 7.084198385236448736e-01 6.684352172241446732e-01 1.000000000000000000e+00
3.577854671280278342e-01 7.001153402537486636e-01 6.607458669742407587e-01 1.000000000000000000e+00
3.462514417531720179e-01 6.918108419838524537e-01 6.530565167243369551e-01 1.000000000000000000e+00
3.347174163783162015e-01 6.835063437139562437e-01 6.453671664744330405e-01 1.000000000000000000e+00
3.231833910034603297e-01 6.752018454440600337e-01 6.376778162245291259e-01 1.000000000000000000e+00
3.116493656286045133e-01 6.668973471741639347e-01 6.299884659746252114e-01 1.000000000000000000e+00
3.001153402537489745e-01 6.585928489042679468e-01 6.222991157247215188e-01 1.000000000000000000e+00
2.885813148788928251e-01 6.502883506343715148e-01 6.146097654748174932e-01 1.000000000000000000e+00
2.770472895040370087e-01 6.419838523644753048e-01 6.069204152249135786e-01 1.000000000000000000e+00
2.655132641291811924e-01 6.336793540945790948e-01 5.992310649750096641e-01 1.000000000000000000e+00
2.539792387543253760e-01 6.253748558246828848e-01 5.915417147251057495e-01 1.000000000000000000e+00
2.424452133794695041e-01 6.170703575547866748e-01 5.838523644752018349e-01 1.000000000000000000e+00
2.309111880046136878e-01 6.087658592848904648e-01 5.761630142252980313e-01 1.000000000000000000e+00
2.193771626297578714e-01 6.004613610149942549e-01 5.684736639753941168e-01 1.000000000000000000e+00
2.078431372549019995e-01 5.921568627450980449e-01 5.607843137254902022e-01 1.000000000000000000e+00
1.998462129950019373e-01 5.846212995001922597e-01 5.532487504805844170e-01 1.000000000000000000e+00
1.918492887351019027e-01 5.770857362552864744e-01 5.457131872356786317e-01 1.000000000000000000e+00
1.838523644752018682e-01 5.695501730103805782e-01 5.381776239907727355e-01 1.000000000000000000e+00
1.758554402153018059e-01 5.620146097654747930e-01 5.306420607458669503e-01 1.000000000000000000e+00
1.678585159554017714e-01 5.544790465205690078e-01 5.231064975009611651e-01 1.000000000000000000e+00
1.598615916955017369e-01 5.469434832756632225e-01 5.155709342560553798e-01 1.000000000000000000e+00
1.518646674356017023e-01 5.394079200307574373e-01 5.080353710111495946e-01 1.000000000000000000e+00
1.438677431757018899e-01 5.318723567858518742e-01 5.004998077662439204e-01 1.000000000000000000e+00
1.358708189158016055e-01 5.243367935409457559e-01 4.929642445213379687e-01 1.000000000000000000e+00
1.278738946559015988e-01 5.168012302960399706e-01 4.854286812764321279e-01 1.000000000000000000e+00
1.198769703960015504e-01 5.092656670511341854e-01 4.778931180315263427e-01 1.000000000000000000e+00
1.118800461361015158e-01 5.017301038062284002e-01 4.703575547866205575e-01 1.000000000000000000e+00
1.038831218762014813e-01 4.941945405613226150e-01 4.628219915417147723e-01 1.000000000000000000e+00
9.588619761630141902e-02 4.866589773164167743e-01 4.552864282968089316e-01 1.000000000000000000e+00
8.788927335640139837e-02 4.791234140715109890e-01 4.477508650519031463e-01 1.000000000000000000e+00
7.989234909650136385e-02 4.715878508266051483e-01 4.402153018069973056e-01 1.000000000000000000e+00
7.189542483660132932e-02 4.640522875816993631e-01 4.326797385620915204e-01 1.000000000000000000e+00
6.389850057670126704e-02 4.565167243367935779e-01 4.251441753171857352e-01 1.000000000000000000e+00
5.590157631680123251e-02 4.489811610918877371e-01 4.176086120722798944e-01 1.000000000000000000e+00
4.790465205690119799e-02 4.414455978469819519e-01 4.100730488273741092e-01 1.000000000000000000e+00
3.990772779700116346e-02 4.339100346020761112e-01 4.025374855824682685e-01 1.000000000000000000e+00
3.191080353710112893e-02 4.263744713571703260e-01 3.950019223375624833e-01 1.000000000000000000e+00
2.391387927720109441e-02 4.188389081122645408e-01 3.874663590926566981e-01 1.000000000000000000e+00
1.591695501730128193e-02 4.113033448673589776e-01 3.799307958477511349e-01 1.000000000000000000e+00
7.920030757401025356e-03 4.037677816224529703e-01 3.723952326028451276e-01 1.000000000000000000e+00
3.844675124951941678e-03 3.967704728950404158e-01 3.650903498654363699e-01 1.000000000000000000e+00
3.690888119953863924e-03 3.903114186851211476e-01 3.580161476355248062e-01 1.000000000000000000e+00
3.537101114955786170e-03 3.838523644752018793e-01 3.509419454056132426e-01 1.000000000000000000e+00
3.383314109957708416e-03 3.773933102652826110e-01 3.438677431757016789e-01 1.000000000000000000e+00
3.229527104959630662e-03 3.709342560553633428e-01 3.367935409457901152e-01 1.000000000000000000e+00
3.075740099961553342e-03 3.644752018454440745e-01 3.297193387158785516e-01 1.000000000000000000e+00
2.921953094963475588e-03 3.580161476355248062e-01 3.226451364859669324e-01 1.000000000000000000e+00
2.768166089965397834e-03 3.515570934256055380e-01 3.155709342560553687e-01 1.000000000000000000e+00
2.614379084967320514e-03 3.450980392156862697e-01 3.084967320261438051e-01 1.000000000000000000e+00
2.460592079969242327e-03 3.386389850057670015e-01 3.014225297962322414e-01 1.000000000000000000e+00
2.306805074971165007e-03 3.321799307958477332e-01 2.943483275663206777e-01 1.000000000000000000e+00
2.153018069973087253e-03 3.257208765859285204e-01 2.872741253364090586e-01 1.000000000000000000e+00
1.999231064975009499e-03 3.192618223760092522e-01 2.801999231064974949e-01 1.000000000000000000e+00
1.845444059976931745e-03 3.128027681660899839e-01 2.731257208765859312e-01 1.000000000000000000e+00
1.691657054978858762e-03 3.063437139561708822e-01 2.660515186466745341e-01 1.000000000000000000e+00
1.537870049980776671e-03 2.998846597462514474e-01 2.589773164167628039e-01 1.000000000000000000e+00
1.384083044982698917e-03 2.934256055363321791e-01 2.519031141868511847e-01 1.000000000000000000e+00
1.230296039984621163e-03 2.869665513264129109e-01 2.448289119569396488e-01 1.000000000000000000e+00
1.076509034986543843e-03 2.805074971164936981e-01 2.377547097270280851e-01 1.000000000000000000e+00
9.227220299884660894e-04 2.740484429065743743e-01 2.306805074971164937e-01 1.000000000000000000e+00
7.689350249903883355e-04 2.675893886966551616e-01 2.236063052672049301e-01 1.000000000000000000e+00
6.151480199923105817e-04 2.611303344867358378e-01 2.165321030372933386e-01 1.000000000000000000e+00
4.613610149942332615e-04 2.546712802768166251e-01 2.094579008073817750e-01 1.000000000000000000e+00
3.075740099961555077e-04 2.482122260668973568e-01 2.023836985774702113e-01 1.000000000000000000e+00
1.537870049980777538e-04 2.417531718569780885e-01 1.953094963475586199e-01 1.000000000000000000e+00
0.000000000000000000e+00 2.352941176470588203e-01 1.882352941176470562e-01 1.000000000000000000e+00
