9.686274509803921573e-01 9.882352941176471006e-01 9.921568627450980671e-01 1.000000000000000000e+00
9.664129181084198938e-01 9.873740868896578871e-01 9.916647443291042308e-01 1.000000000000000000e+00
9.641983852364475194e-01 9.865128796616686735e-01 9.911726259131103944e-01 1.000000000000000000e+00
9.619838523644752559e-01 9.856516724336793489e-01 9.906805074971165581e-01 1.000000000000000000e+00
9.597693194925028815e-01 9.847904652056901353e-01 9.901883890811227218e-01 1.000000000000000000e+00
9.575547866205306180e-01 9.839292579777009218e-01 9.896962706651287744e-01 1.000000000000000000e+00
9.553402537485582435e-01 9.830680507497117082e-01 9.892041522491349381e-01 1.000000000000000000e+00
9.531257208765859801e-01 9.822068435217224946e-01 9.887120338331411018e-01 1.000000000000000000e+00
9.509111880046136056e-01 9.813456362937331701e-01 9.882199154171472655e-01 1.000000000000000000e+00
9.486966551326413422e-01 9.804844290657439565e-01 9.877277970011534292e-01 1.000000000000000000e+00
9.464821222606689677e-01 9.796232218377547429e-01 9.872356785851595928e-01 1.000000000000000000e+00
9.442675893886967042e-01 9.787620146097655294e-01 9.867435601691657565e-01 1.000000000000000000e+00
9.420530565167243298e-01 9.779008073817763158e-01 9.862514417531718092e-01 1.000000000000000000e+00
9.398385236447520663e-01 9.770396001537869912e-01 9.857593233371779728e-01 1.000000000000000000e+00
9.376239907727796918e-01 9.761783929257977777e-01 9.852672049211841365e-01 1.000000000000000000e+00
9.354094579008074284e-01 9.753171856978085641e-01 9.847750865051903002e-01 1.000000000000000000e+00
9.331949250288350539e-01 9.744559784698193505e-01 9.842829680891964639e-01 1.000000000000000000e+00
9.309803921568627905e-01 9.735947712418301370e-01 9.837908496732026276e-01 1.000000000000000000e+00
9.287658592848904160e-01 9.727335640138408124e-01 9.832987312572087912e-01 1.000000000000000000e+00
9.265513264129181525e-01 9.718723567858515988e-01 9.828066128412149549e-01 1.000000000000000000e+00
9.243367935409457781e-01 9.710111495578623853e-01 9.823144944252210076e-01 1.000000000000000000e+00
9.221222606689735146e-01 9.701499423298731717e-01 9.818223760092271712e-01 1.000000000000000000e+00
9.199077277970011401e-01 9.692887351018839581e-01 9.813302575932333349e-01 1.000000000000000000e+00
9.176931949250288767e-01 9.684275278738947446e-01 9.808381391772394986e-01 1.000000000000000000e+00
9.154786620530565022e-01 9.675663206459054200e-01 9.803460207612456623e-01 1.000000000000000000e+00
9.132641291810842388e-01 9.667051134179162064e-01 9.798539023452518260e-01 1.000000000000000000e+00
9.110495963091118643e-01 9.658439061899269928e-01 9.793617839292579896e-01 1.000000000000000000e+00
9.088350634371396009e-01 9.649826989619377793e-01 9.788696655132641533e-01 1.000000000000000000e+00
9.066205305651672264e-01 9.641214917339484547e-01 9.783775470972702060e-01 1.000000000000000000e+00
9.044059976931949629e-01 9.632602845059592411e-01 9.778854286812763696e-01 1.000000000000000000e+00
9.021914648212225885e-01 9.623990772779700276e-01 9.773933102652825333e-01 1.000000000000000000e+00
8.999769319492503250e-01 9.615378700499808140e-01 9.769011918492886970e-01 1.000000000000000000e+00
8.976547481737793266e-01 9.606459054209919302e-01 9.761783929257977777e-01 1.000000000000000000e+00
8.945790080738178496e-01 9.595386389850057984e-01 9.738408304498269441e-01 1.000000000000000000e+00
8.915032679738562615e-01 9.584313725490196667e-01 9.715032679738562216e-01 1.000000000000000000e+00
8.884275278738946735e-01 9.573241061130334240e-01 9.691657054978853880e-01 1.000000000000000000e+00
8.853517877739330855e-01 9.562168396770472922e-01 9.668281430219146655e-01 1.000000000000000000e+00
8.822760476739716085e-01 9.551095732410611605e-01 9.644905805459438319e-01 1.000000000000000000e+00
8.792003075740100204e-01 9.540023068050750288e-01 9.621530180699731094e-01 1.000000000000000000e+00
8.761245674740484324e-01 9.528950403690888971e-01 9.598154555940022759e-01 1.000000000000000000e+00
8.730488273740869554e-01 9.517877739331026543e-01 9.574778931180315533e-01 1.000000000000000000e+00
8.699730872741253673e-01 9.506805074971165226e-01 9.551403306420607198e-01 1.000000000000000000e+00
8.668973471741637793e-01 9.495732410611303909e-01 9.528027681660899972e-01 1.000000000000000000e+00
8.638216070742023023e-01 9.484659746251442591e-01 9.504652056901191637e-01 1.000000000000000000e+00
8.607458669742407142e-01 9.473587081891580164e-01 9.481276432141484412e-01 1.000000000000000000e+00
8.576701268742792372e-01 9.462514417531718847e-01 9.457900807381776076e-01 1.000000000000000000e+00
8.545943867743176492e-01 9.451441753171857529e-01 9.434525182622068851e-01 1.000000000000000000e+00
8.515186466743560612e-01 9.440369088811996212e-01 9.411149557862360515e-01 1.000000000000000000e+00
8.484429065743944731e-01 9.429296424452133785e-01 9.387773933102653290e-01 1.000000000000000000e+00
8.453671664744329961e-01 9.418223760092272467e-01 9.364398308342944954e-01 1.000000000000000000e+00
8.422914263744714081e-01 9.407151095732411150e-01 9.341022683583237729e-01 1.000000000000000000e+00
8.392156862745098200e-01 9.396078431372549833e-01 9.317647058823529393e-01 1.000000000000000000e+00
8.361399461745483430e-01 9.385005767012687405e-01 9.294271434063821058e-01 1.000000000000000000e+00
8.330642060745867550e-01 9.373933102652826088e-01 9.270895809304113833e-01 1.000000000000000000e+00
8.299884659746251669e-01 9.362860438292964771e-01 9.247520184544406607e-01 1.000000000000000000e+00
8.269127258746635789e-01 9.351787773933103454e-01 9.224144559784698272e-01 1.000000000000000000e+00
8.238369857747021019e-01 9.340715109573241026e-01 9.200768935024989936e-01 1.000000000000000000e+00
8.207612456747405139e-01 9.329642445213379709e-01 9.177393310265282711e-01 1.000000000000000000e+00
8.176855055747789258e-01 9.318569780853518392e-01 9.154017685505574375e-01 1.000000000000000000e+00
8.146097654748174488e-01 9.307497116493657074e-01 9.130642060745867150e-01 1.000000000000000000e+00
8.115340253748558608e-01 9.296424452133794647e-01 9.107266435986158815e-01 1.000000000000000000e+00
8.084582852748943838e-01 9.285351787773933330e-01 9.083890811226451589e-01 1.000000000000000000e+00
8.053825451749327957e-01 9.274279123414072012e-01 9.060515186466743254e-01 1.000000000000000000e+00
8.023068050749712077e-01 9.263206459054210695e-01 9.037139561707036028e-01 1.000000000000000000e+00
7.984313725490196356e-01 9.248750480584391198e-01 9.010688196847366216e-01 1.000000000000000000e+00
7.921568627450981115e-01 9.224144559784698272e-01 8.975009611687811972e-01 1.000000000000000000e+00
7.858823529411765874e-01 9.199538638985006456e-01 8.939331026528258839e-01 1.000000000000000000e+00
7.796078431372549522e-01 9.174932718185313529e-01 8.903652441368704595e-01 1.000000000000000000e+00
7.733333333333333171e-01 9.150326797385621713e-01 8.867973856209150352e-01 1.000000000000000000e+00
7.670588235294117929e-01 9.125720876585928787e-01 8.832295271049596108e-01 1.000000000000000000e+00
7.607843137254902688e-01 9.101114955786235861e-01 8.796616685890041865e-01 1.000000000000000000e+00
7.545098039215686336e-01 9.076509034986544044e-01 8.760938100730488731e-01 1.000000000000000000e+00
7.482352941176471095e-01 9.051903114186851118e-01 8.725259515570934488e-01 1.000000000000000000e+00
7.419607843137254743e-01 9.027297193387159302e-01 8.689580930411380244e-01 1.000000000000000000e+00
7.356862745098040612e-01 9.002691272587466376e-01 8.653902345251827111e-01 1.000000000000000000e+00
7.294117647058824261e-01 8.978085351787774560e-01 8.618223760092271757e-01 1.000000000000000000e+00
7.231372549019607909e-01 8.953479430988081633e-01 8.582545174932718623e-01 1.000000000000000000e+00
7.168627450980392668e-01 8.928873510188388707e-01 8.546866589773164380e-01 1.000000000000000000e+00
7.105882352941176316e-01 8.904267589388696891e-01 8.511188004613610136e-01 1.000000000000000000e+00
7.043137254901961075e-01 8.879661668589003964e-01 8.475509419454055893e-01 1.000000000000000000e+00
6.980392156862744724e-01 8.855055747789312148e-01 8.439830834294501649e-01 1.000000000000000000e+00
6.917647058823529482e-01 8.830449826989619222e-01 8.404152249134948516e-01 1.000000000000000000e+00
6.854901960784314241e-01 8.805843906189927406e-01 8.368473663975394272e-01 1.000000000000000000e+00
6.792156862745097889e-01 8.781237985390234480e-01 8.332795078815840029e-01 1.000000000000000000e+00
6.729411764705882648e-01 8.756632064590542663e-01 8.297116493656285785e-01 1.000000000000000000e+00
6.666666666666667407e-01 8.732026143790849737e-01 8.261437908496731541e-01 1.000000000000000000e+00
6.603921568627451055e-01 8.707420222991156811e-01 8.225759323337178408e-01 1.000000000000000000e+00
6.541176470588234704e-01 8.682814302191464995e-01 8.190080738177624164e-01 1.000000000000000000e+00
6.478431372549019462e-01 8.658208381391772068e-01 8.154402153018069921e-01 1.000000000000000000e+00
6.415686274509804221e-01 8.633602460592080252e-01 8.118723567858515677e-01 1.000000000000000000e+00
6.352941176470588980e-01 8.608996539792388436e-01 8.083044982698962544e-01 1.000000000000000000e+00
6.290196078431372628e-01 8.584390618992695510e-01 8.047366397539408300e-01 1.000000000000000000e+00
6.227450980392157387e-01 8.559784698193002583e-01 8.011687812379854057e-01 1.000000000000000000e+00
6.164705882352941035e-01 8.535178777393310767e-01 7.976009227220299813e-01 1.000000000000000000e+00
6.101960784313725794e-01 8.510572856593617841e-01 7.940330642060745570e-01 1.000000000000000000e+00
6.039215686274509443e-01 8.485966935793924915e-01 7.904652056901191326e-01 1.000000000000000000e+00
5.976470588235294201e-01 8.460438292964244100e-01 7.865282583621683310e-01 1.000000000000000000e+00
5.913725490196077850e-01 8.433371780084583103e-01 7.819761630142252340e-01 1.000000000000000000e+00
5.850980392156863719e-01 8.406305267204920995e-01 7.774240676662822480e-01 1.000000000000000000e+00
5.788235294117647367e-01 8.379238754325258887e-01 7.728719723183390400e-01 1.000000000000000000e+00
5.725490196078431016e-01 8.352172241445597889e-01 7.683198769703959430e-01 1.000000000000000000e+00
5.662745098039215774e-01 8.325105728565935781e-01 7.637677816224528460e-01 1.000000000000000000e+00
5.599999999999999423e-01 8.298039215686274783e-01 7.592156862745097490e-01 1.000000000000000000e+00
5.537254901960784181e-01 8.270972702806612675e-01 7.546635909265666520e-01 1.000000000000000000e+00
5.474509803921568940e-01 8.243906189926950567e-01 7.501114955786235550e-01 1.000000000000000000e+00
5.411764705882352589e-01 8.216839677047289570e-01 7.455594002306804580e-01 1.000000000000000000e+00
5.349019607843138457e-01 8.189773164167628572e-01 7.410073048827374720e-01 1.000000000000000000e+00
5.286274509803920996e-01 8.162706651287966464e-01 7.364552095347942640e-01 1.000000000000000000e+00
5.223529411764705754e-01 8.135640138408304356e-01 7.319031141868511670e-01 1.000000000000000000e+00
5.160784313725490513e-01 8.108573625528642248e-01 7.273510188389080700e-01 1.000000000000000000e+00
5.098039215686274161e-01 8.081507112648981250e-01 7.227989234909649729e-01 1.000000000000000000e+00
5.035294117647058920e-01 8.054440599769319142e-01 7.182468281430218759e-01 1.000000000000000000e+00
4.972549019607843124e-01 8.027374086889658145e-01 7.136947327950788900e-01 1.000000000000000000e+00
4.909803921568627327e-01 8.000307574009996037e-01 7.091426374471356819e-01 1.000000000000000000e+00
4.847058823529412641e-01 7.973241061130335039e-01 7.045905420991926960e-01 1.000000000000000000e+00
4.784313725490196290e-01 7.946174548250672931e-01 7.000384467512494879e-01 1.000000000000000000e+00
4.721568627450980493e-01 7.919108035371010823e-01 6.954863514033065020e-01 1.000000000000000000e+00
4.658823529411765252e-01 7.892041522491348715e-01 6.909342560553632939e-01 1.000000000000000000e+00
4.596078431372548900e-01 7.864975009611687717e-01 6.863821607074203079e-01 1.000000000000000000e+00
4.533333333333333659e-01 7.837908496732025609e-01 6.818300653594770999e-01 1.000000000000000000e+00
4.470588235294117863e-01 7.810841983852364612e-01 6.772779700115341139e-01 1.000000000000000000e+00
4.407843137254902066e-01 7.783775470972702504e-01 6.727258746635909059e-01 1.000000000000000000e+00
4.345098039215687380e-01 7.756708958093041506e-01 6.681737793156479199e-01 1.000000000000000000e+00
4.282352941176470473e-01 7.729642445213379398e-01 6.636216839677047119e-01 1.000000000000000000e+00
4.219607843137255232e-01 7.702575932333717290e-01 6.590695886197617259e-01 1.000000000000000000e+00
4.156862745098039436e-01 7.675509419454056292e-01 6.545174932718185179e-01 1.000000000000000000e+00
4.094117647058823639e-01 7.648442906574394184e-01 6.499653979238755319e-01 1.000000000000000000e+00
3.977239523260284737e-01 7.595540176855055670e-01 6.403075740099961610e-01 1.000000000000000000e+00
3.931718569780853767e-01 7.570934256055362743e-01 6.346482122260669323e-01 1.000000000000000000e+00
3.886197616301422797e-01 7.546328335255670927e-01 6.289888504421377036e-01 1.000000000000000000e+00
3.840676662821991827e-01 7.521722414455978001e-01 6.233294886582084748e-01 1.000000000000000000e+00
3.795155709342561967e-01 7.497116493656286185e-01 6.176701268742793571e-01 1.000000000000000000e+00
3.749634755863129887e-01 7.472510572856593258e-01 6.120107650903499064e-01 1.000000000000000000e+00
3.704113802383698917e-01 7.447904652056901442e-01 6.063514033064206776e-01 1.000000000000000000e+00
3.658592848904267947e-01 7.423298731257208516e-01 6.006920415224914489e-01 1.000000000000000000e+00
3.613071895424836422e-01 7.398692810457515590e-01 5.950326797385621092e-01 1.000000000000000000e+00
3.567550941945405452e-01 7.374086889657823773e-01 5.893733179546328804e-01 1.000000000000000000e+00
3.522029988465974482e-01 7.349480968858130847e-01 5.837139561707036517e-01 1.000000000000000000e+00
3.476509034986543512e-01 7.324875048058439031e-01 5.780545943867743119e-01 1.000000000000000000e+00
3.430988081507112542e-01 7.300269127258746105e-01 5.723952326028450832e-01 1.000000000000000000e+00
3.385467128027681571e-01 7.275663206459054289e-01 5.667358708189158545e-01 1.000000000000000000e+00
3.339946174548250601e-01 7.251057285659361362e-01 5.610765090349866258e-01 1.000000000000000000e+00
3.294425221068819631e-01 7.226451364859669546e-01 5.554171472510572860e-01 1.000000000000000000e+00
3.248904267589388661e-01 7.201845444059976620e-01 5.497577854671280573e-01 1.000000000000000000e+00
3.203383314109957691e-01 7.177239523260284804e-01 5.440984236831988285e-01 1.000000000000000000e+00
3.157862360630526721e-01 7.152633602460591877e-01 5.384390618992694888e-01 1.000000000000000000e+00
3.112341407151095751e-01 7.128027681660900061e-01 5.327797001153402601e-01 1.000000000000000000e+00
3.066820453671665891e-01 7.103421760861208245e-01 5.271203383314111424e-01 1.000000000000000000e+00
3.021299500192233811e-01 7.078815840061514209e-01 5.214609765474818026e-01 1.000000000000000000e+00
2.975778546712802841e-01 7.054209919261822392e-01 5.158016147635524629e-01 1.000000000000000000e+00
2.930257593233371871e-01 7.029603998462129466e-01 5.101422529796232341e-01 1.000000000000000000e+00
2.884736639753940901e-01 7.004998077662437650e-01 5.044828911956940054e-01 1.000000000000000000e+00
2.839215686274509931e-01 6.980392156862744724e-01 4.988235294117647212e-01 1.000000000000000000e+00
2.793694732795078961e-01 6.955786236063052907e-01 4.931641676278354369e-01 1.000000000000000000e+00
2.748173779315647991e-01 6.931180315263359981e-01 4.875048058439062082e-01 1.000000000000000000e+00
2.702652825836217021e-01 6.906574394463668165e-01 4.818454440599769795e-01 1.000000000000000000e+00
2.657131872356786051e-01 6.881968473663975239e-01 4.761860822760476952e-01 1.000000000000000000e+00
2.611610918877354526e-01 6.857362552864283423e-01 4.705267204921184110e-01 1.000000000000000000e+00
2.566089965397923556e-01 6.832756632064590496e-01 4.648673587081891823e-01 1.000000000000000000e+00
2.525951557093425448e-01 6.796616685890042309e-01 4.589773164167628150e-01 1.000000000000000000e+00
2.489042675893886891e-01 6.753556324490580520e-01 4.529488658208381535e-01 1.000000000000000000e+00
2.452133794694348057e-01 6.710495963091118732e-01 4.469204152249134920e-01 1.000000000000000000e+00
2.415224913494809500e-01 6.667435601691656943e-01 4.408919646289888861e-01 1.000000000000000000e+00
2.378316032295272053e-01 6.624375240292196265e-01 4.348635140330643911e-01 1.000000000000000000e+00
2.341407151095732386e-01 6.581314878892733367e-01 4.288350634371395631e-01 1.000000000000000000e+00
2.304498269896193552e-01 6.538254517493271578e-01 4.228066128412149016e-01 1.000000000000000000e+00
2.267589388696654995e-01 6.495194156093809790e-01 4.167781622452902957e-01 1.000000000000000000e+00
2.230680507497116438e-01 6.452133794694348001e-01 4.107497116493656342e-01 1.000000000000000000e+00
2.193771626297577881e-01 6.409073433294886213e-01 4.047212610534409727e-01 1.000000000000000000e+00
2.156862745098039325e-01 6.366013071895424424e-01 3.986928104575163667e-01 1.000000000000000000e+00
2.119953863898500490e-01 6.322952710495962636e-01 3.926643598615917052e-01 1.000000000000000000e+00
2.083044982698961933e-01 6.279892349096500848e-01 3.866359092656670438e-01 1.000000000000000000e+00
2.046136101499423376e-01 6.236831987697039059e-01 3.806074586697424378e-01 1.000000000000000000e+00
2.009227220299884542e-01 6.193771626297577271e-01 3.745790080738177763e-01 1.000000000000000000e+00
1.972318339100345985e-01 6.150711264898116593e-01 3.685505574778931148e-01 1.000000000000000000e+00
1.935409457900807428e-01 6.107650903498653694e-01 3.625221068819684533e-01 1.000000000000000000e+00
1.898500576701268594e-01 6.064590542099191905e-01 3.564936562860437919e-01 1.000000000000000000e+00
1.861591695501730037e-01 6.021530180699730117e-01 3.504652056901191859e-01 1.000000000000000000e+00
1.824682814302191480e-01 5.978469819300269439e-01 3.444367550941945244e-01 1.000000000000000000e+00
1.787773933102653756e-01 5.935409457900808761e-01 3.384083044982700850e-01 1.000000000000000000e+00
1.750865051903114367e-01 5.892349096501345862e-01 3.323798539023452570e-01 1.000000000000000000e+00
1.713956170703575532e-01 5.849288735101882963e-01 3.263514033064205955e-01 1.000000000000000000e+00
1.677047289504036975e-01 5.806228373702422285e-01 3.203229527104959340e-01 1.000000000000000000e+00
1.640138408304498419e-01 5.763168012302960497e-01 3.142945021145713280e-01 1.000000000000000000e+00
1.603229527104959584e-01 5.720107650903498708e-01 3.082660515186466665e-01 1.000000000000000000e+00
1.566320645905421027e-01 5.677047289504036920e-01 3.022376009227220051e-01 1.000000000000000000e+00
1.529411764705882470e-01 5.633986928104575131e-01 2.962091503267973991e-01 1.000000000000000000e+00
1.492502883506343636e-01 5.590926566705113343e-01 2.901806997308726821e-01 1.000000000000000000e+00
1.455594002306805079e-01 5.547866205305651555e-01 2.841522491349480761e-01 1.000000000000000000e+00
1.418685121107266522e-01 5.504805843906189766e-01 2.781237985390234702e-01 1.000000000000000000e+00
1.381776239907727688e-01 5.461745482506727978e-01 2.720953479430987532e-01 1.000000000000000000e+00
1.340253748558246916e-01 5.423298731257207850e-01 2.682814302191464662e-01 1.000000000000000000e+00
1.297193387158785127e-01 5.386389850057670126e-01 2.652056901191849336e-01 1.000000000000000000e+00
1.254133025759323339e-01 5.349480968858131291e-01 2.621299500192233456e-01 1.000000000000000000e+00
1.211072664359861689e-01 5.312572087658592457e-01 2.590542099192618131e-01 1.000000000000000000e+00
1.168012302960401150e-01 5.275663206459054733e-01 2.559784698193003361e-01 1.000000000000000000e+00
1.124951941560938251e-01 5.238754325259514788e-01 2.529027297193386925e-01 1.000000000000000000e+00
1.081891580161476463e-01 5.201845444059975954e-01 2.498269896193771600e-01 1.000000000000000000e+00
1.038831218762014674e-01 5.164936562860438229e-01 2.467512495194155997e-01 1.000000000000000000e+00
9.957708573625528858e-02 5.128027681660899395e-01 2.436755094194540394e-01 1.000000000000000000e+00
9.527104959630910974e-02 5.091118800461360561e-01 2.405997693194924791e-01 1.000000000000000000e+00
9.096501345636294478e-02 5.054209919261821726e-01 2.375240292195309189e-01 1.000000000000000000e+00
8.665897731641676593e-02 5.017301038062282892e-01 2.344482891195693863e-01 1.000000000000000000e+00
8.235294117647060097e-02 4.980392156862744613e-01 2.313725490196078260e-01 1.000000000000000000e+00
7.804690503652442213e-02 4.943483275663206333e-01 2.282968089196462658e-01 1.000000000000000000e+00
7.374086889657824329e-02 4.906574394463667499e-01 2.252210688196847332e-01 1.000000000000000000e+00
6.943483275663206444e-02 4.869665513264128665e-01 2.221453287197231730e-01 1.000000000000000000e+00
6.512879661668589948e-02 4.832756632064590385e-01 2.190695886197616127e-01 1.000000000000000000e+00
6.082276047673972064e-02 4.795847750865051551e-01 2.159938485198000802e-01 1.000000000000000000e+00
5.651672433679354179e-02 4.758938869665512716e-01 2.129181084198385199e-01 1.000000000000000000e+00
5.221068819684736295e-02 4.722029988465974437e-01 2.098423683198769596e-01 1.000000000000000000e+00
4.790465205690130901e-02 4.685121107266436713e-01 2.067666282199154826e-01 1.000000000000000000e+00
4.359861591695501915e-02 4.648212226066896768e-01 2.036908881199538390e-01 1.000000000000000000e+00
3.929257977700884030e-02 4.611303344867358489e-01 2.006151480199923065e-01 1.000000000000000000e+00
3.498654363706267534e-02 4.574394463667819655e-01 1.975394079200307462e-01 1.000000000000000000e+00
3.068050749711649650e-02 4.537485582468281375e-01 1.944636678200691859e-01 1.000000000000000000e+00
2.637447135717031765e-02 4.500576701268742541e-01 1.913879277201076534e-01 1.000000000000000000e+00
2.206843521722413881e-02 4.463667820069203707e-01 1.883121876201460931e-01 1.000000000000000000e+00
1.776239907727797385e-02 4.426758938869665427e-01 1.852364475201845329e-01 1.000000000000000000e+00
1.345636293733179500e-02 4.389850057670126593e-01 1.821607074202230003e-01 1.000000000000000000e+00
9.150326797385616162e-03 4.352941176470588314e-01 1.790849673202614123e-01 1.000000000000000000e+00
4.844290657439437320e-03 4.316032295271049479e-01 1.760092272202998798e-01 1.000000000000000000e+00
5.382545174932584775e-04 4.279123414071510645e-01 1.729334871203383472e-01 1.000000000000000000e+00
0.000000000000000000e+00 4.230372933487120402e-01 1.707189542483660005e-01 1.000000000000000000e+00
0.000000000000000000e+00 4.179930795847750513e-01 1.686274509803921684e-01 1.000000000000000000e+00
0.000000000000000000e+00 4.129488658208381180e-01 1.665359477124183085e-01 1.000000000000000000e+00
0.000000000000000000e+00 4.079046520569011847e-01 1.644444444444444486e-01 1.000000000000000000e+00
0.000000000000000000e+00 4.028604382929643624e-01 1.623529411764706443e-01 1.000000000000000000e+00
0.000000000000000000e+00 3.978162245290272625e-01 1.602614379084967289e-01 1.000000000000000000e+00
0.000000000000000000e+00 3.927720107650903292e-01 1.581699346405228690e-01 1.000000000000000000e+00
0.000000000000000000e+00 3.877277970011533959e-01 1.560784313725490091e-01 1.000000000000000000e+00
0.000000000000000000e+00 3.826835832372164625e-01 1.539869281045751492e-01 1.000000000000000000e+00
0.000000000000000000e+00 3.776393694732794737e-01 1.518954248366012894e-01 1.000000000000000000e+00
0.000000000000000000e+00 3.725951557093425404e-01 1.498039215686274572e-01 1.000000000000000000e+00
0.000000000000000000e+00 3.675509419454056070e-01 1.477124183006535973e-01 1.000000000000000000e+00
0.000000000000000000e+00 3.625067281814686737e-01 1.456209150326797375e-01 1.000000000000000000e+00
0.000000000000000000e+00 3.574625144175316849e-01 1.435294117647058776e-01 1.000000000000000000e+00
0.000000000000000000e+00 3.524183006535947515e-01 1.414379084967320177e-01 1.000000000000000000e+00
0.000000000000000000e+00 3.473740868896578182e-01 1.393464052287581578e-01 1.000000000000000000e+00
0.000000000000000000e+00 3.423298731257208849e-01 1.372549019607843257e-01 1.000000000000000000e+00
0.000000000000000000e+00 3.372856593617838961e-01 1.351633986928104658e-01 1.000000000000000000e+00
0.000000000000000000e+00 3.322414455978469627e-01 1.330718954248366059e-01 1.000000000000000000e+00
0.000000000000000000e+00 3.271972318339100294e-01 1.309803921568627461e-01 1.000000000000000000e+00
0.000000000000000000e+00 3.221530180699732071e-01 1.288888888888889417e-01 1.000000000000000000e+00
0.000000000000000000e+00 3.171088043060361628e-01 1.267973856209150263e-01 1.000000000000000000e+00
0.000000000000000000e+00 3.120645905420991739e-01 1.247058823529411664e-01 1.000000000000000000e+00
0.000000000000000000e+00 3.070203767781622406e-01 1.226143790849673204e-01 1.000000000000000000e+00
0.000000000000000000e+00 3.019761630142252518e-01 1.205228758169934605e-01 1.000000000000000000e+00
0.000000000000000000e+00 2.969319492502883184e-01 1.184313725490196145e-01 1.000000000000000000e+00
0.000000000000000000e+00 2.918877354863513851e-01 1.163398692810457546e-01 1.000000000000000000e+00
0.000000000000000000e+00 2.868435217224144518e-01 1.142483660130718948e-01 1.000000000000000000e+00
0.000000000000000000e+00 2.817993079584775185e-01 1.121568627450980349e-01 1.000000000000000000e+00
0.000000000000000000e+00 2.767550941945405851e-01 1.100653594771241750e-01 1.000000000000000000e+00
0.000000000000000000e+00 2.717108804306035963e-01 1.079738562091503290e-01 1.000000000000000000e+00
0.000000000000000000e+00 2.666666666666666630e-01 1.058823529411764691e-01 1.000000000000000000e+00
