9.686274509803921573e-01 9.882352941176471006e-01 9.921568627450980671e-01 1.000000000000000000e+00
9.657977700884274874e-01 9.862668204536717553e-01 9.910495963091119354e-01 1.000000000000000000e+00
9.629680891964629286e-01 9.842983467896962990e-01 9.899423298731258036e-01 1.000000000000000000e+00
9.601384083044982587e-01 9.823298731257209537e-01 9.888350634371395609e-01 1.000000000000000000e+00
9.573087274125335888e-01 9.803613994617454974e-01 9.877277970011534292e-01 1.000000000000000000e+00
9.544790465205690300e-01 9.783929257977701521e-01 9.866205305651672974e-01 1.000000000000000000e+00
9.516493656286043601e-01 9.764244521337946958e-01 9.855132641291811657e-01 1.000000000000000000e+00
9.488196847366398012e-01 9.744559784698193505e-01 9.844059976931949230e-01 1.000000000000000000e+00
9.459900038446751314e-01 9.724875048058438942e-01 9.832987312572087912e-01 1.000000000000000000e+00
9.431603229527104615e-01 9.705190311418685489e-01 9.821914648212226595e-01 1.000000000000000000e+00
9.403306420607459026e-01 9.685505574778932036e-01 9.810841983852365278e-01 1.000000000000000000e+00
9.375009611687812328e-01 9.665820838139177473e-01 9.799769319492502850e-01 1.000000000000000000e+00
9.346712802768165629e-01 9.646136101499424020e-01 9.788696655132641533e-01 1.000000000000000000e+00
9.318415993848520040e-01 9.626451364859669457e-01 9.777623990772780216e-01 1.000000000000000000e+00
9.290119184928873342e-01 9.606766628219916004e-01 9.766551326412918899e-01 1.000000000000000000e+00
9.261822376009227753e-01 9.587081891580161441e-01 9.755478662053056471e-01 1.000000000000000000e+00
9.233525567089581054e-01 9.567397154940407988e-01 9.744405997693195154e-01 1.000000000000000000e+00
9.205228758169934355e-01 9.547712418300654535e-01 9.733333333333333837e-01 1.000000000000000000e+00
9.176931949250288767e-01 9.528027681660899972e-01 9.722260668973472519e-01 1.000000000000000000e+00
9.148635140330642068e-01 9.508342945021146519e-01 9.711188004613610092e-01 1.000000000000000000e+00
9.120338331410995369e-01 9.488658208381391956e-01 9.700115340253748775e-01 1.000000000000000000e+00
9.092041522491349781e-01 9.468973471741638503e-01 9.689042675893887457e-01 1.000000000000000000e+00
9.063744713571703082e-01 9.449288735101883940e-01 9.677970011534026140e-01 1.000000000000000000e+00
9.035447904652056383e-01 9.429603998462130487e-01 9.666897347174163713e-01 1.000000000000000000e+00
9.007151095732410795e-01 9.409919261822375924e-01 9.655824682814302395e-01 1.000000000000000000e+00
8.978854286812764096e-01 9.390234525182622471e-01 9.644752018454441078e-01 1.000000000000000000e+00
8.950557477893117397e-01 9.370549788542869019e-01 9.633679354094579761e-01 1.000000000000000000e+00
8.922260668973471809e-01 9.350865051903114455e-01 9.622606689734717333e-01 1.000000000000000000e+00
8.893963860053825110e-01 9.331180315263361003e-01 9.611534025374856016e-01 1.000000000000000000e+00
8.865667051134179522e-01 9.311495578623606439e-01 9.600461361014994699e-01 1.000000000000000000e+00
8.837370242214532823e-01 9.291810841983852987e-01 9.589388696655133382e-01 1.000000000000000000e+00
8.809073433294886124e-01 9.272126105344098423e-01 9.578316032295270954e-01 1.000000000000000000e+00
8.779238754325259242e-01 9.251057285659362028e-01 9.566474432910418990e-01 1.000000000000000000e+00
8.738638985005766635e-01 9.220299884659747258e-01 9.549250288350634719e-01 1.000000000000000000e+00
8.698039215686274028e-01 9.189542483660131378e-01 9.532026143790850448e-01 1.000000000000000000e+00
8.657439446366781421e-01 9.158785082660515497e-01 9.514801999231065066e-01 1.000000000000000000e+00
8.616839677047289925e-01 9.128027681660899617e-01 9.497577854671280795e-01 1.000000000000000000e+00
8.576239907727797318e-01 9.097270280661284847e-01 9.480353710111496524e-01 1.000000000000000000e+00
8.535640138408304711e-01 9.066512879661668967e-01 9.463129565551711142e-01 1.000000000000000000e+00
8.495040369088812104e-01 9.035755478662053086e-01 9.445905420991926871e-01 1.000000000000000000e+00
8.454440599769319498e-01 9.004998077662437206e-01 9.428681276432141489e-01 1.000000000000000000e+00
8.413840830449826891e-01 8.974240676662822436e-01 9.411457131872357218e-01 1.000000000000000000e+00
8.373241061130334284e-01 8.943483275663206555e-01 9.394232987312572947e-01 1.000000000000000000e+00
8.332641291810841677e-01 8.912725874663590675e-01 9.377008842752787565e-01 1.000000000000000000e+00
8.292041522491349070e-01 8.881968473663975905e-01 9.359784698193003294e-01 1.000000000000000000e+00
8.251441753171857574e-01 8.851211072664360024e-01 9.342560553633217912e-01 1.000000000000000000e+00
8.210841983852364967e-01 8.820453671664744144e-01 9.325336409073433641e-01 1.000000000000000000e+00
8.170242214532872360e-01 8.789696270665128264e-01 9.308112264513649370e-01 1.000000000000000000e+00
8.129642445213379753e-01 8.758938869665513494e-01 9.290888119953863988e-01 1.000000000000000000e+00
8.089042675893887147e-01 8.728181468665897613e-01 9.273663975394079717e-01 1.000000000000000000e+00
8.048442906574394540e-01 8.697424067666281733e-01 9.256439830834294336e-01 1.000000000000000000e+00
8.007843137254901933e-01 8.666666666666666963e-01 9.239215686274510064e-01 1.000000000000000000e+00
7.967243367935409326e-01 8.635909265667051082e-01 9.221991541714725793e-01 1.000000000000000000e+00
7.926643598615916719e-01 8.605151864667435202e-01 9.204767397154940411e-01 1.000000000000000000e+00
7.886043829296424112e-01 8.574394463667820432e-01 9.187543252595156140e-01 1.000000000000000000e+00
7.845444059976931506e-01 8.543637062668204551e-01 9.170319108035370759e-01 1.000000000000000000e+00
7.804844290657440009e-01 8.512879661668588671e-01 9.153094963475586487e-01 1.000000000000000000e+00
7.764244521337947402e-01 8.482122260668973901e-01 9.135870818915802216e-01 1.000000000000000000e+00
7.723644752018454795e-01 8.451364859669358021e-01 9.118646674356016835e-01 1.000000000000000000e+00
7.683044982698962189e-01 8.420607458669742140e-01 9.101422529796232563e-01 1.000000000000000000e+00
7.642445213379469582e-01 8.389850057670126260e-01 9.084198385236448292e-01 1.000000000000000000e+00
7.601845444059976975e-01 8.359092656670511490e-01 9.066974240676662911e-01 1.000000000000000000e+00
7.561245674740484368e-01 8.328335255670895609e-01 9.049750096116878639e-01 1.000000000000000000e+00
7.520645905420991761e-01 8.297577854671279729e-01 9.032525951557093258e-01 1.000000000000000000e+00
7.480046136101499155e-01 8.267435601691656144e-01 9.015916955017301282e-01 1.000000000000000000e+00
7.439446366782006548e-01 8.239138792772010556e-01 9.001153402537486192e-01 1.000000000000000000e+00
7.398846597462515051e-01 8.210841983852363857e-01 8.986389850057669992e-01 1.000000000000000000e+00
7.358246828143022444e-01 8.182545174932718268e-01 8.971626297577854903e-01 1.000000000000000000e+00
7.317647058823529838e-01 8.154248366013071569e-01 8.956862745098039813e-01 1.000000000000000000e+00
7.277047289504037231e-01 8.125951557093424871e-01 8.942099192618223613e-01 1.000000000000000000e+00
7.236447520184544624e-01 8.097654748173779282e-01 8.927335640138408523e-01 1.000000000000000000e+00
7.195847750865052017e-01 8.069357939254132583e-01 8.912572087658592324e-01 1.000000000000000000e+00
7.155247981545559410e-01 8.041061130334485885e-01 8.897808535178777234e-01 1.000000000000000000e+00
7.114648212226066804e-01 8.012764321414840296e-01 8.883044982698962144e-01 1.000000000000000000e+00
7.074048442906575307e-01 7.984467512495194708e-01 8.868281430219147055e-01 1.000000000000000000e+00
7.033448673587081590e-01 7.956170703575548009e-01 8.853517877739330855e-01 1.000000000000000000e+00
6.992848904267588983e-01 7.927873894655901310e-01 8.838754325259515765e-01 1.000000000000000000e+00
6.952249134948096376e-01 7.899577085736255722e-01 8.823990772779699565e-01 1.000000000000000000e+00
6.911649365628604880e-01 7.871280276816609023e-01 8.809227220299884475e-01 1.000000000000000000e+00
6.871049596309112273e-01 7.842983467896962324e-01 8.794463667820069386e-01 1.000000000000000000e+00
6.830449826989619666e-01 7.814686658977316736e-01 8.779700115340253186e-01 1.000000000000000000e+00
6.789850057670127059e-01 7.786389850057670037e-01 8.764936562860438096e-01 1.000000000000000000e+00
6.749250288350635563e-01 7.758093041138024448e-01 8.750173010380623007e-01 1.000000000000000000e+00
6.708650519031141846e-01 7.729796232218377749e-01 8.735409457900806807e-01 1.000000000000000000e+00
6.668050749711649239e-01 7.701499423298731051e-01 8.720645905420991717e-01 1.000000000000000000e+00
6.627450980392156632e-01 7.673202614379085462e-01 8.705882352941176627e-01 1.000000000000000000e+00
6.586851211072664025e-01 7.644905805459438763e-01 8.691118800461360427e-01 1.000000000000000000e+00
6.546251441753172529e-01 7.616608996539793175e-01 8.676355247981545338e-01 1.000000000000000000e+00
6.505651672433679922e-01 7.588312187620146476e-01 8.661591695501730248e-01 1.000000000000000000e+00
6.465051903114187315e-01 7.560015378700499777e-01 8.646828143021914048e-01 1.000000000000000000e+00
6.424452133794694708e-01 7.531718569780854189e-01 8.632064590542098959e-01 1.000000000000000000e+00
6.383852364475202101e-01 7.503421760861207490e-01 8.617301038062283869e-01 1.000000000000000000e+00
6.343252595155709495e-01 7.475124951941560791e-01 8.602537485582467669e-01 1.000000000000000000e+00
6.302652825836216888e-01 7.446828143021915203e-01 8.587773933102652579e-01 1.000000000000000000e+00
6.262053056516724281e-01 7.418531334102268504e-01 8.573010380622837490e-01 1.000000000000000000e+00
6.221453287197231674e-01 7.390234525182622916e-01 8.558246828143021290e-01 1.000000000000000000e+00
6.187773933102652668e-01 7.355017301038062616e-01 8.539792387543252428e-01 1.000000000000000000e+00
6.165628604382930034e-01 7.308266051518647055e-01 8.515186466743559501e-01 1.000000000000000000e+00
6.143483275663207399e-01 7.261514801999232605e-01 8.490580545943867685e-01 1.000000000000000000e+00
6.121337946943483654e-01 7.214763552479815933e-01 8.465974625144174759e-01 1.000000000000000000e+00
6.099192618223759910e-01 7.168012302960400373e-01 8.441368704344482943e-01 1.000000000000000000e+00
6.077047289504037275e-01 7.121261053440984812e-01 8.416762783544790016e-01 1.000000000000000000e+00
6.054901960784313530e-01 7.074509803921569251e-01 8.392156862745098200e-01 1.000000000000000000e+00
6.032756632064590896e-01 7.027758554402153690e-01 8.367550941945405274e-01 1.000000000000000000e+00
6.010611303344867151e-01 6.981007304882738129e-01 8.342945021145713458e-01 1.000000000000000000e+00
5.988465974625144517e-01 6.934256055363322568e-01 8.318339100346020532e-01 1.000000000000000000e+00
5.966320645905421882e-01 6.887504805843907008e-01 8.293733179546328715e-01 1.000000000000000000e+00
5.944175317185698137e-01 6.840753556324491447e-01 8.269127258746635789e-01 1.000000000000000000e+00
5.922029988465974393e-01 6.794002306805075886e-01 8.244521337946942863e-01 1.000000000000000000e+00
5.899884659746251758e-01 6.747251057285659215e-01 8.219915417147251047e-01 1.000000000000000000e+00
5.877739331026528014e-01 6.700499807766243654e-01 8.195309496347558120e-01 1.000000000000000000e+00
5.855594002306805379e-01 6.653748558246828093e-01 8.170703575547866304e-01 1.000000000000000000e+00
5.833448673587082745e-01 6.606997308727412532e-01 8.146097654748173378e-01 1.000000000000000000e+00
5.811303344867359000e-01 6.560246059207996971e-01 8.121491733948481562e-01 1.000000000000000000e+00
5.789158016147636365e-01 6.513494809688582521e-01 8.096885813148789746e-01 1.000000000000000000e+00
5.767012687427912621e-01 6.466743560169165850e-01 8.072279892349096819e-01 1.000000000000000000e+00
5.744867358708189986e-01 6.419992310649750289e-01 8.047673971549403893e-01 1.000000000000000000e+00
5.722722029988466241e-01 6.373241061130334728e-01 8.023068050749712077e-01 1.000000000000000000e+00
5.700576701268743607e-01 6.326489811610919167e-01 7.998462129950019150e-01 1.000000000000000000e+00
5.678431372549019862e-01 6.279738562091503606e-01 7.973856209150327334e-01 1.000000000000000000e+00
5.656286043829297228e-01 6.232987312572088046e-01 7.949250288350634408e-01 1.000000000000000000e+00
5.634140715109573483e-01 6.186236063052672485e-01 7.924644367550941482e-01 1.000000000000000000e+00
5.611995386389850848e-01 6.139484813533258034e-01 7.900038446751249666e-01 1.000000000000000000e+00
5.589850057670127104e-01 6.092733564013841363e-01 7.875432525951557849e-01 1.000000000000000000e+00
5.567704728950404469e-01 6.045982314494425802e-01 7.850826605151864923e-01 1.000000000000000000e+00
5.545559400230680724e-01 5.999231064975010241e-01 7.826220684352171997e-01 1.000000000000000000e+00
5.523414071510958090e-01 5.952479815455594681e-01 7.801614763552480181e-01 1.000000000000000000e+00
5.490196078431373028e-01 5.855901576316800972e-01 7.751787773933103143e-01 1.000000000000000000e+00
5.490196078431373028e-01 5.802998846597462457e-01 7.725951557093425626e-01 1.000000000000000000e+00
5.490196078431373028e-01 5.750096116878123942e-01 7.700115340253749219e-01 1.000000000000000000e+00
5.490196078431373028e-01 5.697193387158785427e-01 7.674279123414071702e-01 1.000000000000000000e+00
5.490196078431373028e-01 5.644290657439448022e-01 7.648442906574395295e-01 1.000000000000000000e+00
5.490196078431373028e-01 5.591387927720108397e-01 7.622606689734717778e-01 1.000000000000000000e+00
5.490196078431373028e-01 5.538485198000768772e-01 7.596770472895040260e-01 1.000000000000000000e+00
5.490196078431373028e-01 5.485582468281430257e-01 7.570934256055363853e-01 1.000000000000000000e+00
5.490196078431373028e-01 5.432679738562091742e-01 7.545098039215686336e-01 1.000000000000000000e+00
5.490196078431373028e-01 5.379777008842753228e-01 7.519261822376008819e-01 1.000000000000000000e+00
5.490196078431373028e-01 5.326874279123414713e-01 7.493425605536332412e-01 1.000000000000000000e+00
5.490196078431373028e-01 5.273971549404075088e-01 7.467589388696654895e-01 1.000000000000000000e+00
5.490196078431373028e-01 5.221068819684736573e-01 7.441753171856978488e-01 1.000000000000000000e+00
5.490196078431373028e-01 5.168166089965398058e-01 7.415916955017300971e-01 1.000000000000000000e+00
5.490196078431373028e-01 5.115263360246059543e-01 7.390080738177624564e-01 1.000000000000000000e+00
5.490196078431373028e-01 5.062360630526721028e-01 7.364244521337947047e-01 1.000000000000000000e+00
5.490196078431373028e-01 5.009457900807381403e-01 7.338408304498269530e-01 1.000000000000000000e+00
5.490196078431373028e-01 4.956555171088042888e-01 7.312572087658593123e-01 1.000000000000000000e+00
5.490196078431373028e-01 4.903652441368704373e-01 7.286735870818915606e-01 1.000000000000000000e+00
5.490196078431373028e-01 4.850749711649365858e-01 7.260899653979238089e-01 1.000000000000000000e+00
5.490196078431373028e-01 4.797846981930028454e-01 7.235063437139562792e-01 1.000000000000000000e+00
5.490196078431373028e-01 4.744944252210688274e-01 7.209227220299884165e-01 1.000000000000000000e+00
5.490196078431373028e-01 4.692041522491349204e-01 7.183391003460207758e-01 1.000000000000000000e+00
5.490196078431373028e-01 4.639138792772010689e-01 7.157554786620530241e-01 1.000000000000000000e+00
5.490196078431373028e-01 4.586236063052672174e-01 7.131718569780853834e-01 1.000000000000000000e+00
5.490196078431373028e-01 4.533333333333333659e-01 7.105882352941176316e-01 1.000000000000000000e+00
5.490196078431373028e-01 4.480430603613994589e-01 7.080046136101498799e-01 1.000000000000000000e+00
5.490196078431373028e-01 4.427527873894655519e-01 7.054209919261822392e-01 1.000000000000000000e+00
5.490196078431373028e-01 4.374625144175317004e-01 7.028373702422144875e-01 1.000000000000000000e+00
5.490196078431373028e-01 4.321722414455978489e-01 7.002537485582468468e-01 1.000000000000000000e+00
5.490196078431373028e-01 4.268819684736639974e-01 6.976701268742790951e-01 1.000000000000000000e+00
5.490196078431373028e-01 4.215916955017301460e-01 6.950865051903114544e-01 1.000000000000000000e+00
5.487120338331411551e-01 4.163783160322953036e-01 6.925797770088427674e-01 1.000000000000000000e+00
5.482199154171473188e-01 4.112110726643598557e-01 6.901191849288734748e-01 1.000000000000000000e+00
5.477277970011534824e-01 4.060438292964244633e-01 6.876585928489042931e-01 1.000000000000000000e+00
5.472356785851596461e-01 4.008765859284890709e-01 6.851980007689350005e-01 1.000000000000000000e+00
5.467435601691658098e-01 3.957093425605537895e-01 6.827374086889658189e-01 1.000000000000000000e+00
5.462514417531718625e-01 3.905420991926182306e-01 6.802768166089965263e-01 1.000000000000000000e+00
5.457593233371780261e-01 3.853748558246828382e-01 6.778162245290272336e-01 1.000000000000000000e+00
5.452672049211841898e-01 3.802076124567473903e-01 6.753556324490580520e-01 1.000000000000000000e+00
5.447750865051903535e-01 3.750403690888119979e-01 6.728950403690887594e-01 1.000000000000000000e+00
5.442829680891965172e-01 3.698731257208766054e-01 6.704344482891195778e-01 1.000000000000000000e+00
5.437908496732026808e-01 3.647058823529411575e-01 6.679738562091502851e-01 1.000000000000000000e+00
5.432987312572088445e-01 3.595386389850057651e-01 6.655132641291811035e-01 1.000000000000000000e+00
5.428066128412148972e-01 3.543713956170703727e-01 6.630526720492118109e-01 1.000000000000000000e+00
5.423144944252210609e-01 3.492041522491349248e-01 6.605920799692426293e-01 1.000000000000000000e+00
5.418223760092272245e-01 3.440369088811995324e-01 6.581314878892733367e-01 1.000000000000000000e+00
5.413302575932333882e-01 3.388696655132641400e-01 6.556708958093041550e-01 1.000000000000000000e+00
5.408381391772395519e-01 3.337024221453286921e-01 6.532103037293348624e-01 1.000000000000000000e+00
5.403460207612457156e-01 3.285351787773932997e-01 6.507497116493656808e-01 1.000000000000000000e+00
5.398539023452518792e-01 3.233679354094579073e-01 6.482891195693963882e-01 1.000000000000000000e+00
5.393617839292580429e-01 3.182006920415224593e-01 6.458285274894270955e-01 1.000000000000000000e+00
5.388696655132642066e-01 3.130334486735872335e-01 6.433679354094580249e-01 1.000000000000000000e+00
5.383775470972702593e-01 3.078662053056516745e-01 6.409073433294886213e-01 1.000000000000000000e+00
5.378854286812764229e-01 3.026989619377162821e-01 6.384467512495194397e-01 1.000000000000000000e+00
5.373933102652825866e-01 2.975317185697808342e-01 6.359861591695501470e-01 1.000000000000000000e+00
5.369011918492887503e-01 2.923644752018453863e-01 6.335255670895809654e-01 1.000000000000000000e+00
5.364090734332949140e-01 2.871972318339099939e-01 6.310649750096116728e-01 1.000000000000000000e+00
5.359169550173010776e-01 2.820299884659746015e-01 6.286043829296424912e-01 1.000000000000000000e+00
5.354248366013072413e-01 2.768627450980392091e-01 6.261437908496731986e-01 1.000000000000000000e+00
5.349327181853132940e-01 2.716955017301038167e-01 6.236831987697040169e-01 1.000000000000000000e+00
5.344405997693194577e-01 2.665282583621683687e-01 6.212226066897347243e-01 1.000000000000000000e+00
5.339484813533256213e-01 2.613610149942329763e-01 6.187620146097655427e-01 1.000000000000000000e+00
5.334563629373317850e-01 2.561937716262975284e-01 6.163014225297962501e-01 1.000000000000000000e+00
5.326874279123413602e-01 2.502883506343713815e-01 6.126412918108420369e-01 1.000000000000000000e+00
5.318262206843521467e-01 2.441368704344482610e-01 6.085813148788927762e-01 1.000000000000000000e+00
5.309650134563629331e-01 2.379853902345251682e-01 6.045213379469435155e-01 1.000000000000000000e+00
5.301038062283737196e-01 2.318339100346020754e-01 6.004613610149942549e-01 1.000000000000000000e+00
5.292425990003845060e-01 2.256824298346791213e-01 5.964013840830451052e-01 1.000000000000000000e+00
5.283813917723951814e-01 2.195309496347558620e-01 5.923414071510957335e-01 1.000000000000000000e+00
5.275201845444059678e-01 2.133794694348327414e-01 5.882814302191464728e-01 1.000000000000000000e+00
5.266589773164167543e-01 2.072279892349096486e-01 5.842214532871972121e-01 1.000000000000000000e+00
5.257977700884275407e-01 2.010765090349865281e-01 5.801614763552479515e-01 1.000000000000000000e+00
5.249365628604383271e-01 1.949250288350634075e-01 5.761014994232986908e-01 1.000000000000000000e+00
5.240753556324490026e-01 1.887735486351403147e-01 5.720415224913495411e-01 1.000000000000000000e+00
5.232141484044597890e-01 1.826220684352172219e-01 5.679815455594002804e-01 1.000000000000000000e+00
5.223529411764705754e-01 1.764705882352941013e-01 5.639215686274510198e-01 1.000000000000000000e+00
5.214917339484813619e-01 1.703191080353710085e-01 5.598615916955017591e-01 1.000000000000000000e+00
5.206305267204921483e-01 1.641676278354479157e-01 5.558016147635524984e-01 1.000000000000000000e+00
5.197693194925028237e-01 1.580161476355247951e-01 5.517416378316032377e-01 1.000000000000000000e+00
5.189081122645136102e-01 1.518646674356016746e-01 5.476816608996539770e-01 1.000000000000000000e+00
5.180469050365243966e-01 1.457131872356785818e-01 5.436216839677047163e-01 1.000000000000000000e+00
5.171856978085351830e-01 1.395617070357554890e-01 5.395617070357554557e-01 1.000000000000000000e+00
5.163244905805459695e-01 1.334102268358323684e-01 5.355017301038061950e-01 1.000000000000000000e+00
5.154632833525567559e-01 1.272587466359094421e-01 5.314417531718571563e-01 1.000000000000000000e+00
5.146020761245674313e-01 1.211072664359861550e-01 5.273817762399077846e-01 1.000000000000000000e+00
5.137408688965782178e-01 1.149557862360630622e-01 5.233217993079585240e-01 1.000000000000000000e+00
5.128796616685890042e-01 1.088043060361399417e-01 5.192618223760092633e-01 1.000000000000000000e+00
5.120184544405997906e-01 1.026528258362168489e-01 5.152018454440600026e-01 1.000000000000000000e+00
5.111572472126104660e-01 9.650134563629372830e-02 5.111418685121107419e-01 1.000000000000000000e+00
5.102960399846212525e-01 9.034986543637063550e-02 5.070818915801614812e-01 1.000000000000000000e+00
5.094348327566320389e-01 8.419838523644751493e-02 5.030219146482122206e-01 1.000000000000000000e+00
5.085736255286428253e-01 7.804690503652442213e-02 4.989619377162629599e-01 1.000000000000000000e+00
5.077124183006536118e-01 7.189542483660130157e-02 4.949019607843136992e-01 1.000000000000000000e+00
5.068512110726642872e-01 6.574394463667820876e-02 4.908419838523644385e-01 1.000000000000000000e+00
5.059900038446750736e-01 5.959246443675511595e-02 4.867820069204151778e-01 1.000000000000000000e+00
5.002845059592464505e-01 5.720876585928489494e-02 4.809996155324874900e-01 1.000000000000000000e+00
4.938869665513264118e-01 5.536332179930796710e-02 4.749711649365628285e-01 1.000000000000000000e+00
4.874894271434063731e-01 5.351787773933103232e-02 4.689427143406382226e-01 1.000000000000000000e+00
4.810918877354863343e-01 5.167243367935409754e-02 4.629142637447135611e-01 1.000000000000000000e+00
4.746943483275664621e-01 4.982698961937721827e-02 4.568858131487891217e-01 1.000000000000000000e+00
4.682968089196462569e-01 4.798154555940023491e-02 4.508573625528642936e-01 1.000000000000000000e+00
4.618992695117262182e-01 4.613610149942330707e-02 4.448289119569396322e-01 1.000000000000000000e+00
4.555017301038062350e-01 4.429065743944637229e-02 4.388004613610149707e-01 1.000000000000000000e+00
4.491041906958861962e-01 4.244521337946943751e-02 4.327720107650903647e-01 1.000000000000000000e+00
4.427066512879661575e-01 4.059976931949250967e-02 4.267435601691657032e-01 1.000000000000000000e+00
4.363091118800461188e-01 3.875432525951557489e-02 4.207151095732410417e-01 1.000000000000000000e+00
4.299115724721260801e-01 3.690888119953864011e-02 4.146866589773163803e-01 1.000000000000000000e+00
4.235140330642060413e-01 3.506343713956171226e-02 4.086582083813917743e-01 1.000000000000000000e+00
4.171164936562860026e-01 3.321799307958477748e-02 4.026297577854671128e-01 1.000000000000000000e+00
4.107189542483660194e-01 3.137254901960784270e-02 3.966013071895424513e-01 1.000000000000000000e+00
4.043214148404459807e-01 2.952710495963091486e-02 3.905728565936178454e-01 1.000000000000000000e+00
3.979238754325259420e-01 2.768166089965398008e-02 3.845444059976931839e-01 1.000000000000000000e+00
3.915263360246059032e-01 2.583621683967705224e-02 3.785159554017685224e-01 1.000000000000000000e+00
3.851287966166858645e-01 2.399077277970011746e-02 3.724875048058439164e-01 1.000000000000000000e+00
3.787312572087658258e-01 2.214532871972318268e-02 3.664590542099192549e-01 1.000000000000000000e+00
3.723337178008460091e-01 2.029988465974630341e-02 3.604306036139948155e-01 1.000000000000000000e+00
3.659361783929258038e-01 1.845444059976932005e-02 3.544021530180699875e-01 1.000000000000000000e+00
3.595386389850057096e-01 1.660899653979239221e-02 3.483737024221453260e-01 1.000000000000000000e+00
3.531410995770857264e-01 1.476355247981545743e-02 3.423452518262206645e-01 1.000000000000000000e+00
3.467435601691656877e-01 1.291810841983852265e-02 3.363168012302960586e-01 1.000000000000000000e+00
3.403460207612456490e-01 1.107266435986159481e-02 3.302883506343713971e-01 1.000000000000000000e+00
3.339484813533256657e-01 9.227220299884660026e-03 3.242599000384467356e-01 1.000000000000000000e+00
3.275509419454055715e-01 7.381776239907725246e-03 3.182314494425221296e-01 1.000000000000000000e+00
3.211534025374855883e-01 5.536332179930797404e-03 3.122029988465974681e-01 1.000000000000000000e+00
3.147558631295654941e-01 3.690888119953862623e-03 3.061745482506728067e-01 1.000000000000000000e+00
3.083583237216455109e-01 1.845444059976934781e-03 3.001460976547482007e-01 1.000000000000000000e+00
3.019607843137254721e-01 0.000000000000000000e+00 2.941176470588235392e-01 1.000000000000000000e+00
