0.000000000000000000e+00 0.000000000000000000e+00 1.000000000000000000e+00 1.000000000000000000e+00
7.843137254901960675e-03 7.843137254901960675e-03 1.000000000000000000e+00 1.000000000000000000e+00
1.568627450980392135e-02 1.568627450980392135e-02 1.000000000000000000e+00 1.000000000000000000e+00
2.352941176470588203e-02 2.352941176470588203e-02 1.000000000000000000e+00 1.000000000000000000e+00
3.137254901960784270e-02 3.137254901960784270e-02 1.000000000000000000e+00 1.000000000000000000e+00
3.921568627450980338e-02 3.921568627450980338e-02 1.000000000000000000e+00 1.000000000000000000e+00
4.705882352941176405e-02 4.705882352941176405e-02 1.000000000000000000e+00 1.000000000000000000e+00
5.490196078431372473e-02 5.490196078431372473e-02 1.000000000000000000e+00 1.000000000000000000e+00
6.274509803921568540e-02 6.274509803921568540e-02 1.000000000000000000e+00 1.000000000000000000e+00
7.058823529411764608e-02 7.058823529411764608e-02 1.000000000000000000e+00 1.000000000000000000e+00
7.843137254901960675e-02 7.843137254901960675e-02 1.000000000000000000e+00 1.000000000000000000e+00
8.627450980392156743e-02 8.627450980392156743e-02 1.000000000000000000e+00 1.000000000000000000e+00
9.411764705882352811e-02 9.411764705882352811e-02 1.000000000000000000e+00 1.000000000000000000e+00
1.019607843137254888e-01 1.019607843137254888e-01 1.000000000000000000e+00 1.000000000000000000e+00
1.098039215686274495e-01 1.098039215686274495e-01 1.000000000000000000e+00 1.000000000000000000e+00
1.176470588235294101e-01 1.176470588235294101e-01 1.000000000000000000e+00 1.000000000000000000e+00
1.254901960784313708e-01 1.254901960784313708e-01 1.000000000000000000e+00 1.000000000000000000e+00
1.333333333333333315e-01 1.333333333333333315e-01 1.000000000000000000e+00 1.000000000000000000e+00
1.411764705882352922e-01 1.411764705882352922e-01 1.000000000000000000e+00 1.000000000000000000e+00
1.490196078431372528e-01 1.490196078431372528e-01 1.000000000000000000e+00 1.000000000000000000e+00
1.568627450980392135e-01 1.568627450980392135e-01 1.000000000000000000e+00 1.000000000000000000e+00
1.647058823529411742e-01 1.647058823529411742e-01 1.000000000000000000e+00 1.000000000000000000e+00
1.725490196078431349e-01 1.725490196078431349e-01 1.000000000000000000e+00 1.000000000000000000e+00
1.803921568627450955e-01 1.803921568627450955e-01 1.000000000000000000e+00 1.000000000000000000e+00
1.882352941176470562e-01 1.882352941176470562e-01 1.000000000000000000e+00 1.000000000000000000e+00
1.960784313725490169e-01 1.960784313725490169e-01 1.000000000000000000e+00 1.000000000000000000e+00
2.039215686274509776e-01 2.039215686274509776e-01 1.000000000000000000e+00 1.000000000000000000e+00
2.117647058823529382e-01 2.117647058823529382e-01 1.000000000000000000e+00 1.000000000000000000e+00
2.196078431372548989e-01 2.196078431372548989e-01 1.000000000000000000e+00 1.000000000000000000e+00
2.274509803921568596e-01 2.274509803921568596e-01 1.000000000000000000e+00 1.000000000000000000e+00
2.352941176470588203e-01 2.352941176470588203e-01 1.000000000000000000e+00 1.000000000000000000e+00
2.431372549019607809e-01 2.431372549019607809e-01 1.000000000000000000e+00 1.000000000000000000e+00
2.509803921568627416e-01 2.509803921568627416e-01 1.000000000000000000e+00 1.000000000000000000e+00
2.588235294117646745e-01 2.588235294117646745e-01 1.000000000000000000e+00 1.000000000000000000e+00
2.666666666666666630e-01 2.666666666666666630e-01 1.000000000000000000e+00 1.000000000000000000e+00
2.745098039215686514e-01 2.745098039215686514e-01 1.000000000000000000e+00 1.000000000000000000e+00
2.823529411764705843e-01 2.823529411764705843e-01 1.000000000000000000e+00 1.000000000000000000e+00
2.901960784313725172e-01 2.901960784313725172e-01 1.000000000000000000e+00 1.000000000000000000e+00
2.980392156862745057e-01 2.980392156862745057e-01 1.000000000000000000e+00 1.000000000000000000e+00
3.058823529411764941e-01 3.058823529411764941e-01 1.000000000000000000e+00 1.000000000000000000e+00
3.137254901960784270e-01 3.137254901960784270e-01 1.000000000000000000e+00 1.000000000000000000e+00
3.215686274509803599e-01 3.215686274509803599e-01 1.000000000000000000e+00 1.000000000000000000e+00
3.294117647058823484e-01 3.294117647058823484e-01 1.000000000000000000e+00 1.000000000000000000e+00
3.372549019607843368e-01 3.372549019607843368e-01 1.000000000000000000e+00 1.000000000000000000e+00
3.450980392156862697e-01 3.450980392156862697e-01 1.000000000000000000e+00 1.000000000000000000e+00
3.529411764705882026e-01 3.529411764705882026e-01 1.000000000000000000e+00 1.000000000000000000e+00
3.607843137254901911e-01 3.607843137254901911e-01 1.000000000000000000e+00 1.000000000000000000e+00
3.686274509803921795e-01 3.686274509803921795e-01 1.000000000000000000e+00 1.000000000000000000e+00
3.764705882352941124e-01 3.764705882352941124e-01 1.000000000000000000e+00 1.000000000000000000e+00
3.843137254901960453e-01 3.843137254901960453e-01 1.000000000000000000e+00 1.000000000000000000e+00
3.921568627450980338e-01 3.921568627450980338e-01 1.000000000000000000e+00 1.000000000000000000e+00
4.000000000000000222e-01 4.000000000000000222e-01 1.000000000000000000e+00 1.000000000000000000e+00
4.078431372549019551e-01 4.078431372549019551e-01 1.000000000000000000e+00 1.000000000000000000e+00
4.156862745098038880e-01 4.156862745098038880e-01 1.000000000000000000e+00 1.000000000000000000e+00
4.235294117647058765e-01 4.235294117647058765e-01 1.000000000000000000e+00 1.000000000000000000e+00
4.313725490196078649e-01 4.313725490196078649e-01 1.000000000000000000e+00 1.000000000000000000e+00
4.392156862745097978e-01 4.392156862745097978e-01 1.000000000000000000e+00 1.000000000000000000e+00
4.470588235294117307e-01 4.470588235294117307e-01 1.000000000000000000e+00 1.000000000000000000e+00
4.549019607843137192e-01 4.549019607843137192e-01 1.000000000000000000e+00 1.000000000000000000e+00
4.627450980392157076e-01 4.627450980392157076e-01 1.000000000000000000e+00 1.000000000000000000e+00
4.705882352941176405e-01 4.705882352941176405e-01 1.000000000000000000e+00 1.000000000000000000e+00
4.784313725490195734e-01 4.784313725490195734e-01 1.000000000000000000e+00 1.000000000000000000e+00
4.862745098039215619e-01 4.862745098039215619e-01 1.000000000000000000e+00 1.000000000000000000e+00
4.941176470588235503e-01 4.941176470588235503e-01 1.000000000000000000e+00 1.000000000000000000e+00
5.019607843137254832e-01 5.019607843137254832e-01 1.000000000000000000e+00 1.000000000000000000e+00
5.098039215686274161e-01 5.098039215686274161e-01 1.000000000000000000e+00 1.000000000000000000e+00
5.176470588235293491e-01 5.176470588235293491e-01 1.000000000000000000e+00 1.000000000000000000e+00
5.254901960784313930e-01 5.254901960784313930e-01 1.000000000000000000e+00 1.000000000000000000e+00
5.333333333333333259e-01 5.333333333333333259e-01 1.000000000000000000e+00 1.000000000000000000e+00
5.411764705882352589e-01 5.411764705882352589e-01 1.000000000000000000e+00 1.000000000000000000e+00
5.490196078431373028e-01 5.490196078431373028e-01 1.000000000000000000e+00 1.000000000000000000e+00
5.568627450980392357e-01 5.568627450980392357e-01 1.000000000000000000e+00 1.000000000000000000e+00
5.647058823529411686e-01 5.647058823529411686e-01 1.000000000000000000e+00 1.000000000000000000e+00
5.725490196078431016e-01 5.725490196078431016e-01 1.000000000000000000e+00 1.000000000000000000e+00
5.803921568627450345e-01 5.803921568627450345e-01 1.000000000000000000e+00 1.000000000000000000e+00
5.882352941176470784e-01 5.882352941176470784e-01 1.000000000000000000e+00 1.000000000000000000e+00
5.960784313725490113e-01 5.960784313725490113e-01 1.000000000000000000e+00 1.000000000000000000e+00
6.039215686274509443e-01 6.039215686274509443e-01 1.000000000000000000e+00 1.000000000000000000e+00
6.117647058823529882e-01 6.117647058823529882e-01 1.000000000000000000e+00 1.000000000000000000e+00
6.196078431372549211e-01 6.196078431372549211e-01 1.000000000000000000e+00 1.000000000000000000e+00
6.274509803921568540e-01 6.274509803921568540e-01 1.000000000000000000e+00 1.000000000000000000e+00
6.352941176470587870e-01 6.352941176470587870e-01 1.000000000000000000e+00 1.000000000000000000e+00
6.431372549019607199e-01 6.431372549019607199e-01 1.000000000000000000e+00 1.000000000000000000e+00
6.509803921568627638e-01 6.509803921568627638e-01 1.000000000000000000e+00 1.000000000000000000e+00
6.588235294117646967e-01 6.588235294117646967e-01 1.000000000000000000e+00 1.000000000000000000e+00
6.666666666666666297e-01 6.666666666666666297e-01 1.000000000000000000e+00 1.000000000000000000e+00
6.745098039215686736e-01 6.745098039215686736e-01 1.000000000000000000e+00 1.000000000000000000e+00
6.823529411764706065e-01 6.823529411764706065e-01 1.000000000000000000e+00 1.000000000000000000e+00
6.901960784313725394e-01 6.901960784313725394e-01 1.000000000000000000e+00 1.000000000000000000e+00
6.980392156862744724e-01 6.980392156862744724e-01 1.000000000000000000e+00 1.000000000000000000e+00
7.058823529411764053e-01 7.058823529411764053e-01 1.000000000000000000e+00 1.000000000000000000e+00
7.137254901960784492e-01 7.137254901960784492e-01 1.000000000000000000e+00 1.000000000000000000e+00
7.215686274509803821e-01 7.215686274509803821e-01 1.000000000000000000e+00 1.000000000000000000e+00
7.294117647058823151e-01 7.294117647058823151e-01 1.000000000000000000e+00 1.000000000000000000e+00
7.372549019607843590e-01 7.372549019607843590e-01 1.000000000000000000e+00 1.000000000000000000e+00
7.450980392156862919e-01 7.450980392156862919e-01 1.000000000000000000e+00 1.000000000000000000e+00
7.529411764705882248e-01 7.529411764705882248e-01 1.000000000000000000e+00 1.000000000000000000e+00
7.607843137254901578e-01 7.607843137254901578e-01 1.000000000000000000e+00 1.000000000000000000e+00
7.686274509803920907e-01 7.686274509803920907e-01 1.000000000000000000e+00 1.000000000000000000e+00
7.764705882352941346e-01 7.764705882352941346e-01 1.000000000000000000e+00 1.000000000000000000e+00
7.843137254901960675e-01 7.843137254901960675e-01 1.000000000000000000e+00 1.000000000000000000e+00
7.921568627450980005e-01 7.921568627450980005e-01 1.000000000000000000e+00 1.000000000000000000e+00
8.000000000000000444e-01 8.000000000000000444e-01 1.000000000000000000e+00 1.000000000000000000e+00
8.078431372549019773e-01 8.078431372549019773e-01 1.000000000000000000e+00 1.000000000000000000e+00
8.156862745098039102e-01 8.156862745098039102e-01 1.000000000000000000e+00 1.000000000000000000e+00
8.235294117647058432e-01 8.235294117647058432e-01 1.000000000000000000e+00 1.000000000000000000e+00
8.313725490196077761e-01 8.313725490196077761e-01 1.000000000000000000e+00 1.000000000000000000e+00
8.392156862745098200e-01 8.392156862745098200e-01 1.000000000000000000e+00 1.000000000000000000e+00
8.470588235294117530e-01 8.470588235294117530e-01 1.000000000000000000e+00 1.000000000000000000e+00
8.549019607843136859e-01 8.549019607843136859e-01 1.000000000000000000e+00 1.000000000000000000e+00
8.627450980392157298e-01 8.627450980392157298e-01 1.000000000000000000e+00 1.000000000000000000e+00
8.705882352941176627e-01 8.705882352941176627e-01 1.000000000000000000e+00 1.000000000000000000e+00
8.784313725490195957e-01 8.784313725490195957e-01 1.000000000000000000e+00 1.000000000000000000e+00
8.862745098039215286e-01 8.862745098039215286e-01 1.000000000000000000e+00 1.000000000000000000e+00
8.941176470588234615e-01 8.941176470588234615e-01 1.000000000000000000e+00 1.000000000000000000e+00
9.019607843137255054e-01 9.019607843137255054e-01 1.000000000000000000e+00 1.000000000000000000e+00
9.098039215686274384e-01 9.098039215686274384e-01 1.000000000000000000e+00 1.000000000000000000e+00
9.176470588235293713e-01 9.176470588235293713e-01 1.000000000000000000e+00 1.000000000000000000e+00
9.254901960784314152e-01 9.254901960784314152e-01 1.000000000000000000e+00 1.000000000000000000e+00
9.333333333333333481e-01 9.333333333333333481e-01 1.000000000000000000e+00 1.000000000000000000e+00
9.411764705882352811e-01 9.411764705882352811e-01 1.000000000000000000e+00 1.000000000000000000e+00
9.490196078431372140e-01 9.490196078431372140e-01 1.000000000000000000e+00 1.000000000000000000e+00
9.568627450980391469e-01 9.568627450980391469e-01 1.000000000000000000e+00 1.000000000000000000e+00
9.647058823529411908e-01 9.647058823529411908e-01 1.000000000000000000e+00 1.000000000000000000e+00
9.725490196078431238e-01 9.725490196078431238e-01 1.000000000000000000e+00 1.000000000000000000e+00
9.803921568627450567e-01 9.803921568627450567e-01 1.000000000000000000e+00 1.000000000000000000e+00
9.882352941176471006e-01 9.882352941176471006e-01 1.000000000000000000e+00 1.000000000000000000e+00
1.000000000000000000e+00 9.960784313725490335e-01 9.960784313725490335e-01 1.000000000000000000e+00
1.000000000000000000e+00 9.882352941176471006e-01 9.882352941176471006e-01 1.000000000000000000e+00
1.000000000000000000e+00 9.803921568627450567e-01 9.803921568627450567e-01 1.000000000000000000e+00
1.000000000000000000e+00 9.725490196078431238e-01 9.725490196078431238e-01 1.000000000000000000e+00
1.000000000000000000e+00 9.647058823529414129e-01 9.647058823529414129e-01 1.000000000000000000e+00
1.000000000000000000e+00 9.568627450980392579e-01 9.568627450980392579e-01 1.000000000000000000e+00
1.000000000000000000e+00 9.490196078431372140e-01 9.490196078431372140e-01 1.000000000000000000e+00
1.000000000000000000e+00 9.411764705882352811e-01 9.411764705882352811e-01 1.000000000000000000e+00
1.000000000000000000e+00 9.333333333333333481e-01 9.333333333333333481e-01 1.000000000000000000e+00
1.000000000000000000e+00 9.254901960784314152e-01 9.254901960784314152e-01 1.000000000000000000e+00
1.000000000000000000e+00 9.176470588235293713e-01 9.176470588235293713e-01 1.000000000000000000e+00
1.000000000000000000e+00 9.098039215686274384e-01 9.098039215686274384e-01 1.000000000000000000e+00
1.000000000000000000e+00 9.019607843137255054e-01 9.019607843137255054e-01 1.000000000000000000e+00
1.000000000000000000e+00 8.941176470588235725e-01 8.941176470588235725e-01 1.000000000000000000e+00
1.000000000000000000e+00 8.862745098039215286e-01 8.862745098039215286e-01 1.000000000000000000e+00
1.000000000000000000e+00 8.784313725490195957e-01 8.784313725490195957e-01 1.000000000000000000e+00
1.000000000000000000e+00 8.705882352941176627e-01 8.705882352941176627e-01 1.000000000000000000e+00
1.000000000000000000e+00 8.627450980392157298e-01 8.627450980392157298e-01 1.000000000000000000e+00
1.000000000000000000e+00 8.549019607843136859e-01 8.549019607843136859e-01 1.000000000000000000e+00
1.000000000000000000e+00 8.470588235294117530e-01 8.470588235294117530e-01 1.000000000000000000e+00
1.000000000000000000e+00 8.392156862745100421e-01 8.392156862745100421e-01 1.000000000000000000e+00
1.000000000000000000e+00 8.313725490196077761e-01 8.313725490196077761e-01 1.000000000000000000e+00
1.000000000000000000e+00 8.235294117647058432e-01 8.235294117647058432e-01 1.000000000000000000e+00
1.000000000000000000e+00 8.156862745098039102e-01 8.156862745098039102e-01 1.000000000000000000e+00
1.000000000000000000e+00 8.078431372549019773e-01 8.078431372549019773e-01 1.000000000000000000e+00
1.000000000000000000e+00 8.000000000000000444e-01 8.000000000000000444e-01 1.000000000000000000e+00
1.000000000000000000e+00 7.921568627450980005e-01 7.921568627450980005e-01 1.000000000000000000e+00
1.000000000000000000e+00 7.843137254901960675e-01 7.843137254901960675e-01 1.000000000000000000e+00
1.000000000000000000e+00 7.764705882352941346e-01 7.764705882352941346e-01 1.000000000000000000e+00
1.000000000000000000e+00 7.686274509803920907e-01 7.686274509803920907e-01 1.000000000000000000e+00
1.000000000000000000e+00 7.607843137254901578e-01 7.607843137254901578e-01 1.000000000000000000e+00
1.000000000000000000e+00 7.529411764705882248e-01 7.529411764705882248e-01 1.000000000000000000e+00
1.000000000000000000e+00 7.450980392156862919e-01 7.450980392156862919e-01 1.000000000000000000e+00
1.000000000000000000e+00 7.372549019607843590e-01 7.372549019607843590e-01 1.000000000000000000e+00
1.000000000000000000e+00 7.294117647058824261e-01 7.294117647058824261e-01 1.000000000000000000e+00
1.000000000000000000e+00 7.215686274509803821e-01 7.215686274509803821e-01 1.000000000000000000e+00
1.000000000000000000e+00 7.137254901960786713e-01 7.137254901960786713e-01 1.000000000000000000e+00
1.000000000000000000e+00 7.058823529411764053e-01 7.058823529411764053e-01 1.000000000000000000e+00
1.000000000000000000e+00 6.980392156862744724e-01 6.980392156862744724e-01 1.000000000000000000e+00
1.000000000000000000e+00 6.901960784313725394e-01 6.901960784313725394e-01 1.000000000000000000e+00
1.000000000000000000e+00 6.823529411764706065e-01 6.823529411764706065e-01 1.000000000000000000e+00
1.000000000000000000e+00 6.745098039215686736e-01 6.745098039215686736e-01 1.000000000000000000e+00
1.000000000000000000e+00 6.666666666666667407e-01 6.666666666666667407e-01 1.000000000000000000e+00
1.000000000000000000e+00 6.588235294117646967e-01 6.588235294117646967e-01 1.000000000000000000e+00
1.000000000000000000e+00 6.509803921568627638e-01 6.509803921568627638e-01 1.000000000000000000e+00
1.000000000000000000e+00 6.431372549019607199e-01 6.431372549019607199e-01 1.000000000000000000e+00
1.000000000000000000e+00 6.352941176470587870e-01 6.352941176470587870e-01 1.000000000000000000e+00
1.000000000000000000e+00 6.274509803921568540e-01 6.274509803921568540e-01 1.000000000000000000e+00
1.000000000000000000e+00 6.196078431372549211e-01 6.196078431372549211e-01 1.000000000000000000e+00
1.000000000000000000e+00 6.117647058823529882e-01 6.117647058823529882e-01 1.000000000000000000e+00
1.000000000000000000e+00 6.039215686274510553e-01 6.039215686274510553e-01 1.000000000000000000e+00
1.000000000000000000e+00 5.960784313725490113e-01 5.960784313725490113e-01 1.000000000000000000e+00
1.000000000000000000e+00 5.882352941176473005e-01 5.882352941176473005e-01 1.000000000000000000e+00
1.000000000000000000e+00 5.803921568627450345e-01 5.803921568627450345e-01 1.000000000000000000e+00
1.000000000000000000e+00 5.725490196078431016e-01 5.725490196078431016e-01 1.000000000000000000e+00
1.000000000000000000e+00 5.647058823529411686e-01 5.647058823529411686e-01 1.000000000000000000e+00
1.000000000000000000e+00 5.568627450980392357e-01 5.568627450980392357e-01 1.000000000000000000e+00
1.000000000000000000e+00 5.490196078431373028e-01 5.490196078431373028e-01 1.000000000000000000e+00
1.000000000000000000e+00 5.411764705882353699e-01 5.411764705882353699e-01 1.000000000000000000e+00
1.000000000000000000e+00 5.333333333333333259e-01 5.333333333333333259e-01 1.000000000000000000e+00
1.000000000000000000e+00 5.254901960784313930e-01 5.254901960784313930e-01 1.000000000000000000e+00
1.000000000000000000e+00 5.176470588235293491e-01 5.176470588235293491e-01 1.000000000000000000e+00
1.000000000000000000e+00 5.098039215686274161e-01 5.098039215686274161e-01 1.000000000000000000e+00
1.000000000000000000e+00 5.019607843137254832e-01 5.019607843137254832e-01 1.000000000000000000e+00
1.000000000000000000e+00 4.941176470588235503e-01 4.941176470588235503e-01 1.000000000000000000e+00
1.000000000000000000e+00 4.862745098039216174e-01 4.862745098039216174e-01 1.000000000000000000e+00
1.000000000000000000e+00 4.784313725490195734e-01 4.784313725490195734e-01 1.000000000000000000e+00
1.000000000000000000e+00 4.705882352941176405e-01 4.705882352941176405e-01 1.000000000000000000e+00
1.000000000000000000e+00 4.627450980392159297e-01 4.627450980392159297e-01 1.000000000000000000e+00
1.000000000000000000e+00 4.549019607843137747e-01 4.549019607843137747e-01 1.000000000000000000e+00
1.000000000000000000e+00 4.470588235294117307e-01 4.470588235294117307e-01 1.000000000000000000e+00
1.000000000000000000e+00 4.392156862745097978e-01 4.392156862745097978e-01 1.000000000000000000e+00
1.000000000000000000e+00 4.313725490196078649e-01 4.313725490196078649e-01 1.000000000000000000e+00
1.000000000000000000e+00 4.235294117647059320e-01 4.235294117647059320e-01 1.000000000000000000e+00
1.000000000000000000e+00 4.156862745098038880e-01 4.156862745098038880e-01 1.000000000000000000e+00
1.000000000000000000e+00 4.078431372549019551e-01 4.078431372549019551e-01 1.000000000000000000e+00
1.000000000000000000e+00 4.000000000000000222e-01 4.000000000000000222e-01 1.000000000000000000e+00
1.000000000000000000e+00 3.921568627450980893e-01 3.921568627450980893e-01 1.000000000000000000e+00
1.000000000000000000e+00 3.843137254901960453e-01 3.843137254901960453e-01 1.000000000000000000e+00
1.000000000000000000e+00 3.764705882352941124e-01 3.764705882352941124e-01 1.000000000000000000e+00
1.000000000000000000e+00 3.686274509803921795e-01 3.686274509803921795e-01 1.000000000000000000e+00
1.000000000000000000e+00 3.607843137254902466e-01 3.607843137254902466e-01 1.000000000000000000e+00
1.000000000000000000e+00 3.529411764705882026e-01 3.529411764705882026e-01 1.000000000000000000e+00
1.000000000000000000e+00 3.450980392156862697e-01 3.450980392156862697e-01 1.000000000000000000e+00
1.000000000000000000e+00 3.372549019607845588e-01 3.372549019607845588e-01 1.000000000000000000e+00
1.000000000000000000e+00 3.294117647058824039e-01 3.294117647058824039e-01 1.000000000000000000e+00
1.000000000000000000e+00 3.215686274509803599e-01 3.215686274509803599e-01 1.000000000000000000e+00
1.000000000000000000e+00 3.137254901960784270e-01 3.137254901960784270e-01 1.000000000000000000e+00
1.000000000000000000e+00 3.058823529411764941e-01 3.058823529411764941e-01 1.000000000000000000e+00
1.000000000000000000e+00 2.980392156862745612e-01 2.980392156862745612e-01 1.000000000000000000e+00
1.000000000000000000e+00 2.901960784313725172e-01 2.901960784313725172e-01 1.000000000000000000e+00
1.000000000000000000e+00 2.823529411764705843e-01 2.823529411764705843e-01 1.000000000000000000e+00
1.000000000000000000e+00 2.745098039215686514e-01 2.745098039215686514e-01 1.000000000000000000e+00
1.000000000000000000e+00 2.666666666666667185e-01 2.666666666666667185e-01 1.000000000000000000e+00
1.000000000000000000e+00 2.588235294117646745e-01 2.588235294117646745e-01 1.000000000000000000e+00
1.000000000000000000e+00 2.509803921568627416e-01 2.509803921568627416e-01 1.000000000000000000e+00
1.000000000000000000e+00 2.431372549019608087e-01 2.431372549019608087e-01 1.000000000000000000e+00
1.000000000000000000e+00 2.352941176470588758e-01 2.352941176470588758e-01 1.000000000000000000e+00
1.000000000000000000e+00 2.274509803921568318e-01 2.274509803921568318e-01 1.000000000000000000e+00
1.000000000000000000e+00 2.196078431372548989e-01 2.196078431372548989e-01 1.000000000000000000e+00
1.000000000000000000e+00 2.117647058823531880e-01 2.117647058823531880e-01 1.000000000000000000e+00
1.000000000000000000e+00 2.039215686274510331e-01 2.039215686274510331e-01 1.000000000000000000e+00
1.000000000000000000e+00 1.960784313725489891e-01 1.960784313725489891e-01 1.000000000000000000e+00
1.000000000000000000e+00 1.882352941176470562e-01 1.882352941176470562e-01 1.000000000000000000e+00
1.000000000000000000e+00 1.803921568627451233e-01 1.803921568627451233e-01 1.000000000000000000e+00
1.000000000000000000e+00 1.725490196078431904e-01 1.725490196078431904e-01 1.000000000000000000e+00
1.000000000000000000e+00 1.647058823529411464e-01 1.647058823529411464e-01 1.000000000000000000e+00
1.000000000000000000e+00 1.568627450980392135e-01 1.568627450980392135e-01 1.000000000000000000e+00
1.000000000000000000e+00 1.490196078431372806e-01 1.490196078431372806e-01 1.000000000000000000e+00
1.000000000000000000e+00 1.411764705882353477e-01 1.411764705882353477e-01 1.000000000000000000e+00
1.000000000000000000e+00 1.333333333333333037e-01 1.333333333333333037e-01 1.000000000000000000e+00
1.000000000000000000e+00 1.254901960784313708e-01 1.254901960784313708e-01 1.000000000000000000e+00
1.000000000000000000e+00 1.176470588235294379e-01 1.176470588235294379e-01 1.000000000000000000e+00
1.000000000000000000e+00 1.098039215686275050e-01 1.098039215686275050e-01 1.000000000000000000e+00
1.000000000000000000e+00 1.019607843137254610e-01 1.019607843137254610e-01 1.000000000000000000e+00
1.000000000000000000e+00 9.411764705882352811e-02 9.411764705882352811e-02 1.000000000000000000e+00
1.000000000000000000e+00 8.627450980392181723e-02 8.627450980392181723e-02 1.000000000000000000e+00
1.000000000000000000e+00 7.843137254901966227e-02 7.843137254901966227e-02 1.000000000000000000e+00
1.000000000000000000e+00 7.058823529411761832e-02 7.058823529411761832e-02 1.000000000000000000e+00
1.000000000000000000e+00 6.274509803921568540e-02 6.274509803921568540e-02 1.000000000000000000e+00
1.000000000000000000e+00 5.490196078431375248e-02 5.490196078431375248e-02 1.000000000000000000e+00
1.000000000000000000e+00 4.705882352941181956e-02 4.705882352941181956e-02 1.000000000000000000e+00
1.000000000000000000e+00 3.921568627450977562e-02 3.921568627450977562e-02 1.000000000000000000e+00
1.000000000000000000e+00 3.137254901960784270e-02 3.137254901960784270e-02 1.000000000000000000e+00
1.000000000000000000e+00 2.352941176470590978e-02 2.352941176470590978e-02 1.000000000000000000e+00
1.000000000000000000e+00 1.568627450980397686e-02 1.568627450980397686e-02 1.000000000000000000e+00
1.000000000000000000e+00 7.843137254901932920e-03 7.843137254901932920e-03 1.000000000000000000e+00
1.000000000000000000e+00 0.000000000000000000e+00 0.000000000000000000e+00 1.000000000000000000e+00
