1.000000000000000000e+00 1.000000000000000000e+00 1.000000000000000000e+00 1.000000000000000000e+00
9.968627450980391824e-01 9.968627450980391824e-01 9.843137254901961342e-01 1.000000000000000000e+00
9.937254901960784759e-01 9.937254901960784759e-01 9.686274509803921573e-01 1.000000000000000000e+00
9.905882352941176583e-01 9.905882352941176583e-01 9.529411764705881804e-01 1.000000000000000000e+00
9.874509803921568407e-01 9.874509803921568407e-01 9.372549019607843146e-01 1.000000000000000000e+00
9.843137254901961342e-01 9.843137254901961342e-01 9.215686274509804488e-01 1.000000000000000000e+00
9.811764705882353166e-01 9.811764705882353166e-01 9.058823529411764719e-01 1.000000000000000000e+00
9.780392156862744990e-01 9.780392156862744990e-01 8.901960784313724950e-01 1.000000000000000000e+00
9.749019607843136814e-01 9.749019607843136814e-01 8.745098039215686292e-01 1.000000000000000000e+00
9.717647058823529749e-01 9.717647058823529749e-01 8.588235294117647634e-01 1.000000000000000000e+00
9.686274509803921573e-01 9.686274509803921573e-01 8.431372549019607865e-01 1.000000000000000000e+00
9.654901960784313397e-01 9.654901960784313397e-01 8.274509803921568096e-01 1.000000000000000000e+00
9.623529411764706332e-01 9.623529411764706332e-01 8.117647058823529438e-01 1.000000000000000000e+00
9.592156862745098156e-01 9.592156862745098156e-01 7.960784313725490779e-01 1.000000000000000000e+00
9.560784313725489980e-01 9.560784313725489980e-01 7.803921568627451011e-01 1.000000000000000000e+00
9.529411764705882915e-01 9.529411764705882915e-01 7.647058823529411242e-01 1.000000000000000000e+00
9.498039215686274739e-01 9.498039215686274739e-01 7.490196078431372584e-01 1.000000000000000000e+00
9.466666666666666563e-01 9.466666666666666563e-01 7.333333333333333925e-01 1.000000000000000000e+00
9.435294117647059498e-01 9.435294117647059498e-01 7.176470588235294157e-01 1.000000000000000000e+00
9.403921568627451322e-01 9.403921568627451322e-01 7.019607843137254388e-01 1.000000000000000000e+00
9.372549019607843146e-01 9.372549019607843146e-01 6.862745098039215730e-01 1.000000000000000000e+00
9.341176470588234970e-01 9.341176470588234970e-01 6.705882352941177071e-01 1.000000000000000000e+00
9.309803921568627905e-01 9.309803921568627905e-01 6.549019607843137303e-01 1.000000000000000000e+00
9.278431372549019729e-01 9.278431372549019729e-01 6.392156862745097534e-01 1.000000000000000000e+00
9.247058823529411553e-01 9.247058823529411553e-01 6.235294117647058876e-01 1.000000000000000000e+00
9.215686274509804488e-01 9.215686274509804488e-01 6.078431372549020217e-01 1.000000000000000000e+00
9.184313725490196312e-01 9.184313725490196312e-01 5.921568627450980449e-01 1.000000000000000000e+00
9.152941176470588136e-01 9.152941176470588136e-01 5.764705882352940680e-01 1.000000000000000000e+00
9.121568627450981070e-01 9.121568627450981070e-01 5.607843137254902022e-01 1.000000000000000000e+00
9.090196078431372895e-01 9.090196078431372895e-01 5.450980392156863363e-01 1.000000000000000000e+00
9.058823529411764719e-01 9.058823529411764719e-01 5.294117647058823595e-01 1.000000000000000000e+00
9.027450980392157653e-01 9.027450980392157653e-01 5.137254901960783826e-01 1.000000000000000000e+00
9.000000000000000222e-01 8.994117647058823550e-01 4.984313725490195912e-01 1.000000000000000000e+00
9.000000000000000222e-01 8.947058823529412397e-01 4.858823529411765429e-01 1.000000000000000000e+00
9.000000000000000222e-01 8.900000000000000133e-01 4.733333333333333282e-01 1.000000000000000000e+00
9.000000000000000222e-01 8.852941176470588980e-01 4.607843137254902244e-01 1.000000000000000000e+00
9.000000000000000222e-01 8.805882352941176716e-01 4.482352941176470651e-01 1.000000000000000000e+00
9.000000000000000222e-01 8.758823529411765563e-01 4.356862745098040168e-01 1.000000000000000000e+00
9.000000000000000222e-01 8.711764705882353299e-01 4.231372549019607465e-01 1.000000000000000000e+00
9.000000000000000222e-01 8.664705882352941035e-01 4.105882352941176427e-01 1.000000000000000000e+00
9.000000000000000222e-01 8.617647058823529882e-01 3.980392156862745390e-01 1.000000000000000000e+00
9.000000000000000222e-01 8.570588235294118729e-01 3.854901960784314907e-01 1.000000000000000000e+00
9.000000000000000222e-01 8.523529411764706465e-01 3.729411764705882204e-01 1.000000000000000000e+00
9.000000000000000222e-01 8.476470588235294201e-01 3.603921568627450611e-01 1.000000000000000000e+00
9.000000000000000222e-01 8.429411764705883048e-01 3.478431372549019573e-01 1.000000000000000000e+00
9.000000000000000222e-01 8.382352941176470784e-01 3.352941176470589091e-01 1.000000000000000000e+00
9.000000000000000222e-01 8.335294117647058521e-01 3.227450980392156943e-01 1.000000000000000000e+00
9.000000000000000222e-01 8.288235294117647367e-01 3.101960784313725350e-01 1.000000000000000000e+00
9.000000000000000222e-01 8.241176470588235103e-01 2.976470588235293757e-01 1.000000000000000000e+00
9.000000000000000222e-01 8.194117647058823950e-01 2.850980392156863275e-01 1.000000000000000000e+00
9.000000000000000222e-01 8.147058823529411686e-01 2.725490196078431682e-01 1.000000000000000000e+00
9.000000000000000222e-01 8.100000000000000533e-01 2.600000000000000089e-01 1.000000000000000000e+00
9.000000000000000222e-01 8.052941176470588269e-01 2.474509803921568496e-01 1.000000000000000000e+00
9.000000000000000222e-01 8.005882352941177116e-01 2.349019607843138013e-01 1.000000000000000000e+00
9.000000000000000222e-01 7.958823529411764852e-01 2.223529411764705865e-01 1.000000000000000000e+00
9.000000000000000222e-01 7.911764705882352589e-01 2.098039215686274273e-01 1.000000000000000000e+00
9.000000000000000222e-01 7.864705882352941435e-01 1.972549019607843235e-01 1.000000000000000000e+00
9.000000000000000222e-01 7.817647058823530282e-01 1.847058823529412752e-01 1.000000000000000000e+00
9.000000000000000222e-01 7.770588235294118018e-01 1.721568627450980049e-01 1.000000000000000000e+00
9.000000000000000222e-01 7.723529411764705754e-01 1.596078431372549011e-01 1.000000000000000000e+00
9.000000000000000222e-01 7.676470588235293491e-01 1.470588235294117418e-01 1.000000000000000000e+00
9.000000000000000222e-01 7.629411764705882337e-01 1.345098039215686936e-01 1.000000000000000000e+00
9.000000000000000222e-01 7.582352941176471184e-01 1.219607843137254788e-01 1.000000000000000000e+00
9.000000000000000222e-01 7.535294117647058920e-01 1.094117647058823195e-01 1.000000000000000000e+00
9.000000000000000222e-01 7.480392156862745168e-01 9.921568627450981503e-02 1.000000000000000000e+00
9.000000000000000222e-01 7.401960784313725839e-01 9.607843137254902521e-02 1.000000000000000000e+00
9.000000000000000222e-01 7.323529411764706509e-01 9.294117647058829090e-02 1.000000000000000000e+00
9.000000000000000222e-01 7.245098039215686070e-01 8.980392156862745945e-02 1.000000000000000000e+00
9.000000000000000222e-01 7.166666666666666741e-01 8.666666666666666963e-02 1.000000000000000000e+00
9.000000000000000222e-01 7.088235294117647411e-01 8.352941176470587981e-02 1.000000000000000000e+00
9.000000000000000222e-01 7.009803921568626972e-01 8.039215686274510386e-02 1.000000000000000000e+00
9.000000000000000222e-01 6.931372549019607643e-01 7.725490196078431404e-02 1.000000000000000000e+00
9.000000000000000222e-01 6.852941176470588314e-01 7.411764705882353810e-02 1.000000000000000000e+00
9.000000000000000222e-01 6.774509803921568984e-01 7.098039215686274828e-02 1.000000000000000000e+00
9.000000000000000222e-01 6.696078431372549655e-01 6.784313725490201397e-02 1.000000000000000000e+00
9.000000000000000222e-01 6.617647058823529216e-01 6.470588235294116863e-02 1.000000000000000000e+00
9.000000000000000222e-01 6.539215686274509887e-01 6.156862745098039269e-02 1.000000000000000000e+00
9.000000000000000222e-01 6.460784313725490557e-01 5.843137254901960981e-02 1.000000000000000000e+00
9.000000000000000222e-01 6.382352941176470118e-01 5.529411764705882693e-02 1.000000000000000000e+00
9.000000000000000222e-01 6.303921568627450789e-01 5.215686274509803710e-02 1.000000000000000000e+00
9.000000000000000222e-01 6.225490196078431460e-01 4.901960784313726116e-02 1.000000000000000000e+00
9.000000000000000222e-01 6.147058823529412130e-01 4.588235294117647828e-02 1.000000000000000000e+00
9.000000000000000222e-01 6.068627450980392801e-01 4.274509803921573703e-02 1.000000000000000000e+00
9.000000000000000222e-01 5.990196078431372362e-01 3.960784313725490557e-02 1.000000000000000000e+00
9.000000000000000222e-01 5.911764705882353033e-01 3.647058823529412963e-02 1.000000000000000000e+00
9.000000000000000222e-01 5.833333333333333703e-01 3.333333333333333981e-02 1.000000000000000000e+00
9.000000000000000222e-01 5.754901960784313264e-01 3.019607843137254999e-02 1.000000000000000000e+00
9.000000000000000222e-01 5.676470588235293935e-01 2.705882352941177404e-02 1.000000000000000000e+00
9.000000000000000222e-01 5.598039215686274606e-01 2.392156862745098422e-02 1.000000000000000000e+00
9.000000000000000222e-01 5.519607843137255276e-01 2.078431372549019440e-02 1.000000000000000000e+00
9.000000000000000222e-01 5.441176470588235947e-01 1.764705882352946009e-02 1.000000000000000000e+00
9.000000000000000222e-01 5.362745098039215508e-01 1.450980392156862864e-02 1.000000000000000000e+00
9.000000000000000222e-01 5.284313725490196179e-01 1.137254901960785269e-02 1.000000000000000000e+00
9.000000000000000222e-01 5.205882352941176849e-01 8.235294117647062873e-03 1.000000000000000000e+00
9.000000000000000222e-01 5.127450980392156410e-01 5.098039215686273051e-03 1.000000000000000000e+00
9.000000000000000222e-01 5.049019607843137081e-01 1.960784313725497108e-03 1.000000000000000000e+00
9.011764705882353566e-01 4.970588235294117752e-01 1.764705882352941022e-03 1.000000000000000000e+00
9.043137254901960631e-01 4.892156862745097867e-01 6.470588235294117731e-03 1.000000000000000000e+00
9.074509803921568807e-01 4.813725490196079648e-01 1.117647058823522700e-02 1.000000000000000000e+00
9.105882352941176983e-01 4.735294117647058654e-01 1.588235294117646898e-02 1.000000000000000000e+00
9.137254901960784048e-01 4.656862745098039325e-01 2.058823529411764677e-02 1.000000000000000000e+00
9.168627450980392224e-01 4.578431372549019440e-01 2.529411764705882457e-02 1.000000000000000000e+00
9.200000000000000400e-01 4.500000000000000111e-01 2.999999999999999889e-02 1.000000000000000000e+00
9.231372549019607465e-01 4.421568627450980227e-01 3.470588235294117668e-02 1.000000000000000000e+00
9.262745098039215641e-01 4.343137254901960898e-01 3.941176470588235448e-02 1.000000000000000000e+00
9.294117647058823817e-01 4.264705882352941013e-01 4.411764705882353227e-02 1.000000000000000000e+00
9.325490196078430882e-01 4.186274509803922794e-01 4.882352941176464067e-02 1.000000000000000000e+00
9.356862745098039058e-01 4.107843137254901800e-01 5.352941176470588092e-02 1.000000000000000000e+00
9.388235294117647234e-01 4.029411764705882470e-01 5.823529411764705871e-02 1.000000000000000000e+00
9.419607843137255410e-01 3.950980392156862586e-01 6.294117647058823650e-02 1.000000000000000000e+00
9.450980392156862475e-01 3.872549019607843257e-01 6.764705882352940736e-02 1.000000000000000000e+00
9.482352941176470651e-01 3.794117647058823373e-01 7.235294117647059209e-02 1.000000000000000000e+00
9.513725490196078827e-01 3.715686274509804043e-01 7.705882352941174906e-02 1.000000000000000000e+00
9.545098039215685892e-01 3.637254901960784714e-01 8.176470588235293380e-02 1.000000000000000000e+00
9.576470588235294068e-01 3.558823529411765940e-01 8.647058823529403526e-02 1.000000000000000000e+00
9.607843137254902244e-01 3.480392156862744946e-01 9.117647058823528938e-02 1.000000000000000000e+00
9.639215686274509309e-01 3.401960784313725616e-01 9.588235294117646024e-02 1.000000000000000000e+00
9.670588235294117485e-01 3.323529411764706287e-01 1.005882352941176311e-01 1.000000000000000000e+00
9.701960784313725661e-01 3.245098039215686403e-01 1.052941176470588158e-01 1.000000000000000000e+00
9.733333333333333837e-01 3.166666666666666519e-01 1.099999999999999867e-01 1.000000000000000000e+00
9.764705882352940902e-01 3.088235294117647189e-01 1.147058823529411575e-01 1.000000000000000000e+00
9.796078431372549078e-01 3.009803921568627860e-01 1.194117647058823423e-01 1.000000000000000000e+00
9.827450980392156143e-01 2.931372549019609086e-01 1.241176470588234437e-01 1.000000000000000000e+00
9.858823529411764319e-01 2.852941176470588092e-01 1.288235294117646978e-01 1.000000000000000000e+00
9.890196078431372495e-01 2.774509803921568762e-01 1.335294117647058687e-01 1.000000000000000000e+00
9.921568627450980671e-01 2.696078431372549433e-01 1.382352941176470396e-01 1.000000000000000000e+00
9.952941176470587736e-01 2.617647058823529549e-01 1.429411764705882104e-01 1.000000000000000000e+00
9.937254901960784759e-01 2.492156862745097956e-01 1.554901960784313697e-01 1.000000000000000000e+00
9.811764705882353166e-01 2.476470588235294146e-01 1.664705882352941202e-01 1.000000000000000000e+00
9.686274509803921573e-01 2.460784313725490335e-01 1.774509803921568429e-01 1.000000000000000000e+00
9.560784313725489980e-01 2.445098039215686248e-01 1.884313725490195934e-01 1.000000000000000000e+00
9.435294117647062828e-01 2.429411764705882715e-01 1.994117647058820386e-01 1.000000000000000000e+00
9.309803921568627905e-01 2.413725490196078349e-01 2.103921568627450944e-01 1.000000000000000000e+00
9.184313725490196312e-01 2.398039215686274539e-01 2.213725490196078449e-01 1.000000000000000000e+00
9.058823529411764719e-01 2.382352941176470729e-01 2.323529411764705954e-01 1.000000000000000000e+00
8.933333333333333126e-01 2.366666666666666641e-01 2.433333333333333182e-01 1.000000000000000000e+00
8.807843137254901533e-01 2.350980392156862830e-01 2.543137254901960409e-01 1.000000000000000000e+00
8.682352941176469940e-01 2.335294117647058743e-01 2.652941176470587914e-01 1.000000000000000000e+00
8.556862745098039458e-01 2.319607843137254932e-01 2.762745098039215419e-01 1.000000000000000000e+00
8.431372549019607865e-01 2.303921568627451122e-01 2.872549019607842924e-01 1.000000000000000000e+00
8.305882352941176272e-01 2.288235294117647034e-01 2.982352941176470429e-01 1.000000000000000000e+00
8.180392156862744679e-01 2.272549019607843224e-01 3.092156862745097934e-01 1.000000000000000000e+00
8.054901960784313086e-01 2.256862745098039413e-01 3.201960784313725439e-01 1.000000000000000000e+00
7.929411764705882604e-01 2.241176470588235325e-01 3.311764705882352944e-01 1.000000000000000000e+00
7.803921568627451011e-01 2.225490196078431515e-01 3.421568627450980449e-01 1.000000000000000000e+00
7.678431372549019418e-01 2.209803921568627427e-01 3.531372549019607954e-01 1.000000000000000000e+00
7.552941176470587825e-01 2.194117647058823617e-01 3.641176470588235459e-01 1.000000000000000000e+00
7.427450980392160673e-01 2.178431372549020084e-01 3.750980392156859633e-01 1.000000000000000000e+00
7.301960784313725750e-01 2.162745098039215719e-01 3.860784313725490469e-01 1.000000000000000000e+00
7.176470588235293047e-01 2.147058823529411908e-01 3.970588235294117974e-01 1.000000000000000000e+00
7.050980392156862564e-01 2.131372549019607820e-01 4.080392156862745479e-01 1.000000000000000000e+00
6.925490196078430971e-01 2.115686274509804010e-01 4.190196078431372984e-01 1.000000000000000000e+00
6.799999999999999378e-01 2.100000000000000200e-01 4.299999999999999378e-01 1.000000000000000000e+00
6.674509803921568896e-01 2.084313725490196112e-01 4.409803921568626883e-01 1.000000000000000000e+00
6.549019607843136193e-01 2.068627450980392302e-01 4.519607843137254388e-01 1.000000000000000000e+00
6.423529411764705710e-01 2.052941176470588214e-01 4.629411764705881893e-01 1.000000000000000000e+00
6.298039215686274117e-01 2.037254901960784403e-01 4.739215686274509398e-01 1.000000000000000000e+00
6.172549019607842524e-01 2.021568627450980316e-01 4.849019607843136903e-01 1.000000000000000000e+00
6.047058823529412042e-01 2.005882352941176505e-01 4.958823529411764408e-01 1.000000000000000000e+00
5.941176470588235281e-01 1.990196078431372695e-01 5.049019607843137081e-01 1.000000000000000000e+00
5.847058823529411864e-01 1.974509803921568607e-01 5.127450980392156410e-01 1.000000000000000000e+00
5.752941176470588447e-01 1.958823529411764797e-01 5.205882352941176849e-01 1.000000000000000000e+00
5.658823529411765030e-01 1.943137254901960986e-01 5.284313725490196179e-01 1.000000000000000000e+00
5.564705882352943833e-01 1.927450980392157454e-01 5.362745098039213287e-01 1.000000000000000000e+00
5.470588235294117085e-01 1.911764705882353088e-01 5.441176470588234837e-01 1.000000000000000000e+00
5.376470588235293668e-01 1.896078431372549000e-01 5.519607843137255276e-01 1.000000000000000000e+00
5.282352941176470251e-01 1.880392156862745190e-01 5.598039215686274606e-01 1.000000000000000000e+00
5.188235294117646834e-01 1.864705882352941380e-01 5.676470588235293935e-01 1.000000000000000000e+00
5.094117647058823417e-01 1.849019607843137292e-01 5.754901960784313264e-01 1.000000000000000000e+00
5.000000000000000000e-01 1.833333333333333481e-01 5.833333333333333703e-01 1.000000000000000000e+00
4.905882352941176583e-01 1.817647058823529393e-01 5.911764705882353033e-01 1.000000000000000000e+00
4.811764705882353166e-01 1.801960784313725583e-01 5.990196078431372362e-01 1.000000000000000000e+00
4.717647058823529194e-01 1.786274509803921773e-01 6.068627450980391691e-01 1.000000000000000000e+00
4.623529411764705777e-01 1.770588235294117685e-01 6.147058823529412130e-01 1.000000000000000000e+00
4.529411764705882359e-01 1.754901960784313875e-01 6.225490196078431460e-01 1.000000000000000000e+00
4.435294117647058387e-01 1.739215686274509787e-01 6.303921568627450789e-01 1.000000000000000000e+00
4.341176470588234970e-01 1.723529411764705976e-01 6.382352941176470118e-01 1.000000000000000000e+00
4.247058823529411553e-01 1.707843137254901889e-01 6.460784313725490557e-01 1.000000000000000000e+00
4.152941176470588136e-01 1.692156862745098078e-01 6.539215686274509887e-01 1.000000000000000000e+00
4.058823529411766939e-01 1.676470588235294545e-01 6.617647058823526995e-01 1.000000000000000000e+00
3.964705882352941302e-01 1.660784313725490180e-01 6.696078431372549655e-01 1.000000000000000000e+00
3.870588235294117330e-01 1.645098039215686092e-01 6.774509803921568984e-01 1.000000000000000000e+00
3.776470588235293913e-01 1.629411764705882282e-01 6.852941176470588314e-01 1.000000000000000000e+00
3.682352941176470495e-01 1.613725490196078471e-01 6.931372549019607643e-01 1.000000000000000000e+00
3.588235294117646523e-01 1.598039215686274384e-01 7.009803921568626972e-01 1.000000000000000000e+00
3.494117647058823106e-01 1.582352941176470573e-01 7.088235294117647411e-01 1.000000000000000000e+00
3.399999999999999689e-01 1.566666666666666763e-01 7.166666666666666741e-01 1.000000000000000000e+00
3.305882352941176272e-01 1.550980392156862675e-01 7.245098039215686070e-01 1.000000000000000000e+00
3.211764705882352855e-01 1.535294117647058865e-01 7.323529411764706509e-01 1.000000000000000000e+00
3.117647058823529438e-01 1.519607843137254777e-01 7.401960784313725839e-01 1.000000000000000000e+00
3.023529411764705466e-01 1.503921568627450966e-01 7.480392156862745168e-01 1.000000000000000000e+00
2.964705882352940969e-01 1.499999999999999944e-01 7.441176470588235503e-01 1.000000000000000000e+00
2.917647058823529260e-01 1.499999999999999944e-01 7.362745098039216174e-01 1.000000000000000000e+00
2.870588235294117552e-01 1.499999999999999944e-01 7.284313725490195734e-01 1.000000000000000000e+00
2.823529411764705843e-01 1.499999999999999944e-01 7.205882352941176405e-01 1.000000000000000000e+00
2.776470588235295245e-01 1.499999999999999944e-01 7.127450980392159297e-01 1.000000000000000000e+00
2.729411764705882426e-01 1.499999999999999944e-01 7.049019607843137747e-01 1.000000000000000000e+00
2.682352941176470718e-01 1.499999999999999944e-01 6.970588235294117307e-01 1.000000000000000000e+00
2.635294117647059009e-01 1.499999999999999944e-01 6.892156862745097978e-01 1.000000000000000000e+00
2.588235294117646745e-01 1.499999999999999944e-01 6.813725490196078649e-01 1.000000000000000000e+00
2.541176470588235037e-01 1.499999999999999944e-01 6.735294117647059320e-01 1.000000000000000000e+00
2.494117647058823328e-01 1.499999999999999944e-01 6.656862745098038880e-01 1.000000000000000000e+00
2.447058823529411620e-01 1.499999999999999944e-01 6.578431372549019551e-01 1.000000000000000000e+00
2.399999999999999911e-01 1.499999999999999944e-01 6.500000000000000222e-01 1.000000000000000000e+00
2.352941176470588203e-01 1.499999999999999944e-01 6.421568627450979783e-01 1.000000000000000000e+00
2.305882352941176494e-01 1.499999999999999944e-01 6.343137254901960453e-01 1.000000000000000000e+00
2.258823529411764786e-01 1.499999999999999944e-01 6.264705882352941124e-01 1.000000000000000000e+00
2.211764705882352799e-01 1.499999999999999944e-01 6.186274509803921795e-01 1.000000000000000000e+00
2.164705882352941091e-01 1.499999999999999944e-01 6.107843137254902466e-01 1.000000000000000000e+00
2.117647058823529105e-01 1.499999999999999944e-01 6.029411764705882026e-01 1.000000000000000000e+00
2.070588235294117396e-01 1.499999999999999944e-01 5.950980392156862697e-01 1.000000000000000000e+00
2.023529411764707076e-01 1.499999999999999944e-01 5.872549019607845588e-01 1.000000000000000000e+00
1.976470588235293979e-01 1.499999999999999944e-01 5.794117647058822929e-01 1.000000000000000000e+00
1.929411764705882271e-01 1.499999999999999944e-01 5.715686274509803599e-01 1.000000000000000000e+00
1.882352941176470562e-01 1.499999999999999944e-01 5.637254901960784270e-01 1.000000000000000000e+00
1.835294117647058854e-01 1.499999999999999944e-01 5.558823529411764941e-01 1.000000000000000000e+00
1.788235294117647145e-01 1.499999999999999944e-01 5.480392156862745612e-01 1.000000000000000000e+00
1.741176470588235159e-01 1.499999999999999944e-01 5.401960784313725172e-01 1.000000000000000000e+00
1.694117647058823450e-01 1.499999999999999944e-01 5.323529411764705843e-01 1.000000000000000000e+00
1.647058823529411742e-01 1.499999999999999944e-01 5.245098039215686514e-01 1.000000000000000000e+00
1.600000000000000033e-01 1.499999999999999944e-01 5.166666666666666075e-01 1.000000000000000000e+00
1.552941176470588047e-01 1.499999999999999944e-01 5.088235294117646745e-01 1.000000000000000000e+00
1.505882352941176339e-01 1.499999999999999944e-01 5.009803921568627416e-01 1.000000000000000000e+00
1.458823529411764630e-01 1.458823529411764630e-01 4.862745098039215619e-01 1.000000000000000000e+00
1.411764705882352922e-01 1.411764705882352922e-01 4.705882352941176405e-01 1.000000000000000000e+00
1.364705882352941213e-01 1.364705882352941213e-01 4.549019607843137192e-01 1.000000000000000000e+00
1.317647058823529505e-01 1.317647058823529505e-01 4.392156862745097978e-01 1.000000000000000000e+00
1.270588235294118906e-01 1.270588235294118906e-01 4.235294117647063206e-01 1.000000000000000000e+00
1.223529411764705810e-01 1.223529411764705810e-01 4.078431372549019551e-01 1.000000000000000000e+00
1.176470588235294101e-01 1.176470588235294101e-01 3.921568627450980338e-01 1.000000000000000000e+00
1.129411764705882393e-01 1.129411764705882393e-01 3.764705882352941124e-01 1.000000000000000000e+00
1.082352941176470545e-01 1.082352941176470545e-01 3.607843137254901911e-01 1.000000000000000000e+00
1.035294117647058698e-01 1.035294117647058698e-01 3.450980392156862697e-01 1.000000000000000000e+00
9.882352941176469896e-02 9.882352941176469896e-02 3.294117647058823484e-01 1.000000000000000000e+00
9.411764705882352811e-02 9.411764705882352811e-02 3.137254901960784270e-01 1.000000000000000000e+00
8.941176470588235725e-02 8.941176470588235725e-02 2.980392156862745057e-01 1.000000000000000000e+00
8.470588235294117252e-02 8.470588235294117252e-02 2.823529411764705843e-01 1.000000000000000000e+00
8.000000000000000167e-02 8.000000000000000167e-02 2.666666666666666630e-01 1.000000000000000000e+00
7.529411764705881693e-02 7.529411764705881693e-02 2.509803921568627416e-01 1.000000000000000000e+00
7.058823529411764608e-02 7.058823529411764608e-02 2.352941176470588203e-01 1.000000000000000000e+00
6.588235294117646135e-02 6.588235294117646135e-02 2.196078431372548989e-01 1.000000000000000000e+00
6.117647058823529049e-02 6.117647058823529049e-02 2.039215686274509776e-01 1.000000000000000000e+00
5.647058823529411964e-02 5.647058823529411964e-02 1.882352941176470562e-01 1.000000000000000000e+00
5.176470588235307368e-02 5.176470588235307368e-02 1.725490196078435789e-01 1.000000000000000000e+00
4.705882352941176405e-02 4.705882352941176405e-02 1.568627450980392135e-01 1.000000000000000000e+00
4.235294117647057932e-02 4.235294117647057932e-02 1.411764705882352922e-01 1.000000000000000000e+00
3.764705882352940847e-02 3.764705882352940847e-02 1.254901960784313708e-01 1.000000000000000000e+00
3.294117647058823761e-02 3.294117647058823761e-02 1.098039215686274495e-01 1.000000000000000000e+00
2.823529411764705288e-02 2.823529411764705288e-02 9.411764705882352811e-02 1.000000000000000000e+00
2.352941176470588203e-02 2.352941176470588203e-02 7.843137254901960675e-02 1.000000000000000000e+00
1.882352941176471117e-02 1.882352941176471117e-02 6.274509803921568540e-02 1.000000000000000000e+00
1.411764705882354032e-02 1.411764705882354032e-02 4.705882352941176405e-02 1.000000000000000000e+00
9.411764705882341708e-03 9.411764705882341708e-03 3.137254901960784270e-02 1.000000000000000000e+00
4.705882352941170854e-03 4.705882352941170854e-03 1.568627450980392135e-02 1.000000000000000000e+00
0.000000000000000000e+00 0.000000000000000000e+00 0.000000000000000000e+00 1.000000000000000000e+00
