0.000000000000000000e+00 0.000000000000000000e+00 0.000000000000000000e+00 1.000000000000000000e+00
4.705882352941176058e-03 4.705882352941176058e-03 1.568627450980392135e-02 1.000000000000000000e+00
9.411764705882352117e-03 9.411764705882352117e-03 3.137254901960784270e-02 1.000000000000000000e+00
1.411764705882352818e-02 1.411764705882352818e-02 4.705882352941176405e-02 1.000000000000000000e+00
1.882352941176470423e-02 1.882352941176470423e-02 6.274509803921568540e-02 1.000000000000000000e+00
2.352941176470588203e-02 2.352941176470588203e-02 7.843137254901960675e-02 1.000000000000000000e+00
2.823529411764705635e-02 2.823529411764705635e-02 9.411764705882352811e-02 1.000000000000000000e+00
3.294117647058823067e-02 3.294117647058823067e-02 1.098039215686274495e-01 1.000000000000000000e+00
3.764705882352940847e-02 3.764705882352940847e-02 1.254901960784313708e-01 1.000000000000000000e+00
4.235294117647058626e-02 4.235294117647058626e-02 1.411764705882352922e-01 1.000000000000000000e+00
4.705882352941176405e-02 4.705882352941176405e-02 1.568627450980392135e-01 1.000000000000000000e+00
5.176470588235294185e-02 5.176470588235294185e-02 1.725490196078431349e-01 1.000000000000000000e+00
5.647058823529411270e-02 5.647058823529411270e-02 1.882352941176470562e-01 1.000000000000000000e+00
6.117647058823529049e-02 6.117647058823529049e-02 2.039215686274509776e-01 1.000000000000000000e+00
6.588235294117646135e-02 6.588235294117646135e-02 2.196078431372548989e-01 1.000000000000000000e+00
7.058823529411764608e-02 7.058823529411764608e-02 2.352941176470588203e-01 1.000000000000000000e+00
7.529411764705881693e-02 7.529411764705881693e-02 2.509803921568627416e-01 1.000000000000000000e+00
8.000000000000000167e-02 8.000000000000000167e-02 2.666666666666666630e-01 1.000000000000000000e+00
8.470588235294117252e-02 8.470588235294117252e-02 2.823529411764705843e-01 1.000000000000000000e+00
8.941176470588234337e-02 8.941176470588234337e-02 2.980392156862745057e-01 1.000000000000000000e+00
9.411764705882352811e-02 9.411764705882352811e-02 3.137254901960784270e-01 1.000000000000000000e+00
9.882352941176469896e-02 9.882352941176469896e-02 3.294117647058823484e-01 1.000000000000000000e+00
1.035294117647058837e-01 1.035294117647058837e-01 3.450980392156862697e-01 1.000000000000000000e+00
1.082352941176470545e-01 1.082352941176470545e-01 3.607843137254901911e-01 1.000000000000000000e+00
1.129411764705882254e-01 1.129411764705882254e-01 3.764705882352941124e-01 1.000000000000000000e+00
1.176470588235294101e-01 1.176470588235294101e-01 3.921568627450980338e-01 1.000000000000000000e+00
1.223529411764705810e-01 1.223529411764705810e-01 4.078431372549019551e-01 1.000000000000000000e+00
1.270588235294117518e-01 1.270588235294117518e-01 4.235294117647058765e-01 1.000000000000000000e+00
1.317647058823529227e-01 1.317647058823529227e-01 4.392156862745097978e-01 1.000000000000000000e+00
1.364705882352941213e-01 1.364705882352941213e-01 4.549019607843137192e-01 1.000000000000000000e+00
1.411764705882352922e-01 1.411764705882352922e-01 4.705882352941176405e-01 1.000000000000000000e+00
1.458823529411764630e-01 1.458823529411764630e-01 4.862745098039215619e-01 1.000000000000000000e+00
1.505882352941176339e-01 1.499999999999999944e-01 5.009803921568627416e-01 1.000000000000000000e+00
1.552941176470587770e-01 1.499999999999999944e-01 5.088235294117646745e-01 1.000000000000000000e+00
1.600000000000000033e-01 1.499999999999999944e-01 5.166666666666667185e-01 1.000000000000000000e+00
1.647058823529411742e-01 1.499999999999999944e-01 5.245098039215686514e-01 1.000000000000000000e+00
1.694117647058823450e-01 1.499999999999999944e-01 5.323529411764705843e-01 1.000000000000000000e+00
1.741176470588234881e-01 1.499999999999999944e-01 5.401960784313725172e-01 1.000000000000000000e+00
1.788235294117647145e-01 1.499999999999999944e-01 5.480392156862745612e-01 1.000000000000000000e+00
1.835294117647058854e-01 1.499999999999999944e-01 5.558823529411764941e-01 1.000000000000000000e+00
1.882352941176470562e-01 1.499999999999999944e-01 5.637254901960784270e-01 1.000000000000000000e+00
1.929411764705881993e-01 1.499999999999999944e-01 5.715686274509803599e-01 1.000000000000000000e+00
1.976470588235293979e-01 1.499999999999999944e-01 5.794117647058822929e-01 1.000000000000000000e+00
2.023529411764705688e-01 1.499999999999999944e-01 5.872549019607843368e-01 1.000000000000000000e+00
2.070588235294117396e-01 1.499999999999999944e-01 5.950980392156862697e-01 1.000000000000000000e+00
2.117647058823529105e-01 1.499999999999999944e-01 6.029411764705882026e-01 1.000000000000000000e+00
2.164705882352941091e-01 1.499999999999999944e-01 6.107843137254902466e-01 1.000000000000000000e+00
2.211764705882352799e-01 1.499999999999999944e-01 6.186274509803921795e-01 1.000000000000000000e+00
2.258823529411764786e-01 1.499999999999999944e-01 6.264705882352941124e-01 1.000000000000000000e+00
2.305882352941175939e-01 1.499999999999999944e-01 6.343137254901960453e-01 1.000000000000000000e+00
2.352941176470588203e-01 1.499999999999999944e-01 6.421568627450979783e-01 1.000000000000000000e+00
2.399999999999999911e-01 1.499999999999999944e-01 6.500000000000000222e-01 1.000000000000000000e+00
2.447058823529411620e-01 1.499999999999999944e-01 6.578431372549019551e-01 1.000000000000000000e+00
2.494117647058823051e-01 1.499999999999999944e-01 6.656862745098038880e-01 1.000000000000000000e+00
2.541176470588235037e-01 1.499999999999999944e-01 6.735294117647059320e-01 1.000000000000000000e+00
2.588235294117646745e-01 1.499999999999999944e-01 6.813725490196078649e-01 1.000000000000000000e+00
2.635294117647059009e-01 1.499999999999999944e-01 6.892156862745097978e-01 1.000000000000000000e+00
2.682352941176470162e-01 1.499999999999999944e-01 6.970588235294117307e-01 1.000000000000000000e+00
2.729411764705882426e-01 1.499999999999999944e-01 7.049019607843136637e-01 1.000000000000000000e+00
2.776470588235293580e-01 1.499999999999999944e-01 7.127450980392157076e-01 1.000000000000000000e+00
2.823529411764705843e-01 1.499999999999999944e-01 7.205882352941176405e-01 1.000000000000000000e+00
2.870588235294116997e-01 1.499999999999999944e-01 7.284313725490195734e-01 1.000000000000000000e+00
2.917647058823529260e-01 1.499999999999999944e-01 7.362745098039216174e-01 1.000000000000000000e+00
2.964705882352940969e-01 1.499999999999999944e-01 7.441176470588235503e-01 1.000000000000000000e+00
3.023529411764706021e-01 1.503921568627450966e-01 7.480392156862745168e-01 1.000000000000000000e+00
3.117647058823529438e-01 1.519607843137254777e-01 7.401960784313725839e-01 1.000000000000000000e+00
3.211764705882351745e-01 1.535294117647058587e-01 7.323529411764706509e-01 1.000000000000000000e+00
3.305882352941176272e-01 1.550980392156862675e-01 7.245098039215686070e-01 1.000000000000000000e+00
3.399999999999999689e-01 1.566666666666666763e-01 7.166666666666666741e-01 1.000000000000000000e+00
3.494117647058823106e-01 1.582352941176470573e-01 7.088235294117647411e-01 1.000000000000000000e+00
3.588235294117647078e-01 1.598039215686274384e-01 7.009803921568626972e-01 1.000000000000000000e+00
3.682352941176470495e-01 1.613725490196078471e-01 6.931372549019607643e-01 1.000000000000000000e+00
3.776470588235293913e-01 1.629411764705882282e-01 6.852941176470588314e-01 1.000000000000000000e+00
3.870588235294117885e-01 1.645098039215686370e-01 6.774509803921568984e-01 1.000000000000000000e+00
3.964705882352939637e-01 1.660784313725489902e-01 6.696078431372549655e-01 1.000000000000000000e+00
4.058823529411764719e-01 1.676470588235294268e-01 6.617647058823529216e-01 1.000000000000000000e+00
4.152941176470588136e-01 1.692156862745098078e-01 6.539215686274509887e-01 1.000000000000000000e+00
4.247058823529411553e-01 1.707843137254901889e-01 6.460784313725490557e-01 1.000000000000000000e+00
4.341176470588234970e-01 1.723529411764705976e-01 6.382352941176470118e-01 1.000000000000000000e+00
4.435294117647058387e-01 1.739215686274509787e-01 6.303921568627450789e-01 1.000000000000000000e+00
4.529411764705881804e-01 1.754901960784313597e-01 6.225490196078431460e-01 1.000000000000000000e+00
4.623529411764705221e-01 1.770588235294117685e-01 6.147058823529412130e-01 1.000000000000000000e+00
4.717647058823527528e-01 1.786274509803921218e-01 6.068627450980392801e-01 1.000000000000000000e+00
4.811764705882352611e-01 1.801960784313725583e-01 5.990196078431372362e-01 1.000000000000000000e+00
4.905882352941176583e-01 1.817647058823529393e-01 5.911764705882353033e-01 1.000000000000000000e+00
5.000000000000000000e-01 1.833333333333333481e-01 5.833333333333333703e-01 1.000000000000000000e+00
5.094117647058823417e-01 1.849019607843137292e-01 5.754901960784313264e-01 1.000000000000000000e+00
5.188235294117646834e-01 1.864705882352941102e-01 5.676470588235293935e-01 1.000000000000000000e+00
5.282352941176470251e-01 1.880392156862745190e-01 5.598039215686274606e-01 1.000000000000000000e+00
5.376470588235293668e-01 1.896078431372549000e-01 5.519607843137255276e-01 1.000000000000000000e+00
5.470588235294115975e-01 1.911764705882352811e-01 5.441176470588235947e-01 1.000000000000000000e+00
5.564705882352940502e-01 1.927450980392156898e-01 5.362745098039215508e-01 1.000000000000000000e+00
5.658823529411765030e-01 1.943137254901960986e-01 5.284313725490196179e-01 1.000000000000000000e+00
5.752941176470587337e-01 1.958823529411764797e-01 5.205882352941176849e-01 1.000000000000000000e+00
5.847058823529411864e-01 1.974509803921568607e-01 5.127450980392156410e-01 1.000000000000000000e+00
5.941176470588234171e-01 1.990196078431372695e-01 5.049019607843137081e-01 1.000000000000000000e+00
6.047058823529412042e-01 2.005882352941176505e-01 4.958823529411764963e-01 1.000000000000000000e+00
6.172549019607842524e-01 2.021568627450980593e-01 4.849019607843137458e-01 1.000000000000000000e+00
6.298039215686273007e-01 2.037254901960784126e-01 4.739215686274511619e-01 1.000000000000000000e+00
6.423529411764705710e-01 2.052941176470588214e-01 4.629411764705882448e-01 1.000000000000000000e+00
6.549019607843137303e-01 2.068627450980392302e-01 4.519607843137254943e-01 1.000000000000000000e+00
6.674509803921568896e-01 2.084313725490196112e-01 4.409803921568627438e-01 1.000000000000000000e+00
6.799999999999999378e-01 2.100000000000000200e-01 4.299999999999999933e-01 1.000000000000000000e+00
6.925490196078430971e-01 2.115686274509804010e-01 4.190196078431372428e-01 1.000000000000000000e+00
7.050980392156862564e-01 2.131372549019607820e-01 4.080392156862744923e-01 1.000000000000000000e+00
7.176470588235294157e-01 2.147058823529411908e-01 3.970588235294117974e-01 1.000000000000000000e+00
7.301960784313723529e-01 2.162745098039215441e-01 3.860784313725491579e-01 1.000000000000000000e+00
7.427450980392156232e-01 2.178431372549019529e-01 3.750980392156862964e-01 1.000000000000000000e+00
7.552941176470587825e-01 2.194117647058823617e-01 3.641176470588235459e-01 1.000000000000000000e+00
7.678431372549019418e-01 2.209803921568627427e-01 3.531372549019607954e-01 1.000000000000000000e+00
7.803921568627451011e-01 2.225490196078431515e-01 3.421568627450980449e-01 1.000000000000000000e+00
7.929411764705882604e-01 2.241176470588235325e-01 3.311764705882352944e-01 1.000000000000000000e+00
8.054901960784313086e-01 2.256862745098039136e-01 3.201960784313725439e-01 1.000000000000000000e+00
8.180392156862744679e-01 2.272549019607843224e-01 3.092156862745097934e-01 1.000000000000000000e+00
8.305882352941174052e-01 2.288235294117646756e-01 2.982352941176472649e-01 1.000000000000000000e+00
8.431372549019607865e-01 2.303921568627451122e-01 2.872549019607843479e-01 1.000000000000000000e+00
8.556862745098039458e-01 2.319607843137254932e-01 2.762745098039215974e-01 1.000000000000000000e+00
8.682352941176469940e-01 2.335294117647058743e-01 2.652941176470588469e-01 1.000000000000000000e+00
8.807843137254901533e-01 2.350980392156862830e-01 2.543137254901961519e-01 1.000000000000000000e+00
8.933333333333333126e-01 2.366666666666666641e-01 2.433333333333333459e-01 1.000000000000000000e+00
9.058823529411764719e-01 2.382352941176470451e-01 2.323529411764706509e-01 1.000000000000000000e+00
9.184313725490196312e-01 2.398039215686274539e-01 2.213725490196079004e-01 1.000000000000000000e+00
9.309803921568625684e-01 2.413725490196078072e-01 2.103921568627453165e-01 1.000000000000000000e+00
9.435294117647058387e-01 2.429411764705882437e-01 1.994117647058823994e-01 1.000000000000000000e+00
9.560784313725489980e-01 2.445098039215686248e-01 1.884313725490196489e-01 1.000000000000000000e+00
9.686274509803921573e-01 2.460784313725490335e-01 1.774509803921568984e-01 1.000000000000000000e+00
9.811764705882353166e-01 2.476470588235294146e-01 1.664705882352941479e-01 1.000000000000000000e+00
9.984313725490195912e-01 2.539215686274509665e-01 1.476470588235294090e-01 1.000000000000000000e+00
9.952941176470587736e-01 2.617647058823529549e-01 1.429411764705882382e-01 1.000000000000000000e+00
9.921568627450980671e-01 2.696078431372548878e-01 1.382352941176470673e-01 1.000000000000000000e+00
9.890196078431372495e-01 2.774509803921568762e-01 1.335294117647058687e-01 1.000000000000000000e+00
9.858823529411765429e-01 2.852941176470585871e-01 1.288235294117648366e-01 1.000000000000000000e+00
9.827450980392157254e-01 2.931372549019607976e-01 1.241176470588235270e-01 1.000000000000000000e+00
9.796078431372549078e-01 3.009803921568627305e-01 1.194117647058823561e-01 1.000000000000000000e+00
9.764705882352940902e-01 3.088235294117647189e-01 1.147058823529411714e-01 1.000000000000000000e+00
9.733333333333333837e-01 3.166666666666666519e-01 1.099999999999999867e-01 1.000000000000000000e+00
9.701960784313725661e-01 3.245098039215686403e-01 1.052941176470588158e-01 1.000000000000000000e+00
9.670588235294117485e-01 3.323529411764705732e-01 1.005882352941176450e-01 1.000000000000000000e+00
9.639215686274509309e-01 3.401960784313725616e-01 9.588235294117647411e-02 1.000000000000000000e+00
9.607843137254902244e-01 3.480392156862744946e-01 9.117647058823528938e-02 1.000000000000000000e+00
9.576470588235294068e-01 3.558823529411764830e-01 8.647058823529411853e-02 1.000000000000000000e+00
9.545098039215685892e-01 3.637254901960784159e-01 8.176470588235293380e-02 1.000000000000000000e+00
9.513725490196078827e-01 3.715686274509804043e-01 7.705882352941176294e-02 1.000000000000000000e+00
9.482352941176470651e-01 3.794117647058823373e-01 7.235294117647057821e-02 1.000000000000000000e+00
9.450980392156862475e-01 3.872549019607843257e-01 6.764705882352940736e-02 1.000000000000000000e+00
9.419607843137255410e-01 3.950980392156863141e-01 6.294117647058822262e-02 1.000000000000000000e+00
9.388235294117647234e-01 4.029411764705882470e-01 5.823529411764705177e-02 1.000000000000000000e+00
9.356862745098040168e-01 4.107843137254899579e-01 5.352941176470600582e-02 1.000000000000000000e+00
9.325490196078431993e-01 4.186274509803921684e-01 4.882352941176469618e-02 1.000000000000000000e+00
9.294117647058823817e-01 4.264705882352941568e-01 4.411764705882352533e-02 1.000000000000000000e+00
9.262745098039215641e-01 4.343137254901960898e-01 3.941176470588234060e-02 1.000000000000000000e+00
9.231372549019607465e-01 4.421568627450980227e-01 3.470588235294116974e-02 1.000000000000000000e+00
9.200000000000000400e-01 4.500000000000000111e-01 2.999999999999999889e-02 1.000000000000000000e+00
9.168627450980392224e-01 4.578431372549019995e-01 2.529411764705881416e-02 1.000000000000000000e+00
9.137254901960784048e-01 4.656862745098039325e-01 2.058823529411762943e-02 1.000000000000000000e+00
9.105882352941176983e-01 4.735294117647058654e-01 1.588235294117645857e-02 1.000000000000000000e+00
9.074509803921568807e-01 4.813725490196078538e-01 1.117647058823528772e-02 1.000000000000000000e+00
9.043137254901960631e-01 4.892156862745098422e-01 6.470588235294116863e-03 1.000000000000000000e+00
9.011764705882353566e-01 4.970588235294117752e-01 1.764705882352946009e-03 1.000000000000000000e+00
9.000000000000000222e-01 5.049019607843137081e-01 1.960784313725490169e-03 1.000000000000000000e+00
9.000000000000000222e-01 5.127450980392156410e-01 5.098039215686274786e-03 1.000000000000000000e+00
9.000000000000000222e-01 5.205882352941176849e-01 8.235294117647059403e-03 1.000000000000000000e+00
9.000000000000000222e-01 5.284313725490196179e-01 1.137254901960784402e-02 1.000000000000000000e+00
9.000000000000000222e-01 5.362745098039213287e-01 1.450980392156853843e-02 1.000000000000000000e+00
9.000000000000000222e-01 5.441176470588234837e-01 1.764705882352941499e-02 1.000000000000000000e+00
9.000000000000000222e-01 5.519607843137255276e-01 2.078431372549019787e-02 1.000000000000000000e+00
9.000000000000000222e-01 5.598039215686274606e-01 2.392156862745098422e-02 1.000000000000000000e+00
9.000000000000000222e-01 5.676470588235293935e-01 2.705882352941176364e-02 1.000000000000000000e+00
9.000000000000000222e-01 5.754901960784313264e-01 3.019607843137254999e-02 1.000000000000000000e+00
9.000000000000000222e-01 5.833333333333333703e-01 3.333333333333333287e-02 1.000000000000000000e+00
9.000000000000000222e-01 5.911764705882353033e-01 3.647058823529411575e-02 1.000000000000000000e+00
9.000000000000000222e-01 5.990196078431372362e-01 3.960784313725490557e-02 1.000000000000000000e+00
9.000000000000000222e-01 6.068627450980391691e-01 4.274509803921568846e-02 1.000000000000000000e+00
9.000000000000000222e-01 6.147058823529412130e-01 4.588235294117647134e-02 1.000000000000000000e+00
9.000000000000000222e-01 6.225490196078431460e-01 4.901960784313725422e-02 1.000000000000000000e+00
9.000000000000000222e-01 6.303921568627450789e-01 5.215686274509804404e-02 1.000000000000000000e+00
9.000000000000000222e-01 6.382352941176470118e-01 5.529411764705882693e-02 1.000000000000000000e+00
9.000000000000000222e-01 6.460784313725490557e-01 5.843137254901961675e-02 1.000000000000000000e+00
9.000000000000000222e-01 6.539215686274509887e-01 6.156862745098039963e-02 1.000000000000000000e+00
9.000000000000000222e-01 6.617647058823526995e-01 6.470588235294109924e-02 1.000000000000000000e+00
9.000000000000000222e-01 6.696078431372549655e-01 6.784313725490197233e-02 1.000000000000000000e+00
9.000000000000000222e-01 6.774509803921568984e-01 7.098039215686274828e-02 1.000000000000000000e+00
9.000000000000000222e-01 6.852941176470588314e-01 7.411764705882353810e-02 1.000000000000000000e+00
9.000000000000000222e-01 6.931372549019607643e-01 7.725490196078432792e-02 1.000000000000000000e+00
9.000000000000000222e-01 7.009803921568626972e-01 8.039215686274510386e-02 1.000000000000000000e+00
9.000000000000000222e-01 7.088235294117647411e-01 8.352941176470589368e-02 1.000000000000000000e+00
9.000000000000000222e-01 7.166666666666666741e-01 8.666666666666666963e-02 1.000000000000000000e+00
9.000000000000000222e-01 7.245098039215686070e-01 8.980392156862745945e-02 1.000000000000000000e+00
9.000000000000000222e-01 7.323529411764706509e-01 9.294117647058824927e-02 1.000000000000000000e+00
9.000000000000000222e-01 7.401960784313725839e-01 9.607843137254902521e-02 1.000000000000000000e+00
9.000000000000000222e-01 7.480392156862745168e-01 9.921568627450981503e-02 1.000000000000000000e+00
9.000000000000000222e-01 7.535294117647058920e-01 1.094117647058823611e-01 1.000000000000000000e+00
9.000000000000000222e-01 7.582352941176470074e-01 1.219607843137254927e-01 1.000000000000000000e+00
9.000000000000000222e-01 7.629411764705882337e-01 1.345098039215686381e-01 1.000000000000000000e+00
9.000000000000000222e-01 7.676470588235294601e-01 1.470588235294117696e-01 1.000000000000000000e+00
9.000000000000000222e-01 7.723529411764704644e-01 1.596078431372545681e-01 1.000000000000000000e+00
9.000000000000000222e-01 7.770588235294118018e-01 1.721568627450980604e-01 1.000000000000000000e+00
9.000000000000000222e-01 7.817647058823529171e-01 1.847058823529411919e-01 1.000000000000000000e+00
9.000000000000000222e-01 7.864705882352941435e-01 1.972549019607843235e-01 1.000000000000000000e+00
9.000000000000000222e-01 7.911764705882352589e-01 2.098039215686274828e-01 1.000000000000000000e+00
9.000000000000000222e-01 7.958823529411764852e-01 2.223529411764706143e-01 1.000000000000000000e+00
9.000000000000000222e-01 8.005882352941176006e-01 2.349019607843137458e-01 1.000000000000000000e+00
9.000000000000000222e-01 8.052941176470588269e-01 2.474509803921568774e-01 1.000000000000000000e+00
9.000000000000000222e-01 8.100000000000000533e-01 2.600000000000000089e-01 1.000000000000000000e+00
9.000000000000000222e-01 8.147058823529411686e-01 2.725490196078431682e-01 1.000000000000000000e+00
9.000000000000000222e-01 8.194117647058823950e-01 2.850980392156863275e-01 1.000000000000000000e+00
9.000000000000000222e-01 8.241176470588235103e-01 2.976470588235294312e-01 1.000000000000000000e+00
9.000000000000000222e-01 8.288235294117647367e-01 3.101960784313725350e-01 1.000000000000000000e+00
9.000000000000000222e-01 8.335294117647058521e-01 3.227450980392156943e-01 1.000000000000000000e+00
9.000000000000000222e-01 8.382352941176470784e-01 3.352941176470588536e-01 1.000000000000000000e+00
9.000000000000000222e-01 8.429411764705883048e-01 3.478431372549020129e-01 1.000000000000000000e+00
9.000000000000000222e-01 8.476470588235293091e-01 3.603921568627447281e-01 1.000000000000000000e+00
9.000000000000000222e-01 8.523529411764706465e-01 3.729411764705882204e-01 1.000000000000000000e+00
9.000000000000000222e-01 8.570588235294117618e-01 3.854901960784313797e-01 1.000000000000000000e+00
9.000000000000000222e-01 8.617647058823529882e-01 3.980392156862745390e-01 1.000000000000000000e+00
9.000000000000000222e-01 8.664705882352941035e-01 4.105882352941176983e-01 1.000000000000000000e+00
9.000000000000000222e-01 8.711764705882353299e-01 4.231372549019608575e-01 1.000000000000000000e+00
9.000000000000000222e-01 8.758823529411765563e-01 4.356862745098039058e-01 1.000000000000000000e+00
9.000000000000000222e-01 8.805882352941176716e-01 4.482352941176470651e-01 1.000000000000000000e+00
9.000000000000000222e-01 8.852941176470587870e-01 4.607843137254902244e-01 1.000000000000000000e+00
9.000000000000000222e-01 8.900000000000000133e-01 4.733333333333333837e-01 1.000000000000000000e+00
9.000000000000000222e-01 8.947058823529412397e-01 4.858823529411765429e-01 1.000000000000000000e+00
9.000000000000000222e-01 8.994117647058823550e-01 4.984313725490195912e-01 1.000000000000000000e+00
9.027450980392156543e-01 9.027450980392156543e-01 5.137254901960783826e-01 1.000000000000000000e+00
9.058823529411764719e-01 9.058823529411764719e-01 5.294117647058823595e-01 1.000000000000000000e+00
9.090196078431372895e-01 9.090196078431372895e-01 5.450980392156862253e-01 1.000000000000000000e+00
9.121568627450981070e-01 9.121568627450981070e-01 5.607843137254902022e-01 1.000000000000000000e+00
9.152941176470587026e-01 9.152941176470587026e-01 5.764705882352936239e-01 1.000000000000000000e+00
9.184313725490196312e-01 9.184313725490196312e-01 5.921568627450980449e-01 1.000000000000000000e+00
9.215686274509804488e-01 9.215686274509804488e-01 6.078431372549020217e-01 1.000000000000000000e+00
9.247058823529411553e-01 9.247058823529411553e-01 6.235294117647058876e-01 1.000000000000000000e+00
9.278431372549019729e-01 9.278431372549019729e-01 6.392156862745097534e-01 1.000000000000000000e+00
9.309803921568627905e-01 9.309803921568627905e-01 6.549019607843137303e-01 1.000000000000000000e+00
9.341176470588234970e-01 9.341176470588234970e-01 6.705882352941177071e-01 1.000000000000000000e+00
9.372549019607843146e-01 9.372549019607843146e-01 6.862745098039215730e-01 1.000000000000000000e+00
9.403921568627451322e-01 9.403921568627451322e-01 7.019607843137254388e-01 1.000000000000000000e+00
9.435294117647059498e-01 9.435294117647059498e-01 7.176470588235294157e-01 1.000000000000000000e+00
9.466666666666666563e-01 9.466666666666666563e-01 7.333333333333333925e-01 1.000000000000000000e+00
9.498039215686274739e-01 9.498039215686274739e-01 7.490196078431372584e-01 1.000000000000000000e+00
9.529411764705882915e-01 9.529411764705882915e-01 7.647058823529411242e-01 1.000000000000000000e+00
9.560784313725489980e-01 9.560784313725489980e-01 7.803921568627451011e-01 1.000000000000000000e+00
9.592156862745098156e-01 9.592156862745098156e-01 7.960784313725490779e-01 1.000000000000000000e+00
9.623529411764706332e-01 9.623529411764706332e-01 8.117647058823529438e-01 1.000000000000000000e+00
9.654901960784313397e-01 9.654901960784313397e-01 8.274509803921563655e-01 1.000000000000000000e+00
9.686274509803921573e-01 9.686274509803921573e-01 8.431372549019607865e-01 1.000000000000000000e+00
9.717647058823529749e-01 9.717647058823529749e-01 8.588235294117647634e-01 1.000000000000000000e+00
9.749019607843136814e-01 9.749019607843136814e-01 8.745098039215686292e-01 1.000000000000000000e+00
9.780392156862744990e-01 9.780392156862744990e-01 8.901960784313724950e-01 1.000000000000000000e+00
9.811764705882353166e-01 9.811764705882353166e-01 9.058823529411764719e-01 1.000000000000000000e+00
9.843137254901961342e-01 9.843137254901961342e-01 9.215686274509804488e-01 1.000000000000000000e+00
9.874509803921568407e-01 9.874509803921568407e-01 9.372549019607843146e-01 1.000000000000000000e+00
9.905882352941176583e-01 9.905882352941176583e-01 9.529411764705881804e-01 1.000000000000000000e+00
9.937254901960784759e-01 9.937254901960784759e-01 9.686274509803921573e-01 1.000000000000000000e+00
9.968627450980391824e-01 9.968627450980391824e-01 9.843137254901961342e-01 1.000000000000000000e+00
1.000000000000000000e+00 1.000000000000000000e+00 1.000000000000000000e+00 1.000000000000000000e+00
