0.000000000000000000e+00 0.000000000000000000e+00 0.000000000000000000e+00 1.000000000000000000e+00
4.844289517606618911e-03 3.063529411764705831e-03 1.950980392156862701e-03 1.000000000000000000e+00
9.688579035213237822e-03 6.127058823529411662e-03 3.901960784313725401e-03 1.000000000000000000e+00
1.453286855281985673e-02 9.190588235294117059e-03 5.852941176470588536e-03 1.000000000000000000e+00
1.937715807042647564e-02 1.225411764705882332e-02 7.803921568627450803e-03 1.000000000000000000e+00
2.422144758803309456e-02 1.531764705882352959e-02 9.754901960784313070e-03 1.000000000000000000e+00
2.906573710563971347e-02 1.838117647058823412e-02 1.170588235294117707e-02 1.000000000000000000e+00
3.391002662324633238e-02 2.144470588235294212e-02 1.365686274509803934e-02 1.000000000000000000e+00
3.875431614085295129e-02 2.450823529411764665e-02 1.560784313725490161e-02 1.000000000000000000e+00
4.359860565845957020e-02 2.757176470588235118e-02 1.755882352941176561e-02 1.000000000000000000e+00
4.844289517606618911e-02 3.063529411764705918e-02 1.950980392156862614e-02 1.000000000000000000e+00
5.328718469367280802e-02 3.369882352941176717e-02 2.146078431372549014e-02 1.000000000000000000e+00
5.813147421127942693e-02 3.676235294117646824e-02 2.341176470588235414e-02 1.000000000000000000e+00
6.297576372888603891e-02 3.982588235294117623e-02 2.536274509803921468e-02 1.000000000000000000e+00
6.782005324649266476e-02 4.288941176470588423e-02 2.731372549019607868e-02 1.000000000000000000e+00
7.266434276409927673e-02 4.595294117647058529e-02 2.926470588235293921e-02 1.000000000000000000e+00
7.750863228170590258e-02 4.901647058823529329e-02 3.121568627450980321e-02 1.000000000000000000e+00
8.235292179931251455e-02 5.208000000000000129e-02 3.316666666666666374e-02 1.000000000000000000e+00
8.719721131691914040e-02 5.514352941176470235e-02 3.511764705882353121e-02 1.000000000000000000e+00
9.204150083452575237e-02 5.820705882352941035e-02 3.706862745098039175e-02 1.000000000000000000e+00
9.688579035213237822e-02 6.127058823529411835e-02 3.901960784313725228e-02 1.000000000000000000e+00
1.017300798697389902e-01 6.433411764705881941e-02 4.097058823529411975e-02 1.000000000000000000e+00
1.065743693873456160e-01 6.739764705882353435e-02 4.292156862745098028e-02 1.000000000000000000e+00
1.114186589049522280e-01 7.046117647058823541e-02 4.487254901960784081e-02 1.000000000000000000e+00
1.162629484225588539e-01 7.352470588235293647e-02 4.682352941176470829e-02 1.000000000000000000e+00
1.211072379401654658e-01 7.658823529411765141e-02 4.877450980392156882e-02 1.000000000000000000e+00
1.259515274577720778e-01 7.965176470588235247e-02 5.072549019607842935e-02 1.000000000000000000e+00
1.307958169753787037e-01 8.271529411764705353e-02 5.267647058823528988e-02 1.000000000000000000e+00
1.356401064929853295e-01 8.577882352941176847e-02 5.462745098039215735e-02 1.000000000000000000e+00
1.404843960105919554e-01 8.884235294117646953e-02 5.657843137254901789e-02 1.000000000000000000e+00
1.453286855281985535e-01 9.190588235294117059e-02 5.852941176470587842e-02 1.000000000000000000e+00
1.501729750458051793e-01 9.496941176470588553e-02 6.048039215686274589e-02 1.000000000000000000e+00
1.550172645634118052e-01 9.803294117647058659e-02 6.243137254901960642e-02 1.000000000000000000e+00
1.598615540810183755e-01 1.010964705882352876e-01 6.438235294117646001e-02 1.000000000000000000e+00
1.647058435986250291e-01 1.041600000000000026e-01 6.633333333333332749e-02 1.000000000000000000e+00
1.695501331162316550e-01 1.072235294117647175e-01 6.828431372549019496e-02 1.000000000000000000e+00
1.743944226338382808e-01 1.102870588235294047e-01 7.023529411764706243e-02 1.000000000000000000e+00
1.792387121514448511e-01 1.133505882352941058e-01 7.218627450980391602e-02 1.000000000000000000e+00
1.840830016690515047e-01 1.164141176470588207e-01 7.413725490196078349e-02 1.000000000000000000e+00
1.889272911866581306e-01 1.194776470588235356e-01 7.608823529411765096e-02 1.000000000000000000e+00
1.937715807042647564e-01 1.225411764705882367e-01 7.803921568627450456e-02 1.000000000000000000e+00
1.986158702218713268e-01 1.256047058823529239e-01 7.999019607843135815e-02 1.000000000000000000e+00
2.034601597394779804e-01 1.286682352941176388e-01 8.194117647058823950e-02 1.000000000000000000e+00
2.083044492570846062e-01 1.317317647058823538e-01 8.389215686274510697e-02 1.000000000000000000e+00
2.131487387746912321e-01 1.347952941176470687e-01 8.584313725490196056e-02 1.000000000000000000e+00
2.179930282922978024e-01 1.378588235294117559e-01 8.779411764705881416e-02 1.000000000000000000e+00
2.228373178099044560e-01 1.409223529411764708e-01 8.974509803921568163e-02 1.000000000000000000e+00
2.276816073275110819e-01 1.439858823529411858e-01 9.169607843137254910e-02 1.000000000000000000e+00
2.325258968451177077e-01 1.470494117647058729e-01 9.364705882352941657e-02 1.000000000000000000e+00
2.373701863627242781e-01 1.501129411764705879e-01 9.559803921568627016e-02 1.000000000000000000e+00
2.422144758803309317e-01 1.531764705882353028e-01 9.754901960784313764e-02 1.000000000000000000e+00
2.470587653979375575e-01 1.562400000000000178e-01 9.950000000000000511e-02 1.000000000000000000e+00
2.519030549155441556e-01 1.593035294117647049e-01 1.014509803921568587e-01 1.000000000000000000e+00
2.567473444331507815e-01 1.623670588235293921e-01 1.034019607843137123e-01 1.000000000000000000e+00
2.615916339507574073e-01 1.654305882352941071e-01 1.053529411764705798e-01 1.000000000000000000e+00
2.664359234683640332e-01 1.684941176470588220e-01 1.073039215686274611e-01 1.000000000000000000e+00
2.712802129859706590e-01 1.715576470588235369e-01 1.092549019607843147e-01 1.000000000000000000e+00
2.761245025035772294e-01 1.746211764705882241e-01 1.112058823529411683e-01 1.000000000000000000e+00
2.809687920211839107e-01 1.776847058823529391e-01 1.131568627450980358e-01 1.000000000000000000e+00
2.858130815387905366e-01 1.807482352941176540e-01 1.151078431372549032e-01 1.000000000000000000e+00
2.906573710563971069e-01 1.838117647058823412e-01 1.170588235294117568e-01 1.000000000000000000e+00
2.955016605740037328e-01 1.868752941176470561e-01 1.190098039215686243e-01 1.000000000000000000e+00
3.003459500916103586e-01 1.899388235294117711e-01 1.209607843137254918e-01 1.000000000000000000e+00
3.051902396092169845e-01 1.930023529411764860e-01 1.229117647058823592e-01 1.000000000000000000e+00
3.100345291268236103e-01 1.960658823529411732e-01 1.248627450980392128e-01 1.000000000000000000e+00
3.148788186444302362e-01 1.991294117647058604e-01 1.268137254901960664e-01 1.000000000000000000e+00
3.197231081620367510e-01 2.021929411764705753e-01 1.287647058823529200e-01 1.000000000000000000e+00
3.245673976796434879e-01 2.052564705882352902e-01 1.307156862745098014e-01 1.000000000000000000e+00
3.294116871972500582e-01 2.083200000000000052e-01 1.326666666666666550e-01 1.000000000000000000e+00
3.342559767148566841e-01 2.113835294117646924e-01 1.346176470588235086e-01 1.000000000000000000e+00
3.391002662324633099e-01 2.144470588235294350e-01 1.365686274509803899e-01 1.000000000000000000e+00
3.439445557500699358e-01 2.175105882352941222e-01 1.385196078431372713e-01 1.000000000000000000e+00
3.487888452676765616e-01 2.205741176470588094e-01 1.404705882352941249e-01 1.000000000000000000e+00
3.536331347852831875e-01 2.236376470588235243e-01 1.424215686274509785e-01 1.000000000000000000e+00
3.584774243028897023e-01 2.267011764705882115e-01 1.443725490196078320e-01 1.000000000000000000e+00
3.633217138204963836e-01 2.297647058823529542e-01 1.463235294117647134e-01 1.000000000000000000e+00
3.681660033381030095e-01 2.328282352941176414e-01 1.482745098039215670e-01 1.000000000000000000e+00
3.730102928557096353e-01 2.358917647058823286e-01 1.502254901960784206e-01 1.000000000000000000e+00
3.778545823733162612e-01 2.389552941176470713e-01 1.521764705882353019e-01 1.000000000000000000e+00
3.826988718909228870e-01 2.420188235294117862e-01 1.541274509803921555e-01 1.000000000000000000e+00
3.875431614085295129e-01 2.450823529411764734e-01 1.560784313725490091e-01 1.000000000000000000e+00
3.923874509261361387e-01 2.481458823529411606e-01 1.580294117647058627e-01 1.000000000000000000e+00
3.972317404437426536e-01 2.512094117647058478e-01 1.599803921568627163e-01 1.000000000000000000e+00
4.020760299613493349e-01 2.542729411764705905e-01 1.619313725490196254e-01 1.000000000000000000e+00
4.069203194789559608e-01 2.573364705882352776e-01 1.638823529411764790e-01 1.000000000000000000e+00
4.117646089965625866e-01 2.603999999999999648e-01 1.658333333333333326e-01 1.000000000000000000e+00
4.166088985141692125e-01 2.634635294117647075e-01 1.677843137254902139e-01 1.000000000000000000e+00
4.214531880317758383e-01 2.665270588235293947e-01 1.697352941176470675e-01 1.000000000000000000e+00
4.262974775493824642e-01 2.695905882352941374e-01 1.716862745098039211e-01 1.000000000000000000e+00
4.311417670669890900e-01 2.726541176470588246e-01 1.736372549019607747e-01 1.000000000000000000e+00
4.359860565845956049e-01 2.757176470588235118e-01 1.755882352941176283e-01 1.000000000000000000e+00
4.408303461022022862e-01 2.787811764705882545e-01 1.775392156862745097e-01 1.000000000000000000e+00
4.456746356198089121e-01 2.818447058823529416e-01 1.794901960784313633e-01 1.000000000000000000e+00
4.505189251374155379e-01 2.849082352941176288e-01 1.814411764705882169e-01 1.000000000000000000e+00
4.553632146550221638e-01 2.879717647058823715e-01 1.833921568627450982e-01 1.000000000000000000e+00
4.602075041726287896e-01 2.910352941176470587e-01 1.853431372549019518e-01 1.000000000000000000e+00
4.650517936902354155e-01 2.940988235294117459e-01 1.872941176470588331e-01 1.000000000000000000e+00
4.698960832078420413e-01 2.971623529411764331e-01 1.892450980392156867e-01 1.000000000000000000e+00
4.747403727254485561e-01 3.002258823529411758e-01 1.911960784313725403e-01 1.000000000000000000e+00
4.795846622430552375e-01 3.032894117647059185e-01 1.931470588235294217e-01 1.000000000000000000e+00
4.844289517606618634e-01 3.063529411764706056e-01 1.950980392156862753e-01 1.000000000000000000e+00
4.892732412782684892e-01 3.094164705882352928e-01 1.970490196078431289e-01 1.000000000000000000e+00
4.941175307958751151e-01 3.124800000000000355e-01 1.990000000000000102e-01 1.000000000000000000e+00
4.989618203134817409e-01 3.155435294117647227e-01 2.009509803921568638e-01 1.000000000000000000e+00
5.038061098310883112e-01 3.186070588235294099e-01 2.029019607843137174e-01 1.000000000000000000e+00
5.086503993486949371e-01 3.216705882352940971e-01 2.048529411764705710e-01 1.000000000000000000e+00
5.134946888663015629e-01 3.247341176470587842e-01 2.068039215686274246e-01 1.000000000000000000e+00
5.183389783839081888e-01 3.277976470588235269e-01 2.087549019607843059e-01 1.000000000000000000e+00
5.231832679015148146e-01 3.308611764705882141e-01 2.107058823529411595e-01 1.000000000000000000e+00
5.280275574191214405e-01 3.339247058823529013e-01 2.126568627450980409e-01 1.000000000000000000e+00
5.328718469367280663e-01 3.369882352941176440e-01 2.146078431372549222e-01 1.000000000000000000e+00
5.377161364543346922e-01 3.400517647058823867e-01 2.165588235294117758e-01 1.000000000000000000e+00
5.425604259719413180e-01 3.431152941176470739e-01 2.185098039215686294e-01 1.000000000000000000e+00
5.474047154895479439e-01 3.461788235294117611e-01 2.204607843137254830e-01 1.000000000000000000e+00
5.522490050071544587e-01 3.492423529411764482e-01 2.224117647058823366e-01 1.000000000000000000e+00
5.570932945247611956e-01 3.523058823529411909e-01 2.243627450980392180e-01 1.000000000000000000e+00
5.619375840423678214e-01 3.553694117647058781e-01 2.263137254901960715e-01 1.000000000000000000e+00
5.667818735599744473e-01 3.584329411764705653e-01 2.282647058823529251e-01 1.000000000000000000e+00
5.716261630775810731e-01 3.614964705882353080e-01 2.302156862745098065e-01 1.000000000000000000e+00
5.764704525951875880e-01 3.645599999999999952e-01 2.321666666666666601e-01 1.000000000000000000e+00
5.813147421127942138e-01 3.676235294117646824e-01 2.341176470588235137e-01 1.000000000000000000e+00
5.861590316304008397e-01 3.706870588235294250e-01 2.360686274509803673e-01 1.000000000000000000e+00
5.910033211480074655e-01 3.737505882352941122e-01 2.380196078431372486e-01 1.000000000000000000e+00
5.958476106656140914e-01 3.768141176470588549e-01 2.399705882352941300e-01 1.000000000000000000e+00
6.006919001832207172e-01 3.798776470588235421e-01 2.419215686274509836e-01 1.000000000000000000e+00
6.055361897008273431e-01 3.829411764705882293e-01 2.438725490196078372e-01 1.000000000000000000e+00
6.103804792184339689e-01 3.860047058823529720e-01 2.458235294117647185e-01 1.000000000000000000e+00
6.200690582536472206e-01 3.921317647058823463e-01 2.497254901960784257e-01 1.000000000000000000e+00
6.249133477712538465e-01 3.951952941176470335e-01 2.516764705882352793e-01 1.000000000000000000e+00
6.297576372888604723e-01 3.982588235294117207e-01 2.536274509803921329e-01 1.000000000000000000e+00
6.346019268064670982e-01 4.013223529411764079e-01 2.555784313725489865e-01 1.000000000000000000e+00
6.394462163240735020e-01 4.043858823529411506e-01 2.575294117647058401e-01 1.000000000000000000e+00
6.442905058416803499e-01 4.074494117647058933e-01 2.594803921568627492e-01 1.000000000000000000e+00
6.491347953592869757e-01 4.105129411764705805e-01 2.614313725490196028e-01 1.000000000000000000e+00
6.539790848768934906e-01 4.135764705882353232e-01 2.633823529411764564e-01 1.000000000000000000e+00
6.588233743945001164e-01 4.166400000000000103e-01 2.653333333333333099e-01 1.000000000000000000e+00
6.636676639121067423e-01 4.197035294117646975e-01 2.672843137254901635e-01 1.000000000000000000e+00
6.685119534297133681e-01 4.227670588235293847e-01 2.692352941176470171e-01 1.000000000000000000e+00
6.733562429473199940e-01 4.258305882352940719e-01 2.711862745098038707e-01 1.000000000000000000e+00
6.782005324649266198e-01 4.288941176470588701e-01 2.731372549019607798e-01 1.000000000000000000e+00
6.830448219825332457e-01 4.319576470588235573e-01 2.750882352941176889e-01 1.000000000000000000e+00
6.878891115001398715e-01 4.350211764705882445e-01 2.770392156862745425e-01 1.000000000000000000e+00
6.927334010177464974e-01 4.380847058823529316e-01 2.789901960784313961e-01 1.000000000000000000e+00
6.975776905353531232e-01 4.411482352941176188e-01 2.809411764705882497e-01 1.000000000000000000e+00
7.024219800529597491e-01 4.442117647058823615e-01 2.828921568627451033e-01 1.000000000000000000e+00
7.072662695705663749e-01 4.472752941176470487e-01 2.848431372549019569e-01 1.000000000000000000e+00
7.121105590881730008e-01 4.503388235294117359e-01 2.867941176470588105e-01 1.000000000000000000e+00
7.169548486057794046e-01 4.534023529411764231e-01 2.887450980392156641e-01 1.000000000000000000e+00
7.217991381233862525e-01 4.564658823529412213e-01 2.906960784313725732e-01 1.000000000000000000e+00
7.266434276409927673e-01 4.595294117647059084e-01 2.926470588235294268e-01 1.000000000000000000e+00
7.314877171585993931e-01 4.625929411764705956e-01 2.945980392156862804e-01 1.000000000000000000e+00
7.363320066762060190e-01 4.656564705882352828e-01 2.965490196078431340e-01 1.000000000000000000e+00
7.411762961938126448e-01 4.687199999999999700e-01 2.984999999999999876e-01 1.000000000000000000e+00
7.460205857114192707e-01 4.717835294117646572e-01 3.004509803921568412e-01 1.000000000000000000e+00
7.508648752290258965e-01 4.748470588235293999e-01 3.024019607843136948e-01 1.000000000000000000e+00
7.557091647466325224e-01 4.779105882352941426e-01 3.043529411764706039e-01 1.000000000000000000e+00
7.605534542642391482e-01 4.809741176470588297e-01 3.063039215686274575e-01 1.000000000000000000e+00
7.653977437818457741e-01 4.840376470588235724e-01 3.082549019607843110e-01 1.000000000000000000e+00
7.702420332994523999e-01 4.871011764705882596e-01 3.102058823529411646e-01 1.000000000000000000e+00
7.750863228170590258e-01 4.901647058823529468e-01 3.121568627450980182e-01 1.000000000000000000e+00
7.799306123346656516e-01 4.932282352941176340e-01 3.141078431372548718e-01 1.000000000000000000e+00
7.847749018522722775e-01 4.962917647058823212e-01 3.160588235294117254e-01 1.000000000000000000e+00
7.896191913698789033e-01 4.993552941176470084e-01 3.180098039215685790e-01 1.000000000000000000e+00
7.944634808874853071e-01 5.024188235294116955e-01 3.199607843137254326e-01 1.000000000000000000e+00
7.993077704050921550e-01 5.054823529411764937e-01 3.219117647058823417e-01 1.000000000000000000e+00
8.041520599226986699e-01 5.085458823529411809e-01 3.238627450980392508e-01 1.000000000000000000e+00
8.089963494403052957e-01 5.116094117647058681e-01 3.258137254901961044e-01 1.000000000000000000e+00
8.138406389579119216e-01 5.146729411764705553e-01 3.277647058823529580e-01 1.000000000000000000e+00
8.186849284755185474e-01 5.177364705882352425e-01 3.297156862745098116e-01 1.000000000000000000e+00
8.235292179931251733e-01 5.207999999999999297e-01 3.316666666666666652e-01 1.000000000000000000e+00
8.283735075107317991e-01 5.238635294117646168e-01 3.336176470588235188e-01 1.000000000000000000e+00
8.332177970283384250e-01 5.269270588235294150e-01 3.355686274509804279e-01 1.000000000000000000e+00
8.380620865459450508e-01 5.299905882352941022e-01 3.375196078431372815e-01 1.000000000000000000e+00
8.429063760635516767e-01 5.330541176470587894e-01 3.394705882352941351e-01 1.000000000000000000e+00
8.477506655811583025e-01 5.361176470588235876e-01 3.414215686274509887e-01 1.000000000000000000e+00
8.525949550987649284e-01 5.391811764705882748e-01 3.433725490196078423e-01 1.000000000000000000e+00
8.574392446163715542e-01 5.422447058823529620e-01 3.453235294117646959e-01 1.000000000000000000e+00
8.622835341339781801e-01 5.453082352941176492e-01 3.472745098039215494e-01 1.000000000000000000e+00
8.671278236515848059e-01 5.483717647058823363e-01 3.492254901960784030e-01 1.000000000000000000e+00
8.719721131691912097e-01 5.514352941176470235e-01 3.511764705882352566e-01 1.000000000000000000e+00
8.768164026867980576e-01 5.544988235294118217e-01 3.531274509803921657e-01 1.000000000000000000e+00
8.816606922044045724e-01 5.575623529411765089e-01 3.550784313725490193e-01 1.000000000000000000e+00
8.865049817220111983e-01 5.606258823529411961e-01 3.570294117647058729e-01 1.000000000000000000e+00
8.913492712396178241e-01 5.636894117647058833e-01 3.589803921568627265e-01 1.000000000000000000e+00
8.961935607572244500e-01 5.667529411764705705e-01 3.609313725490195801e-01 1.000000000000000000e+00
9.010378502748310758e-01 5.698164705882352576e-01 3.628823529411764337e-01 1.000000000000000000e+00
9.058821397924377017e-01 5.728799999999999448e-01 3.648333333333332873e-01 1.000000000000000000e+00
9.107264293100443275e-01 5.759435294117647430e-01 3.667843137254901964e-01 1.000000000000000000e+00
9.155707188276509534e-01 5.790070588235294302e-01 3.687352941176470500e-01 1.000000000000000000e+00
9.204150083452575792e-01 5.820705882352941174e-01 3.706862745098039036e-01 1.000000000000000000e+00
9.252592978628642051e-01 5.851341176470588046e-01 3.726372549019607572e-01 1.000000000000000000e+00
9.301035873804708309e-01 5.881976470588234918e-01 3.745882352941176663e-01 1.000000000000000000e+00
9.349478768980774568e-01 5.912611764705881789e-01 3.765392156862745199e-01 1.000000000000000000e+00
9.397921664156840826e-01 5.943247058823528661e-01 3.784901960784313735e-01 1.000000000000000000e+00
9.446364559332907085e-01 5.973882352941176643e-01 3.804411764705882271e-01 1.000000000000000000e+00
9.494807454508971123e-01 6.004517647058823515e-01 3.823921568627450807e-01 1.000000000000000000e+00
9.543250349685039602e-01 6.035152941176470387e-01 3.843431372549019898e-01 1.000000000000000000e+00
9.591693244861104750e-01 6.065788235294118369e-01 3.862941176470588434e-01 1.000000000000000000e+00
9.640136140037171009e-01 6.096423529411765241e-01 3.882450980392156970e-01 1.000000000000000000e+00
9.688579035213237267e-01 6.127058823529412113e-01 3.901960784313725505e-01 1.000000000000000000e+00
9.737021930389303526e-01 6.157694117647058984e-01 3.921470588235294041e-01 1.000000000000000000e+00
9.785464825565369784e-01 6.188329411764705856e-01 3.940980392156862577e-01 1.000000000000000000e+00
9.833907720741436043e-01 6.218964705882352728e-01 3.960490196078431113e-01 1.000000000000000000e+00
9.882350615917502301e-01 6.249600000000000710e-01 3.980000000000000204e-01 1.000000000000000000e+00
9.930793511093568560e-01 6.280235294117647582e-01 3.999509803921568740e-01 1.000000000000000000e+00
9.979236406269634818e-01 6.310870588235294454e-01 4.019019607843137276e-01 1.000000000000000000e+00
1.000000000000000000e+00 6.341505882352941326e-01 4.038529411764705812e-01 1.000000000000000000e+00
1.000000000000000000e+00 6.372141176470588197e-01 4.058039215686274348e-01 1.000000000000000000e+00
1.000000000000000000e+00 6.402776470588235069e-01 4.077549019607842884e-01 1.000000000000000000e+00
1.000000000000000000e+00 6.433411764705881941e-01 4.097058823529411420e-01 1.000000000000000000e+00
1.000000000000000000e+00 6.464047058823528813e-01 4.116568627450979956e-01 1.000000000000000000e+00
1.000000000000000000e+00 6.494682352941175685e-01 4.136078431372548492e-01 1.000000000000000000e+00
1.000000000000000000e+00 6.525317647058823667e-01 4.155588235294117583e-01 1.000000000000000000e+00
1.000000000000000000e+00 6.555952941176470539e-01 4.175098039215686119e-01 1.000000000000000000e+00
1.000000000000000000e+00 6.586588235294117410e-01 4.194607843137254655e-01 1.000000000000000000e+00
1.000000000000000000e+00 6.617223529411764282e-01 4.214117647058823191e-01 1.000000000000000000e+00
1.000000000000000000e+00 6.647858823529411154e-01 4.233627450980392282e-01 1.000000000000000000e+00
1.000000000000000000e+00 6.678494117647058026e-01 4.253137254901960818e-01 1.000000000000000000e+00
1.000000000000000000e+00 6.709129411764706008e-01 4.272647058823529354e-01 1.000000000000000000e+00
1.000000000000000000e+00 6.739764705882352880e-01 4.292156862745098445e-01 1.000000000000000000e+00
1.000000000000000000e+00 6.770399999999999752e-01 4.311666666666666980e-01 1.000000000000000000e+00
1.000000000000000000e+00 6.801035294117647734e-01 4.331176470588235516e-01 1.000000000000000000e+00
1.000000000000000000e+00 6.831670588235294606e-01 4.350686274509804052e-01 1.000000000000000000e+00
1.000000000000000000e+00 6.862305882352941477e-01 4.370196078431372588e-01 1.000000000000000000e+00
1.000000000000000000e+00 6.892941176470588349e-01 4.389705882352941124e-01 1.000000000000000000e+00
1.000000000000000000e+00 6.923576470588235221e-01 4.409215686274509660e-01 1.000000000000000000e+00
1.000000000000000000e+00 6.954211764705882093e-01 4.428725490196078196e-01 1.000000000000000000e+00
1.000000000000000000e+00 6.984847058823528965e-01 4.448235294117646732e-01 1.000000000000000000e+00
1.000000000000000000e+00 7.015482352941176947e-01 4.467745098039215823e-01 1.000000000000000000e+00
1.000000000000000000e+00 7.046117647058823819e-01 4.487254901960784359e-01 1.000000000000000000e+00
1.000000000000000000e+00 7.076752941176470690e-01 4.506764705882352895e-01 1.000000000000000000e+00
1.000000000000000000e+00 7.107388235294117562e-01 4.526274509803921431e-01 1.000000000000000000e+00
1.000000000000000000e+00 7.138023529411764434e-01 4.545784313725489967e-01 1.000000000000000000e+00
1.000000000000000000e+00 7.168658823529411306e-01 4.565294117647058503e-01 1.000000000000000000e+00
1.000000000000000000e+00 7.199294117647058178e-01 4.584803921568627039e-01 1.000000000000000000e+00
1.000000000000000000e+00 7.229929411764706160e-01 4.604313725490196130e-01 1.000000000000000000e+00
1.000000000000000000e+00 7.260564705882353032e-01 4.623823529411764666e-01 1.000000000000000000e+00
1.000000000000000000e+00 7.291199999999999903e-01 4.643333333333333202e-01 1.000000000000000000e+00
1.000000000000000000e+00 7.321835294117646775e-01 4.662843137254901738e-01 1.000000000000000000e+00
1.000000000000000000e+00 7.352470588235293647e-01 4.682352941176470273e-01 1.000000000000000000e+00
1.000000000000000000e+00 7.383105882352940519e-01 4.701862745098038809e-01 1.000000000000000000e+00
1.000000000000000000e+00 7.413741176470588501e-01 4.721372549019607345e-01 1.000000000000000000e+00
1.000000000000000000e+00 7.444376470588235373e-01 4.740882352941176436e-01 1.000000000000000000e+00
1.000000000000000000e+00 7.475011764705882245e-01 4.760392156862744972e-01 1.000000000000000000e+00
1.000000000000000000e+00 7.505647058823530227e-01 4.779901960784314063e-01 1.000000000000000000e+00
1.000000000000000000e+00 7.536282352941177098e-01 4.799411764705882599e-01 1.000000000000000000e+00
1.000000000000000000e+00 7.566917647058823970e-01 4.818921568627451135e-01 1.000000000000000000e+00
1.000000000000000000e+00 7.597552941176470842e-01 4.838431372549019671e-01 1.000000000000000000e+00
1.000000000000000000e+00 7.628188235294117714e-01 4.857941176470588207e-01 1.000000000000000000e+00
1.000000000000000000e+00 7.658823529411764586e-01 4.877450980392156743e-01 1.000000000000000000e+00
1.000000000000000000e+00 7.689458823529411458e-01 4.896960784313725279e-01 1.000000000000000000e+00
1.000000000000000000e+00 7.720094117647059440e-01 4.916470588235294370e-01 1.000000000000000000e+00
1.000000000000000000e+00 7.750729411764706311e-01 4.935980392156862906e-01 1.000000000000000000e+00
1.000000000000000000e+00 7.781364705882353183e-01 4.955490196078431442e-01 1.000000000000000000e+00
1.000000000000000000e+00 7.812000000000000055e-01 4.974999999999999978e-01 1.000000000000000000e+00
