1.000000000000000000e+00 7.812000000000000055e-01 4.974999999999999978e-01 1.000000000000000000e+00
1.000000000000000000e+00 7.781364705882353183e-01 4.955490196078431442e-01 1.000000000000000000e+00
1.000000000000000000e+00 7.750729411764706311e-01 4.935980392156862906e-01 1.000000000000000000e+00
1.000000000000000000e+00 7.720094117647058329e-01 4.916470588235294370e-01 1.000000000000000000e+00
1.000000000000000000e+00 7.689458823529411458e-01 4.896960784313725279e-01 1.000000000000000000e+00
1.000000000000000000e+00 7.658823529411764586e-01 4.877450980392156743e-01 1.000000000000000000e+00
1.000000000000000000e+00 7.628188235294117714e-01 4.857941176470588207e-01 1.000000000000000000e+00
1.000000000000000000e+00 7.597552941176470842e-01 4.838431372549019671e-01 1.000000000000000000e+00
1.000000000000000000e+00 7.566917647058823970e-01 4.818921568627451135e-01 1.000000000000000000e+00
1.000000000000000000e+00 7.536282352941177098e-01 4.799411764705882044e-01 1.000000000000000000e+00
1.000000000000000000e+00 7.505647058823529116e-01 4.779901960784313508e-01 1.000000000000000000e+00
1.000000000000000000e+00 7.475011764705882245e-01 4.760392156862744972e-01 1.000000000000000000e+00
1.000000000000000000e+00 7.444376470588235373e-01 4.740882352941176436e-01 1.000000000000000000e+00
1.000000000000000000e+00 7.413741176470588501e-01 4.721372549019607900e-01 1.000000000000000000e+00
1.000000000000000000e+00 7.383105882352941629e-01 4.701862745098039364e-01 1.000000000000000000e+00
1.000000000000000000e+00 7.352470588235293647e-01 4.682352941176470829e-01 1.000000000000000000e+00
1.000000000000000000e+00 7.321835294117646775e-01 4.662843137254901738e-01 1.000000000000000000e+00
1.000000000000000000e+00 7.291199999999999903e-01 4.643333333333333202e-01 1.000000000000000000e+00
1.000000000000000000e+00 7.260564705882353032e-01 4.623823529411764666e-01 1.000000000000000000e+00
1.000000000000000000e+00 7.229929411764706160e-01 4.604313725490196130e-01 1.000000000000000000e+00
1.000000000000000000e+00 7.199294117647059288e-01 4.584803921568627594e-01 1.000000000000000000e+00
1.000000000000000000e+00 7.168658823529412416e-01 4.565294117647058503e-01 1.000000000000000000e+00
1.000000000000000000e+00 7.138023529411764434e-01 4.545784313725489967e-01 1.000000000000000000e+00
1.000000000000000000e+00 7.107388235294117562e-01 4.526274509803921431e-01 1.000000000000000000e+00
1.000000000000000000e+00 7.076752941176470690e-01 4.506764705882352895e-01 1.000000000000000000e+00
1.000000000000000000e+00 7.046117647058823819e-01 4.487254901960784359e-01 1.000000000000000000e+00
1.000000000000000000e+00 7.015482352941176947e-01 4.467745098039215823e-01 1.000000000000000000e+00
1.000000000000000000e+00 6.984847058823528965e-01 4.448235294117647287e-01 1.000000000000000000e+00
1.000000000000000000e+00 6.954211764705882093e-01 4.428725490196078196e-01 1.000000000000000000e+00
1.000000000000000000e+00 6.923576470588235221e-01 4.409215686274509660e-01 1.000000000000000000e+00
1.000000000000000000e+00 6.892941176470588349e-01 4.389705882352941124e-01 1.000000000000000000e+00
1.000000000000000000e+00 6.862305882352941477e-01 4.370196078431372588e-01 1.000000000000000000e+00
1.000000000000000000e+00 6.831670588235294606e-01 4.350686274509804052e-01 1.000000000000000000e+00
1.000000000000000000e+00 6.801035294117647734e-01 4.331176470588235516e-01 1.000000000000000000e+00
1.000000000000000000e+00 6.770399999999999752e-01 4.311666666666666980e-01 1.000000000000000000e+00
1.000000000000000000e+00 6.739764705882352880e-01 4.292156862745097889e-01 1.000000000000000000e+00
1.000000000000000000e+00 6.709129411764706008e-01 4.272647058823529354e-01 1.000000000000000000e+00
1.000000000000000000e+00 6.678494117647059136e-01 4.253137254901960818e-01 1.000000000000000000e+00
1.000000000000000000e+00 6.647858823529412264e-01 4.233627450980392282e-01 1.000000000000000000e+00
1.000000000000000000e+00 6.617223529411764282e-01 4.214117647058823746e-01 1.000000000000000000e+00
1.000000000000000000e+00 6.586588235294117410e-01 4.194607843137254655e-01 1.000000000000000000e+00
1.000000000000000000e+00 6.555952941176470539e-01 4.175098039215686674e-01 1.000000000000000000e+00
1.000000000000000000e+00 6.525317647058823667e-01 4.155588235294117583e-01 1.000000000000000000e+00
1.000000000000000000e+00 6.494682352941176795e-01 4.136078431372549047e-01 1.000000000000000000e+00
1.000000000000000000e+00 6.464047058823529923e-01 4.116568627450980511e-01 1.000000000000000000e+00
1.000000000000000000e+00 6.433411764705883051e-01 4.097058823529411975e-01 1.000000000000000000e+00
1.000000000000000000e+00 6.402776470588235069e-01 4.077549019607843439e-01 1.000000000000000000e+00
1.000000000000000000e+00 6.372141176470588197e-01 4.058039215686274348e-01 1.000000000000000000e+00
1.000000000000000000e+00 6.341505882352941326e-01 4.038529411764705812e-01 1.000000000000000000e+00
9.979236406269634818e-01 6.310870588235294454e-01 4.019019607843137276e-01 1.000000000000000000e+00
9.930793511093568560e-01 6.280235294117646472e-01 3.999509803921568740e-01 1.000000000000000000e+00
9.882350615917502301e-01 6.249599999999999600e-01 3.980000000000000204e-01 1.000000000000000000e+00
9.833907720741436043e-01 6.218964705882352728e-01 3.960490196078431113e-01 1.000000000000000000e+00
9.785464825565369784e-01 6.188329411764705856e-01 3.940980392156863132e-01 1.000000000000000000e+00
9.737021930389303526e-01 6.157694117647058984e-01 3.921470588235294041e-01 1.000000000000000000e+00
9.688579035213237267e-01 6.127058823529412113e-01 3.901960784313725505e-01 1.000000000000000000e+00
9.640136140037171009e-01 6.096423529411765241e-01 3.882450980392156970e-01 1.000000000000000000e+00
9.591693244861104750e-01 6.065788235294118369e-01 3.862941176470588434e-01 1.000000000000000000e+00
9.543250349685038492e-01 6.035152941176470387e-01 3.843431372549019898e-01 1.000000000000000000e+00
9.494807454508972233e-01 6.004517647058823515e-01 3.823921568627450807e-01 1.000000000000000000e+00
9.446364559332905975e-01 5.973882352941176643e-01 3.804411764705882271e-01 1.000000000000000000e+00
9.397921664156840826e-01 5.943247058823529771e-01 3.784901960784313735e-01 1.000000000000000000e+00
9.349478768980774568e-01 5.912611764705881789e-01 3.765392156862745199e-01 1.000000000000000000e+00
9.301035873804708309e-01 5.881976470588234918e-01 3.745882352941176663e-01 1.000000000000000000e+00
9.252592978628642051e-01 5.851341176470588046e-01 3.726372549019607572e-01 1.000000000000000000e+00
9.204150083452575792e-01 5.820705882352941174e-01 3.706862745098039591e-01 1.000000000000000000e+00
9.155707188276509534e-01 5.790070588235294302e-01 3.687352941176470500e-01 1.000000000000000000e+00
9.107264293100443275e-01 5.759435294117647430e-01 3.667843137254901964e-01 1.000000000000000000e+00
9.058821397924377017e-01 5.728800000000000558e-01 3.648333333333333428e-01 1.000000000000000000e+00
9.010378502748310758e-01 5.698164705882353687e-01 3.628823529411764892e-01 1.000000000000000000e+00
8.961935607572244500e-01 5.667529411764705705e-01 3.609313725490196356e-01 1.000000000000000000e+00
8.913492712396178241e-01 5.636894117647058833e-01 3.589803921568627265e-01 1.000000000000000000e+00
8.865049817220111983e-01 5.606258823529411961e-01 3.570294117647058729e-01 1.000000000000000000e+00
8.816606922044045724e-01 5.575623529411765089e-01 3.550784313725490193e-01 1.000000000000000000e+00
8.768164026867980576e-01 5.544988235294118217e-01 3.531274509803921657e-01 1.000000000000000000e+00
8.719721131691913207e-01 5.514352941176470235e-01 3.511764705882353121e-01 1.000000000000000000e+00
8.671278236515846949e-01 5.483717647058823363e-01 3.492254901960784030e-01 1.000000000000000000e+00
8.622835341339780690e-01 5.453082352941176492e-01 3.472745098039216050e-01 1.000000000000000000e+00
8.574392446163714432e-01 5.422447058823529620e-01 3.453235294117646959e-01 1.000000000000000000e+00
8.525949550987648173e-01 5.391811764705882748e-01 3.433725490196078423e-01 1.000000000000000000e+00
8.477506655811581915e-01 5.361176470588235876e-01 3.414215686274509887e-01 1.000000000000000000e+00
8.429063760635516767e-01 5.330541176470589004e-01 3.394705882352941351e-01 1.000000000000000000e+00
8.380620865459450508e-01 5.299905882352942132e-01 3.375196078431372815e-01 1.000000000000000000e+00
8.332177970283384250e-01 5.269270588235294150e-01 3.355686274509803724e-01 1.000000000000000000e+00
8.283735075107317991e-01 5.238635294117647279e-01 3.336176470588235188e-01 1.000000000000000000e+00
8.235292179931251733e-01 5.208000000000000407e-01 3.316666666666666652e-01 1.000000000000000000e+00
8.186849284755185474e-01 5.177364705882352425e-01 3.297156862745097561e-01 1.000000000000000000e+00
8.138406389579119216e-01 5.146729411764705553e-01 3.277647058823529580e-01 1.000000000000000000e+00
8.089963494403052957e-01 5.116094117647058681e-01 3.258137254901960489e-01 1.000000000000000000e+00
8.041520599226986699e-01 5.085458823529411809e-01 3.238627450980392508e-01 1.000000000000000000e+00
7.993077704050921550e-01 5.054823529411764937e-01 3.219117647058823417e-01 1.000000000000000000e+00
7.944634808874854182e-01 5.024188235294118066e-01 3.199607843137254881e-01 1.000000000000000000e+00
7.896191913698787923e-01 4.993552941176470639e-01 3.180098039215686345e-01 1.000000000000000000e+00
7.847749018522722775e-01 4.962917647058823767e-01 3.160588235294117809e-01 1.000000000000000000e+00
7.799306123346656516e-01 4.932282352941176340e-01 3.141078431372549273e-01 1.000000000000000000e+00
7.750863228170590258e-01 4.901647058823529468e-01 3.121568627450980182e-01 1.000000000000000000e+00
7.702420332994523999e-01 4.871011764705882596e-01 3.102058823529411646e-01 1.000000000000000000e+00
7.653977437818457741e-01 4.840376470588235724e-01 3.082549019607843110e-01 1.000000000000000000e+00
7.605534542642391482e-01 4.809741176470588297e-01 3.063039215686274575e-01 1.000000000000000000e+00
7.557091647466325224e-01 4.779105882352940871e-01 3.043529411764706039e-01 1.000000000000000000e+00
7.508648752290258965e-01 4.748470588235293999e-01 3.024019607843136948e-01 1.000000000000000000e+00
7.460205857114192707e-01 4.717835294117647127e-01 3.004509803921568967e-01 1.000000000000000000e+00
7.411762961938126448e-01 4.687199999999999700e-01 2.984999999999999876e-01 1.000000000000000000e+00
7.363320066762060190e-01 4.656564705882352828e-01 2.965490196078431340e-01 1.000000000000000000e+00
7.314877171585993931e-01 4.625929411764705956e-01 2.945980392156862804e-01 1.000000000000000000e+00
7.266434276409927673e-01 4.595294117647059084e-01 2.926470588235294268e-01 1.000000000000000000e+00
7.217991381233862525e-01 4.564658823529412213e-01 2.906960784313725732e-01 1.000000000000000000e+00
7.169548486057795156e-01 4.534023529411764786e-01 2.887450980392156641e-01 1.000000000000000000e+00
7.121105590881728897e-01 4.503388235294117914e-01 2.867941176470588660e-01 1.000000000000000000e+00
7.072662695705662639e-01 4.472752941176471042e-01 2.848431372549019569e-01 1.000000000000000000e+00
7.024219800529596380e-01 4.442117647058823615e-01 2.828921568627450478e-01 1.000000000000000000e+00
6.975776905353530122e-01 4.411482352941176188e-01 2.809411764705882497e-01 1.000000000000000000e+00
6.927334010177463863e-01 4.380847058823529316e-01 2.789901960784313406e-01 1.000000000000000000e+00
6.878891115001398715e-01 4.350211764705882445e-01 2.770392156862745425e-01 1.000000000000000000e+00
6.830448219825332457e-01 4.319576470588235573e-01 2.750882352941176334e-01 1.000000000000000000e+00
6.782005324649266198e-01 4.288941176470588146e-01 2.731372549019607798e-01 1.000000000000000000e+00
6.733562429473199940e-01 4.258305882352941274e-01 2.711862745098039262e-01 1.000000000000000000e+00
6.685119534297133681e-01 4.227670588235294402e-01 2.692352941176470726e-01 1.000000000000000000e+00
6.636676639121068533e-01 4.197035294117646975e-01 2.672843137254902190e-01 1.000000000000000000e+00
6.588233743945002274e-01 4.166400000000000103e-01 2.653333333333333099e-01 1.000000000000000000e+00
6.539790848768936016e-01 4.135764705882353232e-01 2.633823529411765119e-01 1.000000000000000000e+00
6.491347953592869757e-01 4.105129411764705805e-01 2.614313725490196028e-01 1.000000000000000000e+00
6.442905058416803499e-01 4.074494117647058933e-01 2.594803921568627492e-01 1.000000000000000000e+00
6.394462163240737240e-01 4.043858823529411506e-01 2.575294117647058956e-01 1.000000000000000000e+00
6.346019268064670982e-01 4.013223529411764634e-01 2.555784313725489865e-01 1.000000000000000000e+00
6.297576372888604723e-01 3.982588235294117762e-01 2.536274509803921884e-01 1.000000000000000000e+00
6.249133477712538465e-01 3.951952941176470335e-01 2.516764705882352793e-01 1.000000000000000000e+00
6.152247687360405948e-01 3.890682352941176592e-01 2.477745098039215721e-01 1.000000000000000000e+00
6.103804792184339689e-01 3.860047058823529720e-01 2.458235294117647185e-01 1.000000000000000000e+00
6.055361897008273431e-01 3.829411764705882848e-01 2.438725490196078649e-01 1.000000000000000000e+00
6.006919001832207172e-01 3.798776470588235976e-01 2.419215686274510113e-01 1.000000000000000000e+00
5.958476106656143134e-01 3.768141176470588549e-01 2.399705882352941577e-01 1.000000000000000000e+00
5.910033211480074655e-01 3.737505882352941122e-01 2.380196078431372486e-01 1.000000000000000000e+00
5.861590316304008397e-01 3.706870588235294250e-01 2.360686274509803950e-01 1.000000000000000000e+00
5.813147421127942138e-01 3.676235294117646824e-01 2.341176470588235414e-01 1.000000000000000000e+00
5.764704525951875880e-01 3.645599999999999952e-01 2.321666666666666878e-01 1.000000000000000000e+00
5.716261630775809621e-01 3.614964705882353080e-01 2.302156862745098342e-01 1.000000000000000000e+00
5.667818735599743363e-01 3.584329411764706208e-01 2.282647058823529806e-01 1.000000000000000000e+00
5.619375840423677104e-01 3.553694117647059336e-01 2.263137254901961271e-01 1.000000000000000000e+00
5.570932945247610846e-01 3.523058823529411354e-01 2.243627450980392180e-01 1.000000000000000000e+00
5.522490050071545697e-01 3.492423529411764482e-01 2.224117647058823088e-01 1.000000000000000000e+00
5.474047154895479439e-01 3.461788235294117611e-01 2.204607843137254553e-01 1.000000000000000000e+00
5.425604259719413180e-01 3.431152941176470739e-01 2.185098039215686017e-01 1.000000000000000000e+00
5.377161364543346922e-01 3.400517647058823867e-01 2.165588235294117481e-01 1.000000000000000000e+00
5.328718469367280663e-01 3.369882352941176440e-01 2.146078431372548945e-01 1.000000000000000000e+00
5.280275574191214405e-01 3.339247058823529568e-01 2.126568627450980409e-01 1.000000000000000000e+00
5.231832679015148146e-01 3.308611764705882696e-01 2.107058823529411873e-01 1.000000000000000000e+00
5.183389783839082998e-01 3.277976470588235824e-01 2.087549019607843337e-01 1.000000000000000000e+00
5.134946888663016740e-01 3.247341176470587842e-01 2.068039215686274246e-01 1.000000000000000000e+00
5.086503993486950481e-01 3.216705882352940971e-01 2.048529411764705710e-01 1.000000000000000000e+00
5.038061098310884223e-01 3.186070588235294099e-01 2.029019607843137174e-01 1.000000000000000000e+00
4.989618203134816854e-01 3.155435294117647227e-01 2.009509803921568638e-01 1.000000000000000000e+00
4.941175307958751706e-01 3.124800000000000355e-01 1.990000000000000102e-01 1.000000000000000000e+00
4.892732412782685447e-01 3.094164705882353483e-01 1.970490196078431566e-01 1.000000000000000000e+00
4.844289517606619189e-01 3.063529411764706056e-01 1.950980392156863030e-01 1.000000000000000000e+00
4.795846622430552930e-01 3.032894117647058629e-01 1.931470588235293939e-01 1.000000000000000000e+00
4.747403727254486672e-01 3.002258823529411758e-01 1.911960784313725403e-01 1.000000000000000000e+00
4.698960832078420413e-01 2.971623529411764331e-01 1.892450980392156867e-01 1.000000000000000000e+00
4.650517936902354155e-01 2.940988235294117459e-01 1.872941176470588331e-01 1.000000000000000000e+00
4.602075041726287896e-01 2.910352941176470587e-01 1.853431372549019795e-01 1.000000000000000000e+00
4.553632146550221638e-01 2.879717647058823715e-01 1.833921568627451260e-01 1.000000000000000000e+00
4.505189251374155379e-01 2.849082352941176843e-01 1.814411764705882724e-01 1.000000000000000000e+00
4.456746356198089121e-01 2.818447058823529972e-01 1.794901960784314188e-01 1.000000000000000000e+00
4.408303461022023972e-01 2.787811764705883100e-01 1.775392156862745652e-01 1.000000000000000000e+00
4.359860565845956604e-01 2.757176470588235118e-01 1.755882352941176561e-01 1.000000000000000000e+00
4.311417670669890345e-01 2.726541176470588246e-01 1.736372549019607470e-01 1.000000000000000000e+00
4.262974775493824087e-01 2.695905882352941374e-01 1.716862745098038934e-01 1.000000000000000000e+00
4.214531880317757828e-01 2.665270588235294502e-01 1.697352941176470398e-01 1.000000000000000000e+00
4.166088985141692680e-01 2.634635294117647630e-01 1.677843137254901862e-01 1.000000000000000000e+00
4.117646089965626421e-01 2.604000000000000759e-01 1.658333333333333326e-01 1.000000000000000000e+00
4.069203194789560163e-01 2.573364705882353887e-01 1.638823529411764790e-01 1.000000000000000000e+00
4.020760299613493904e-01 2.542729411764705905e-01 1.619313725490195699e-01 1.000000000000000000e+00
3.972317404437427646e-01 2.512094117647059033e-01 1.599803921568627163e-01 1.000000000000000000e+00
3.923874509261361387e-01 2.481458823529412161e-01 1.580294117647058627e-01 1.000000000000000000e+00
3.875431614085295129e-01 2.450823529411764179e-01 1.560784313725490091e-01 1.000000000000000000e+00
3.826988718909228870e-01 2.420188235294117307e-01 1.541274509803921555e-01 1.000000000000000000e+00
3.778545823733162612e-01 2.389552941176470435e-01 1.521764705882353019e-01 1.000000000000000000e+00
3.730102928557096353e-01 2.358917647058823563e-01 1.502254901960784483e-01 1.000000000000000000e+00
3.681660033381030095e-01 2.328282352941176692e-01 1.482745098039215947e-01 1.000000000000000000e+00
3.633217138204964947e-01 2.297647058823529820e-01 1.463235294117647411e-01 1.000000000000000000e+00
3.584774243028897578e-01 2.267011764705881838e-01 1.443725490196078320e-01 1.000000000000000000e+00
3.536331347852831319e-01 2.236376470588234966e-01 1.424215686274509785e-01 1.000000000000000000e+00
3.487888452676765061e-01 2.205741176470588094e-01 1.404705882352941249e-01 1.000000000000000000e+00
3.439445557500698802e-01 2.175105882352941222e-01 1.385196078431372713e-01 1.000000000000000000e+00
3.391002662324633654e-01 2.144470588235294350e-01 1.365686274509804177e-01 1.000000000000000000e+00
3.342559767148567396e-01 2.113835294117647479e-01 1.346176470588235641e-01 1.000000000000000000e+00
3.294116871972501137e-01 2.083200000000000607e-01 1.326666666666667105e-01 1.000000000000000000e+00
3.245673976796434879e-01 2.052564705882352625e-01 1.307156862745098014e-01 1.000000000000000000e+00
3.197231081620368620e-01 2.021929411764705753e-01 1.287647058823529478e-01 1.000000000000000000e+00
3.148788186444302362e-01 1.991294117647058881e-01 1.268137254901960942e-01 1.000000000000000000e+00
3.100345291268236103e-01 1.960658823529412009e-01 1.248627450980392406e-01 1.000000000000000000e+00
3.051902396092169845e-01 1.930023529411765137e-01 1.229117647058823315e-01 1.000000000000000000e+00
3.003459500916103586e-01 1.899388235294118266e-01 1.209607843137254779e-01 1.000000000000000000e+00
2.955016605740037328e-01 1.868752941176471394e-01 1.190098039215686243e-01 1.000000000000000000e+00
2.906573710563971069e-01 1.838117647058823412e-01 1.170588235294117707e-01 1.000000000000000000e+00
2.858130815387905921e-01 1.807482352941176540e-01 1.151078431372549171e-01 1.000000000000000000e+00
2.809687920211838552e-01 1.776847058823529668e-01 1.131568627450980080e-01 1.000000000000000000e+00
2.761245025035772294e-01 1.746211764705881686e-01 1.112058823529411544e-01 1.000000000000000000e+00
2.712802129859706035e-01 1.715576470588234814e-01 1.092549019607843008e-01 1.000000000000000000e+00
2.664359234683640887e-01 1.684941176470587942e-01 1.073039215686274472e-01 1.000000000000000000e+00
2.615916339507574628e-01 1.654305882352941071e-01 1.053529411764705936e-01 1.000000000000000000e+00
2.567473444331508370e-01 1.623670588235294199e-01 1.034019607843137400e-01 1.000000000000000000e+00
2.519030549155442111e-01 1.593035294117647327e-01 1.014509803921568865e-01 1.000000000000000000e+00
2.470587653979375853e-01 1.562399999999999345e-01 9.949999999999997735e-02 1.000000000000000000e+00
2.422144758803309594e-01 1.531764705882352473e-01 9.754901960784312376e-02 1.000000000000000000e+00
2.373701863627243336e-01 1.501129411764705601e-01 9.559803921568627016e-02 1.000000000000000000e+00
2.325258968451177077e-01 1.470494117647058729e-01 9.364705882352941657e-02 1.000000000000000000e+00
2.276816073275110819e-01 1.439858823529411858e-01 9.169607843137256298e-02 1.000000000000000000e+00
2.228373178099044560e-01 1.409223529411764986e-01 8.974509803921570938e-02 1.000000000000000000e+00
2.179930282922978302e-01 1.378588235294118114e-01 8.779411764705885579e-02 1.000000000000000000e+00
2.131487387746912043e-01 1.347952941176471242e-01 8.584313725490200220e-02 1.000000000000000000e+00
2.083044492570848005e-01 1.317317647058824370e-01 8.389215686274514860e-02 1.000000000000000000e+00
2.034601597394779526e-01 1.286682352941176388e-01 8.194117647058823950e-02 1.000000000000000000e+00
1.986158702218713268e-01 1.256047058823529516e-01 7.999019607843138591e-02 1.000000000000000000e+00
1.937715807042647009e-01 1.225411764705882645e-01 7.803921568627453231e-02 1.000000000000000000e+00
1.889272911866581861e-01 1.194776470588235773e-01 7.608823529411767872e-02 1.000000000000000000e+00
1.840830016690515603e-01 1.164141176470588901e-01 7.413725490196076962e-02 1.000000000000000000e+00
1.792387121514449344e-01 1.133505882352942029e-01 7.218627450980391602e-02 1.000000000000000000e+00
1.743944226338383086e-01 1.102870588235294047e-01 7.023529411764706243e-02 1.000000000000000000e+00
1.695501331162316827e-01 1.072235294117647175e-01 6.828431372549015332e-02 1.000000000000000000e+00
1.647058435986250569e-01 1.041600000000000303e-01 6.633333333333329973e-02 1.000000000000000000e+00
1.598615540810184310e-01 1.010964705882352321e-01 6.438235294117644614e-02 1.000000000000000000e+00
1.550172645634118052e-01 9.803294117647054495e-02 6.243137254901959254e-02 1.000000000000000000e+00
1.501729750458051793e-01 9.496941176470585777e-02 6.048039215686273895e-02 1.000000000000000000e+00
1.453286855281985535e-01 9.190588235294117059e-02 5.852941176470588536e-02 1.000000000000000000e+00
1.404843960105919276e-01 8.884235294117648341e-02 5.657843137254903176e-02 1.000000000000000000e+00
1.356401064929853018e-01 8.577882352941179622e-02 5.462745098039217817e-02 1.000000000000000000e+00
1.307958169753788980e-01 8.271529411764710904e-02 5.267647058823532458e-02 1.000000000000000000e+00
1.259515274577720501e-01 7.965176470588231084e-02 5.072549019607841547e-02 1.000000000000000000e+00
1.211072379401654242e-01 7.658823529411762365e-02 4.877450980392156188e-02 1.000000000000000000e+00
1.162629484225587984e-01 7.352470588235293647e-02 4.682352941176470829e-02 1.000000000000000000e+00
1.114186589049522835e-01 7.046117647058824929e-02 4.487254901960785469e-02 1.000000000000000000e+00
1.065743693873456577e-01 6.739764705882356211e-02 4.292156862745100110e-02 1.000000000000000000e+00
1.017300798697390318e-01 6.433411764705887492e-02 4.097058823529414751e-02 1.000000000000000000e+00
9.688579035213240598e-02 6.127058823529418774e-02 3.901960784313729391e-02 1.000000000000000000e+00
9.204150083452578013e-02 5.820705882352938954e-02 3.706862745098038481e-02 1.000000000000000000e+00
8.719721131691915428e-02 5.514352941176470235e-02 3.511764705882353121e-02 1.000000000000000000e+00
8.235292179931252843e-02 5.208000000000001517e-02 3.316666666666667762e-02 1.000000000000000000e+00
7.750863228170590258e-02 4.901647058823532799e-02 3.121568627450982403e-02 1.000000000000000000e+00
7.266434276409927673e-02 4.595294117647064081e-02 2.926470588235297043e-02 1.000000000000000000e+00
6.782005324649265088e-02 4.288941176470595362e-02 2.731372549019611684e-02 1.000000000000000000e+00
6.297576372888602503e-02 3.982588235294115542e-02 2.536274509803926325e-02 1.000000000000000000e+00
5.813147421127939918e-02 3.676235294117646824e-02 2.341176470588235414e-02 1.000000000000000000e+00
5.328718469367299537e-02 3.369882352941178105e-02 2.146078431372550055e-02 1.000000000000000000e+00
4.844289517606614748e-02 3.063529411764698285e-02 1.950980392156859144e-02 1.000000000000000000e+00
4.359860565845952163e-02 2.757176470588229567e-02 1.755882352941173785e-02 1.000000000000000000e+00
3.875431614085289578e-02 2.450823529411760848e-02 1.560784313725488426e-02 1.000000000000000000e+00
3.391002662324638095e-02 2.144470588235292130e-02 1.365686274509803066e-02 1.000000000000000000e+00
2.906573710563975510e-02 1.838117647058823412e-02 1.170588235294117707e-02 1.000000000000000000e+00
2.422144758803312925e-02 1.531764705882354694e-02 9.754901960784323478e-03 1.000000000000000000e+00
1.937715807042650340e-02 1.225411764705885975e-02 7.803921568627469885e-03 1.000000000000000000e+00
1.453286855281987755e-02 9.190588235294061548e-03 5.852941176470560780e-03 1.000000000000000000e+00
9.688579035213251700e-03 6.127058823529374365e-03 3.901960784313707187e-03 1.000000000000000000e+00
4.844289517606625850e-03 3.063529411764687183e-03 1.950980392156853593e-03 1.000000000000000000e+00
0.000000000000000000e+00 0.000000000000000000e+00 0.000000000000000000e+00 1.000000000000000000e+00
