1.000000000000000000e+00 1.000000000000000000e+00 1.000000000000000000e+00 1.000000000000000000e+00
9.931364666184065992e-01 9.979103125710350186e-01 9.942763880483225236e-01 1.000000000000000000e+00
9.861613495096942517e-01 9.958275152101835337e-01 9.888201400017161413e-01 1.000000000000000000e+00
9.790884816583497186e-01 9.937438643990663678e-01 9.836350631117140031e-01 1.000000000000000000e+00
9.719318448372511465e-01 9.916516913430938329e-01 9.787241580488574844e-01 1.000000000000000000e+00
9.647055345598645193e-01 9.895434198437887963e-01 9.740896186266301271e-01 1.000000000000000000e+00
9.574237250585250214e-01 9.874115838253466615e-01 9.697328333088167662e-01 1.000000000000000000e+00
9.501006343616617000e-01 9.852488444813527479e-01 9.656543884843511449e-01 1.000000000000000000e+00
9.427504895421588982e-01 9.830480070085659827e-01 9.618540734902816247e-01 1.000000000000000000e+00
9.353874922082370258e-01 9.808020368957101054e-01 9.583308873600970834e-01 1.000000000000000000e+00
9.280257843073016488e-01 9.785040757363161479e-01 9.550830472713414121e-01 1.000000000000000000e+00
9.206794143121341811e-01 9.761474565358058131e-01 9.521079986631938441e-01 1.000000000000000000e+00
9.133623038576015318e-01 9.737257184842087465e-01 9.494024269915201097e-01 1.000000000000000000e+00
9.060882148947342341e-01 9.712326211671591381e-01 9.469622710858076609e-01 1.000000000000000000e+00
8.988707174275696321e-01 9.686621581891097232e-01 9.447827380693909483e-01 1.000000000000000000e+00
8.917231578965970629e-01 9.660085701840486205e-01 9.428583198014619526e-01 1.000000000000000000e+00
8.846586282709466564e-01 9.632663571903798960e-01 9.411828107965424239e-01 1.000000000000000000e+00
8.776899359096741460e-01 9.604302903680534964e-01 9.397493275743777907e-01 1.000000000000000000e+00
8.708295742505839376e-01 9.574954230374820296e-01 9.385503293906091171e-01 1.000000000000000000e+00
8.640896943830252974e-01 9.544571010212726803e-01 9.375776402960758205e-01 1.000000000000000000e+00
8.574820775589871991e-01 9.513109722713152250e-01 9.368224724702246542e-01 1.000000000000000000e+00
8.510181086946101425e-01 9.480529957653148765e-01 9.362754507718344943e-01 1.000000000000000000e+00
8.447087509119424187e-01 9.446794496584199896e-01 9.359266384481265133e-01 1.000000000000000000e+00
8.385645211683802058e-01 9.411869386771845036e-01 9.357655639413166027e-01 1.000000000000000000e+00
8.325954670187770690e-01 9.375724007447073793e-01 9.357812487297815229e-01 1.000000000000000000e+00
8.268111445526620251e-01 9.338331128274075521e-01 9.359622361392605505e-01 1.000000000000000000e+00
8.212205975464021979e-01 9.299666959955209533e-01 9.362966210578970161e-01 1.000000000000000000e+00
8.158323378674702253e-01 9.259711196910423991e-01 9.367720804874462015e-01 1.000000000000000000e+00
8.106543271652415505e-01 9.218447051984723917e-01 9.373759048616407963e-01 1.000000000000000000e+00
8.056939598799596203e-01 9.175861283153746717e-01 9.380950300615060744e-01 1.000000000000000000e+00
8.009580475986687320e-01 9.131944212213801704e-01 9.389160700563686790e-01 1.000000000000000000e+00
7.964528047840353508e-01 9.086689735459180239e-01 9.398253500983916320e-01 1.000000000000000000e+00
7.921838358990574980e-01 9.040095326365703565e-01 9.408089403977152321e-01 1.000000000000000000e+00
7.881561239477162806e-01 8.992162030315664634e-01 9.418526902046614468e-01 1.000000000000000000e+00
7.843740204486435719e-01 8.942894451415310808e-01 9.429422622250018815e-01 1.000000000000000000e+00
7.808412368558876882e-01 8.892300731471832753e-01 9.440631672939665542e-01 1.000000000000000000e+00
7.775608374378458754e-01 8.840392521212450117e-01 9.452007992345050624e-01 1.000000000000000000e+00
7.745352336224168299e-01 8.787184943843576734e-01 9.463404698252864122e-01 1.000000000000000000e+00
7.717661798134017870e-01 8.732696551063164891e-01 9.474674438040520119e-01 1.000000000000000000e+00
7.692547706801686758e-01 8.676949271654195162e-01 9.485669738322070055e-01 1.000000000000000000e+00
7.670014399195808075e-01 8.619968352801741229e-01 9.496243353469522308e-01 1.000000000000000000e+00
7.650059604862026186e-01 8.561782294290299911e-01 9.506248612278180854e-01 1.000000000000000000e+00
7.632674462838151541e-01 8.502422775751820039e-01 9.515539762051685724e-01 1.000000000000000000e+00
7.617843553083321062e-01 8.441924577148293141e-01 9.523972309390825730e-01 1.000000000000000000e+00
7.605544942292888910e-01 8.380325492685803956e-01 9.531403356980039376e-01 1.000000000000000000e+00
7.595750243941968849e-01 8.317666238369421094e-01 9.537691935676673172e-01 1.000000000000000000e+00
7.588424692372240932e-01 8.253990353420473935e-01 9.542699331220587666e-01 1.000000000000000000e+00
7.583527230708712041e-01 8.189344095789304889e-01 9.546289404895483832e-01 1.000000000000000000e+00
7.581010612365786105e-01 8.123776332007711654e-01 9.548328907488411454e-01 1.000000000000000000e+00
7.580821515875236782e-01 8.057338421635856784e-01 9.548687785910232595e-01 1.000000000000000000e+00
7.582900672742546311e-01 7.990084096568430549e-01 9.547239481857312526e-01 1.000000000000000000e+00
7.587183008012617913e-01 7.922069335474337670e-01 9.543861221913403359e-01 1.000000000000000000e+00
7.593597793201137813e-01 7.853352233653043690e-01 9.538434298510478637e-01 1.000000000000000000e+00
7.602068811223923195e-01 7.783992868598993420e-01 9.530844341188128288e-01 1.000000000000000000e+00
7.612514532933455369e-01 7.714053161573217743e-01 9.520981577613094604e-01 1.000000000000000000e+00
7.624848304849501934e-01 7.643596735488288330e-01 9.508741083843375019e-01 1.000000000000000000e+00
7.638978547649389883e-01 7.572688769419182453e-01 9.494023023345208312e-01 1.000000000000000000e+00
7.654808964963003559e-01 7.501395850058449888e-01 9.476732874295974440e-01 1.000000000000000000e+00
7.672238761998174672e-01 7.429785820439158694e-01 9.456781644731655501e-01 1.000000000000000000e+00
7.691162873503589736e-01 7.357927626253576436e-01 9.434086075123853110e-01 1.000000000000000000e+00
7.711472200559019718e-01 7.285891160099364772e-01 9.408568827998472495e-01 1.000000000000000000e+00
7.733053855666262022e-01 7.213747103988148446e-01 9.380158664236003530e-01 1.000000000000000000e+00
7.755791415598958238e-01 7.141566770453827706e-01 9.348790605721730707e-01 1.000000000000000000e+00
7.779565181455343481e-01 7.069421942599751763e-01 9.314406084043190814e-01 1.000000000000000000e+00
7.804252445344993516e-01 6.997384713424935621e-01 9.276953074961729051e-01 1.000000000000000000e+00
7.829727763128884188e-01 6.925527324769974458e-01 9.236386218414918137e-01 1.000000000000000000e+00
7.855863232621400627e-01 6.853922006222987751e-01 9.192666923836995130e-01 1.000000000000000000e+00
7.882528776653617841e-01 6.782640814325028300e-01 9.145763460615121687e-01 1.000000000000000000e+00
7.909592430388954210e-01 6.711755472412727075e-01 9.095651033530252061e-01 1.000000000000000000e+00
7.936920632275367149e-01 6.641337211433711030e-01 9.042311843062530441e-01 1.000000000000000000e+00
7.964378518012612540e-01 6.571456612067331227e-01 8.985735130472496390e-01 1.000000000000000000e+00
7.991830216908598628e-01 6.502183448479701422e-01 8.925917207600750913e-01 1.000000000000000000e+00
8.019139149995763161e-01 6.433586534037701865e-01 8.862861471360158339e-01 1.000000000000000000e+00
8.046168329276406350e-01 6.365733569301845751e-01 8.796578402926125140e-01 1.000000000000000000e+00
8.072780657465352672e-01 6.298690992612295814e-01 8.727085551661735163e-01 1.000000000000000000e+00
8.098839227598869650e-01 6.232523833576227856e-01 8.654407503845682470e-01 1.000000000000000000e+00
8.124207621880670249e-01 6.167295569758052265e-01 8.578575836301945978e-01 1.000000000000000000e+00
8.148750209138949652e-01 6.103067986866638206e-01 8.499629055060692329e-01 1.000000000000000000e+00
8.172332440272754850e-01 6.039901042725871472e-01 8.417612519210354582e-01 1.000000000000000000e+00
8.194821141071595427e-01 5.977852735306410370e-01 8.332578350130668277e-01 1.000000000000000000e+00
8.216084801799019566e-01 5.916978975087561210e-01 8.244585326325981622e-01 1.000000000000000000e+00
8.235993862938870702e-01 5.857333462008708080e-01 8.153698764107113472e-01 1.000000000000000000e+00
8.254420996512159547e-01 5.798967567259778466e-01 8.059990384398478813e-01 1.000000000000000000e+00
8.271241382382820140e-01 5.741930220149736863e-01 7.963538165974970440e-01 1.000000000000000000e+00
8.286332978982133834e-01 5.686267800281249452e-01 7.864426185460244856e-01 1.000000000000000000e+00
8.299576787894205054e-01 5.632024035248271998e-01 7.762744444444444891e-01 1.000000000000000000e+00
8.310857111758566118e-01 5.579239904061605859e-01 7.658588684105089861e-01 1.000000000000000000e+00
8.320061804960769969e-01 5.527953546495320003e-01 7.552060187739600972e-01 1.000000000000000000e+00
8.327082516597568151e-01 5.478200178534429199e-01 7.443265571641984879e-01 1.000000000000000000e+00
8.331814925220115686e-01 5.430012014091432082e-01 7.332316564779161050e-01 1.000000000000000000e+00
8.334158964876320352e-01 5.383418193146124464e-01 7.219329777744575294e-01 1.000000000000000000e+00
8.334019041992173360e-01 5.338444716449701755e-01 7.104426461487800548e-01 1.000000000000000000e+00
8.331304242651411673e-01 5.295114386920497518e-01 6.987732256338909931e-01 1.000000000000000000e+00
8.325928529853291460e-01 5.253446757844744130e-01 6.869376931865354141e-01 1.000000000000000000e+00
8.317810930349429643e-01 5.213458087981692746e-01 6.749494118117053132e-01 1.000000000000000000e+00
8.306875710682655178e-01 5.175161303658079026e-01 6.628221028832032014e-01 1.000000000000000000e+00
8.293052542073495736e-01 5.138565967922508193e-01 6.505698177190583076e-01 1.000000000000000000e+00
8.276276653823275709e-01 5.103678256815795677e-01 6.382069084720281005e-01 1.000000000000000000e+00
8.256488974926797786e-01 5.070500942798608079e-01 6.257479983967314530e-01 1.000000000000000000e+00
8.233636263612124084e-01 5.039033385363090867e-01 6.132079515561488225e-01 1.000000000000000000e+00
8.207671224550108224e-01 5.009271528840389953e-01 6.006018420312877470e-01 1.000000000000000000e+00
8.178552613501850477e-01 4.981207907401260515e-01 5.879449226987432109e-01 1.000000000000000000e+00
8.146245329198282814e-01 4.954831657232221520e-01 5.752525936416856833e-01 1.000000000000000000e+00
8.110720492272496251e-01 4.930128535855061722e-01 5.625403702604810929e-01 1.000000000000000000e+00
8.071955511092053781e-01 4.907080948542909549e-01 5.498238511496726932e-01 1.000000000000000000e+00
8.029934134365606102e-01 4.885667981771633084e-01 5.371186858084776583e-01 1.000000000000000000e+00
7.984646490425262311e-01 4.865865443630978393e-01 5.244405422521964955e-01 1.000000000000000000e+00
7.936089113113555804e-01 4.847645911105714633e-01 5.118050745920791345e-01 1.000000000000000000e+00
7.884264954231360312e-01 4.830978784123083347e-01 4.992278906511838366e-01 1.000000000000000000e+00
7.829183382530566782e-01 4.815830346249082572e-01 4.867245196836259558e-01 1.000000000000000000e+00
7.770860169262987505e-01 4.802163831902653834e-01 4.743103802643426903e-01 1.000000000000000000e+00
7.709317460324374149e-01 4.789939499943594026e-01 4.620007484160896793e-01 1.000000000000000000e+00
7.644583735059833351e-01 4.779114713477097820e-01 4.498107260398469531e-01 1.000000000000000000e+00
7.576693751824221668e-01 4.769644025705241375e-01 4.377552097141371168e-01 1.000000000000000000e+00
7.505688480418066799e-01 4.761479271643480060e-01 4.258488599279559583e-01 1.000000000000000000e+00
7.431615021546351674e-01 4.754569665508342480e-01 4.141060708110845257e-01 1.000000000000000000e+00
7.354526513473983451e-01 4.748861903571046095e-01 4.025409404244894018e-01 1.000000000000000000e+00
7.274482026077794261e-01 4.744300272260690288e-01 3.911672416723356305e-01 1.000000000000000000e+00
7.191546442520655447e-01 4.740826761290073410e-01 3.799983938958307883e-01 1.000000000000000000e+00
7.105790328798448074e-01 4.738381181567022371e-01 3.690474352076885678e-01 1.000000000000000000e+00
7.017289791435338264e-01 4.736901287644440517e-01 3.583269956244586885e-01 1.000000000000000000e+00
6.926126323626934367e-01 4.736322904453119653e-01 3.478492710523137799e-01 1.000000000000000000e+00
6.832386640154413104e-01 4.736580058052685671e-01 3.376259981801124077e-01 1.000000000000000000e+00
6.736162501415541293e-01 4.737605110127930397e-01 3.276684303316831359e-01 1.000000000000000000e+00
6.637550526940729778e-01 4.739328895950206122e-01 3.179873143272980984e-01 1.000000000000000000e+00
6.536651998783572504e-01 4.741680865516544885e-01 3.085928684022193891e-01 1.000000000000000000e+00
6.433572655196068135e-01 4.744589227572725831e-01 2.994947612280386418e-01 1.000000000000000000e+00
6.221315453232313386e-01 4.751782639805349207e-01 2.822233721931875494e-01 1.000000000000000000e+00
6.112369368144521253e-01 4.755919231771572608e-01 2.740665073408962149e-01 1.000000000000000000e+00
6.001705540684914020e-01 4.760315603177386889e-01 2.662387816802486151e-01 1.000000000000000000e+00
5.889448586318914991e-01 4.764895996546964496e-01 2.587468428897181649e-01 1.000000000000000000e+00
5.775726160089699190e-01 4.769584320743491257e-01 2.515966886348248166e-01 1.000000000000000000e+00
5.660668695319436283e-01 4.774304306540261833e-01 2.447936543884279559e-01 1.000000000000000000e+00
5.544409136511971870e-01 4.778979662566788522e-01 2.383424026313099020e-01 1.000000000000000000e+00
5.427082667011206008e-01 4.783534231305908158e-01 2.322469134556649772e-01 1.000000000000000000e+00
5.308826431980371297e-01 4.787892144817698092e-01 2.265104765912483442e-01 1.000000000000000000e+00
5.189779257277026270e-01 4.791977979866501869e-01 2.211356848710259171e-01 1.000000000000000000e+00
5.070081364807172974e-01 4.795716912128500375e-01 2.161244291502293358e-01 1.000000000000000000e+00
4.949874084949309472e-01 4.799034869159042316e-01 2.114778946897484246e-01 1.000000000000000000e+00
4.829299566645408048e-01 4.801858681801364770e-01 2.071965590118010625e-01 1.000000000000000000e+00
4.708500485760858667e-01 4.804116233721406615e-01 2.032801912328106031e-01 1.000000000000000000e+00
4.587619752319174737e-01 4.805736608757107398e-01 1.997278528753977656e-01 1.000000000000000000e+00
4.466800217219925040e-01 4.806650235774908020e-01 1.965379001583708318e-01 1.000000000000000000e+00
4.346184379049671254e-01 4.806789030731112300e-01 1.937079877605680234e-01 1.000000000000000000e+00
4.225914091595888711e-01 4.806086535641310720e-01 1.912350740513896752e-01 1.000000000000000000e+00
4.106130272672763870e-01 4.804478054167226064e-01 1.891154277778483994e-01 1.000000000000000000e+00
3.986972614865483266e-01 4.801900783537057515e-01 1.873446361949792360e-01 1.000000000000000000e+00
3.868579298796124832e-01 4.798293942522737221e-01 1.859176146234848837e-01 1.000000000000000000e+00
3.751086709509547368e-01 4.793598895205340438e-01 1.848286174155592820e-01 1.000000000000000000e+00
3.634629156571762554e-01 4.787759270268346357e-01 1.840712503069328598e-01 1.000000000000000000e+00
3.519338598466128509e-01 4.780721075567351264e-01 1.836384841303252136e-01 1.000000000000000000e+00
3.405344371864486575e-01 4.772432807734319216e-01 1.835226698626847563e-01 1.000000000000000000e+00
3.292772926340828410e-01 4.762845556584381912e-01 1.837155549758328066e-01 1.000000000000000000e+00
3.181747565084527274e-01 4.751913104103628882e-01 1.842083010574356861e-01 1.000000000000000000e+00
3.072388192158425069e-01 4.739592017807212621e-01 1.849915026665894802e-01 1.000000000000000000e+00
2.964811066834233122e-01 4.725841738268393710e-01 1.860552073857379973e-01 1.000000000000000000e+00
2.859128565523805232e-01 4.710624660630873262e-01 1.873889370281502376e-01 1.000000000000000000e+00
2.755448951809806868e-01 4.693906209928887519e-01 1.889817099577712489e-01 1.000000000000000000e+00
2.653876155063420450e-01 4.675654910052001734e-01 1.908220644759285045e-01 1.000000000000000000e+00
2.554509558119618662e-01 4.655842446204367935e-01 1.928980832271351142e-01 1.000000000000000000e+00
2.457443794462638165e-01 4.634443720721360127e-01 1.951974185740817935e-01 1.000000000000000000e+00
2.362768555355381217e-01 4.611436902119907533e-01 1.977073188898571532e-01 1.000000000000000000e+00
2.270568407326681026e-01 4.586803467272575485e-01 2.004146557134858231e-01 1.000000000000000000e+00
2.180922620409735113e-01 4.560528236609360242e-01 2.033059517130270666e-01 1.000000000000000000e+00
2.093905007503519267e-01 4.532599402265315991e-01 2.063674093987419300e-01 1.000000000000000000e+00
2.009583775206801037e-01 4.503008549106490288e-01 2.095849405272103561e-01 1.000000000000000000e+00
1.928021386451323760e-01 4.471750668581099264e-01 2.129441961357756430e-01 1.000000000000000000e+00
1.849274435237156511e-01 4.438824165357551088e-01 2.164305971452981647e-01 1.000000000000000000e+00
1.773393533748802153e-01 4.404230856725595555e-01 2.200293654679402189e-01 1.000000000000000000e+00
1.700423212105796333e-01 4.367975964751729112e-01 2.237255555555555386e-01 1.000000000000000000e+00
1.630401830976045685e-01 4.330068101194782804e-01 2.275040863232446753e-01 1.000000000000000000e+00
1.563361507254180105e-01 4.290519245202508714e-01 2.313497733817496127e-01 1.000000000000000000e+00
1.499328052980791193e-01 4.249344713824810271e-01 2.352473615116061345e-01 1.000000000000000000e+00
1.438320927651560166e-01 4.206563125394058855e-01 2.391815573113509896e-01 1.000000000000000000e+00
1.380353204038168857e-01 4.162196355837680661e-01 2.431370619515909326e-01 1.000000000000000000e+00
1.325431547615345540e-01 4.116269488002809451e-01 2.470986039663909395e-01 1.000000000000000000e+00
1.273556209660726968e-01 4.068810754087307524e-01 2.510509720132211853e-01 1.000000000000000000e+00
1.224721034066278413e-01 4.019851471285789679e-01 2.549790475326244588e-01 1.000000000000000000e+00
1.178913477871983417e-01 3.969425970773443058e-01 2.588678372388253379e-01 1.000000000000000000e+00
1.136114645504376075e-01 3.917571520164361276e-01 2.627025053726967929e-01 1.000000000000000000e+00
1.096299336674331770e-01 3.864328239594819747e-01 2.664684056488388908e-01 1.000000000000000000e+00
1.059436107860410592e-01 3.809739011595331126e-01 2.701511128289904584e-01 1.000000000000000000e+00
1.025487347275968186e-01 3.753849384928445998e-01 2.737364538546095405e-01 1.000000000000000000e+00
9.944093631903905273e-02 3.696707472582087539e-01 2.772105384721958443e-01 1.000000000000000000e+00
9.661524854470346368e-02 3.638363844120638957e-01 2.805597892858142650e-01 1.000000000000000000e+00
9.406611799930170159e-02 3.578871412608097824e-01 2.837709711722865569e-01 1.000000000000000000e+00
9.178741762088063472e-02 3.518285316329302082e-01 2.868312199956633002e-01 1.000000000000000000e+00
8.977246067987679212e-02 3.456662795546469047e-01 2.897280705588635152e-01 1.000000000000000000e+00
8.801401599773797657e-02 3.394063064539149521e-01 2.924494837317682117e-01 1.000000000000000000e+00
8.650432436599098107e-02 3.330547179185978091e-01 2.949838726965830493e-01 1.000000000000000000e+00
8.523511613408935039e-02 3.266177900356553310e-01 2.973201282529313039e-01 1.000000000000000000e+00
8.419762993188756317e-02 3.201019553391043493e-01 2.994476431269095240e-01 1.000000000000000000e+00
8.338263249016200640e-02 3.135137883954004501e-01 3.013563352302212062e-01 1.000000000000000000e+00
8.278043952023955709e-02 3.068599910557119892e-01 3.030366698175024909e-01 1.000000000000000000e+00
8.238093761150344640e-02 3.001473774053337040e-01 3.044796804920606448e-01 1.000000000000000000e+00
8.217360710333565521e-02 2.933828584411944940e-01 3.056769890124600986e-01 1.000000000000000000e+00
8.214754588591846596e-02 2.865734265090723043e-01 3.066208238547042941e-01 1.000000000000000000e+00
8.229149408227129370e-02 2.797261395327187428e-01 3.073040374871738312e-01 1.000000000000000000e+00
8.259385956193721068e-02 2.728481050676232478e-01 3.077201223179875100e-01 1.000000000000000000e+00
8.304274423486754375e-02 2.659464642126196376e-01 3.078632252770450162e-01 1.000000000000000000e+00
8.362597107228089688e-02 2.590283754129313332e-01 3.077281609976874610e-01 1.000000000000000000e+00
8.433111179960413317e-02 2.521009981885916629e-01 3.073104235656677341e-01 1.000000000000000000e+00
8.514551520503575721e-02 2.451714768224428909e-01 3.066061968059521359e-01 1.000000000000000000e+00
8.605633600581408249e-02 2.382469240421198897e-01 3.056123630807716651e-01 1.000000000000000000e+00
8.705056421292392543e-02 2.313344047305577189e-01 3.043265105753016897e-01 1.000000000000000000e+00
8.811505493374117981e-02 2.244409196996253464e-01 3.027469390503670366e-01 1.000000000000000000e+00
8.923655855099589529e-02 2.175733895614897773e-01 3.008726640446374168e-01 1.000000000000000000e+00
9.040175121543563008e-02 2.107386387322359167e-01 2.987034195118940527e-01 1.000000000000000000e+00
9.159726558869184243e-02 2.039433796021301315e-01 2.962396588821032406e-01 1.000000000000000000e+00
9.280972177209734220e-02 1.971941969067030620e-01 2.934825545382206413e-01 1.000000000000000000e+00
9.402575835657282777e-02 1.904975323325487357e-01 2.904339957038670206e-01 1.000000000000000000e+00
9.523206352819775511e-02 1.838596693913883695e-01 2.870965847402544568e-01 1.000000000000000000e+00
9.641540616370547490e-02 1.772867185955313285e-01 2.834736318539965438e-01 1.000000000000000000e+00
9.756266684989742255e-02 1.707846029673838473e-01 2.795691482206971723e-01 1.000000000000000000e+00
9.866086876085636281e-02 1.643590439151008387e-01 2.753878375324801953e-01 1.000000000000000000e+00
9.969720832685408096e-02 1.580155475058672709e-01 2.709350859808843937e-01 1.000000000000000000e+00
1.006590856289965585e-01 1.517593911676071994e-01 2.662169506897997806e-01 1.000000000000000000e+00
1.015341344539294477e-01 1.455956108491768819e-01 2.612401466163600250e-01 1.000000000000000000e+00
1.023102519433362612e-01 1.395289886682891389e-01 2.560120319409181500e-01 1.000000000000000000e+00
1.029756277735051073e-01 1.335640410755470076e-01 2.505405919704191686e-01 1.000000000000000000e+00
1.035187728009112906e-01 1.277050075620353997e-01 2.448344215826346593e-01 1.000000000000000000e+00
1.039285471105677594e-01 1.219558399369286839e-01 2.389027062418317415e-01 1.000000000000000000e+00
1.041941874048251532e-01 1.163201922005331623e-01 2.327552016195137963e-01 1.000000000000000000e+00
1.043053336713645474e-01 1.108014110370778849e-01 2.264022118568760900e-01 1.000000000000000000e+00
1.042520550703103094e-01 1.054025269504177964e-01 2.198545665085708256e-01 1.000000000000000000e+00
1.040248749817010154e-01 1.001262460646086955e-01 2.131235962102581705e-01 1.000000000000000000e+00
1.036147951559884678e-01 9.497494261006123040e-02 2.062211071152332265e-01 1.000000000000000000e+00
1.030133189117869025e-01 8.995065211468111777e-02 1.991593541481540830e-01 1.000000000000000000e+00
1.022124733267644053e-01 8.505506531806003578e-02 1.919510131265486363e-01 1.000000000000000000e+00
1.012048303693534740e-01 8.028952282539619789e-02 1.846091518033437517e-01 1.000000000000000000e+00
9.998352692085306359e-02 7.565501051639596242e-02 1.771471998861281760e-01 1.000000000000000000e+00
9.854228363950114089e-02 7.115215572295083279e-02 1.695789180912403715e-01 1.000000000000000000e+00
9.687542262020573669e-02 6.678122418788304260e-02 1.619183662930340772e-01 1.000000000000000000e+00
9.497788380583521706e-02 6.254211781552798666e-02 1.541798708308405597e-01 1.000000000000000000e+00
9.284524010827871487e-02 5.843437322336479667e-02 1.463779910381926841e-01 1.000000000000000000e+00
9.047371119989061627e-02 5.445716110232379920e-02 1.385274850608070873e-01 1.000000000000000000e+00
8.786017593842757045e-02 5.060928639179550909e-02 1.306432750316298963e-01 1.000000000000000000e+00
8.500218339116372146e-02 4.688918927373823126e-02 1.227404116729322037e-01 1.000000000000000000e+00
8.189796242653116232e-02 4.329494698864347346e-02 1.148340383970010425e-01 1.000000000000000000e+00
7.854642984436605024e-02 3.982427647445867247e-02 1.069393549783860531e-01 1.000000000000000000e+00
7.494719701864879791e-02 3.647453782790252563e-02 9.907158087195047647e-02 1.000000000000000000e+00
7.110057502949812536e-02 3.324273858593362885e-02 9.124591825211800233e-02 1.000000000000000000e+00
6.700757826411264662e-02 3.012553882345467629e-02 8.347751484971097091e-02 1.000000000000000000e+00
6.266992646934209377e-02 2.711925706165503255e-02 7.578142666363134328e-02 1.000000000000000000e+00
5.809004524160905208e-02 2.421987697971672571e-02 6.817258062534756191e-02 1.000000000000000000e+00
5.327106494298587680e-02 2.142305492093743782e-02 6.066573729471118337e-02 1.000000000000000000e+00
4.821681803535116106e-02 1.872412818265829088e-02 5.327545366603382571e-02 1.000000000000000000e+00
4.293183482770898673e-02 1.611812407773515615e-02 4.601604616361856803e-02 1.000000000000000000e+00
3.742133763493216136e-02 1.359976975365204468e-02 3.890155390603587671e-02 1.000000000000000000e+00
3.169123334939605990e-02 1.116350275375800963e-02 3.194570231838682328e-02 1.000000000000000000e+00
2.574810443018758083e-02 8.803482303510343221e-03 2.516186717158759578e-02 1.000000000000000000e+00
1.959919831780052718e-02 6.513601303033898261e-03 1.856303912734555417e-02 1.000000000000000000e+00
1.325241528546068290e-02 4.287499005760934435e-03 1.216178886697951572e-02 1.000000000000000000e+00
6.716294741447078470e-03 2.118574361399583241e-03 5.970232881557357291e-03 1.000000000000000000e+00
0.000000000000000000e+00 0.000000000000000000e+00 0.000000000000000000e+00 1.000000000000000000e+00
