1.058823529411764691e-01 6.196078431372549211e-01 4.666666666666666741e-01 1.000000000000000000e+00
1.058823529411764691e-01 6.196078431372549211e-01 4.666666666666666741e-01 1.000000000000000000e+00
1.058823529411764691e-01 6.196078431372549211e-01 4.666666666666666741e-01 1.000000000000000000e+00
1.058823529411764691e-01 6.196078431372549211e-01 4.666666666666666741e-01 1.000000000000000000e+00
1.058823529411764691e-01 6.196078431372549211e-01 4.666666666666666741e-01 1.000000000000000000e+00
1.058823529411764691e-01 6.196078431372549211e-01 4.666666666666666741e-01 1.000000000000000000e+00
1.058823529411764691e-01 6.196078431372549211e-01 4.666666666666666741e-01 1.000000000000000000e+00
1.058823529411764691e-01 6.196078431372549211e-01 4.666666666666666741e-01 1.000000000000000000e+00
1.058823529411764691e-01 6.196078431372549211e-01 4.666666666666666741e-01 1.000000000000000000e+00
1.058823529411764691e-01 6.196078431372549211e-01 4.666666666666666741e-01 1.000000000000000000e+00
1.058823529411764691e-01 6.196078431372549211e-01 4.666666666666666741e-01 1.000000000000000000e+00
1.058823529411764691e-01 6.196078431372549211e-01 4.666666666666666741e-01 1.000000000000000000e+00
1.058823529411764691e-01 6.196078431372549211e-01 4.666666666666666741e-01 1.000000000000000000e+00
1.058823529411764691e-01 6.196078431372549211e-01 4.666666666666666741e-01 1.000000000000000000e+00
1.058823529411764691e-01 6.196078431372549211e-01 4.666666666666666741e-01 1.000000000000000000e+00
1.058823529411764691e-01 6.196078431372549211e-01 4.666666666666666741e-01 1.000000000000000000e+00
1.058823529411764691e-01 6.196078431372549211e-01 4.666666666666666741e-01 1.000000000000000000e+00
1.058823529411764691e-01 6.196078431372549211e-01 4.666666666666666741e-01 1.000000000000000000e+00
1.058823529411764691e-01 6.196078431372549211e-01 4.666666666666666741e-01 1.000000000000000000e+00
1.058823529411764691e-01 6.196078431372549211e-01 4.666666666666666741e-01 1.000000000000000000e+00
1.058823529411764691e-01 6.196078431372549211e-01 4.666666666666666741e-01 1.000000000000000000e+00
1.058823529411764691e-01 6.196078431372549211e-01 4.666666666666666741e-01 1.000000000000000000e+00
1.058823529411764691e-01 6.196078431372549211e-01 4.666666666666666741e-01 1.000000000000000000e+00
1.058823529411764691e-01 6.196078431372549211e-01 4.666666666666666741e-01 1.000000000000000000e+00
1.058823529411764691e-01 6.196078431372549211e-01 4.666666666666666741e-01 1.000000000000000000e+00
1.058823529411764691e-01 6.196078431372549211e-01 4.666666666666666741e-01 1.000000000000000000e+00
1.058823529411764691e-01 6.196078431372549211e-01 4.666666666666666741e-01 1.000000000000000000e+00
1.058823529411764691e-01 6.196078431372549211e-01 4.666666666666666741e-01 1.000000000000000000e+00
1.058823529411764691e-01 6.196078431372549211e-01 4.666666666666666741e-01 1.000000000000000000e+00
1.058823529411764691e-01 6.196078431372549211e-01 4.666666666666666741e-01 1.000000000000000000e+00
1.058823529411764691e-01 6.196078431372549211e-01 4.666666666666666741e-01 1.000000000000000000e+00
1.058823529411764691e-01 6.196078431372549211e-01 4.666666666666666741e-01 1.000000000000000000e+00
8.509803921568627194e-01 3.725490196078431460e-01 7.843137254901960675e-03 1.000000000000000000e+00
8.509803921568627194e-01 3.725490196078431460e-01 7.843137254901960675e-03 1.000000000000000000e+00
8.509803921568627194e-01 3.725490196078431460e-01 7.843137254901960675e-03 1.000000000000000000e+00
8.509803921568627194e-01 3.725490196078431460e-01 7.843137254901960675e-03 1.000000000000000000e+00
8.509803921568627194e-01 3.725490196078431460e-01 7.843137254901960675e-03 1.000000000000000000e+00
8.509803921568627194e-01 3.725490196078431460e-01 7.843137254901960675e-03 1.000000000000000000e+00
8.509803921568627194e-01 3.725490196078431460e-01 7.843137254901960675e-03 1.000000000000000000e+00
8.509803921568627194e-01 3.725490196078431460e-01 7.843137254901960675e-03 1.000000000000000000e+00
8.509803921568627194e-01 3.725490196078431460e-01 7.843137254901960675e-03 1.000000000000000000e+00
8.509803921568627194e-01 3.725490196078431460e-01 7.843137254901960675e-03 1.000000000000000000e+00
8.509803921568627194e-01 3.725490196078431460e-01 7.843137254901960675e-03 1.000000000000000000e+00
8.509803921568627194e-01 3.725490196078431460e-01 7.843137254901960675e-03 1.000000000000000000e+00
8.509803921568627194e-01 3.725490196078431460e-01 7.843137254901960675e-03 1.000000000000000000e+00
8.509803921568627194e-01 3.725490196078431460e-01 7.843137254901960675e-03 1.000000000000000000e+00
8.509803921568627194e-01 3.725490196078431460e-01 7.843137254901960675e-03 1.000000000000000000e+00
8.509803921568627194e-01 3.725490196078431460e-01 7.843137254901960675e-03 1.000000000000000000e+00
8.509803921568627194e-01 3.725490196078431460e-01 7.843137254901960675e-03 1.000000000000000000e+00
8.509803921568627194e-01 3.725490196078431460e-01 7.843137254901960675e-03 1.000000000000000000e+00
8.509803921568627194e-01 3.725490196078431460e-01 7.843137254901960675e-03 1.000000000000000000e+00
8.509803921568627194e-01 3.725490196078431460e-01 7.843137254901960675e-03 1.000000000000000000e+00
8.509803921568627194e-01 3.725490196078431460e-01 7.843137254901960675e-03 1.000000000000000000e+00
8.509803921568627194e-01 3.725490196078431460e-01 7.843137254901960675e-03 1.000000000000000000e+00
8.509803921568627194e-01 3.725490196078431460e-01 7.843137254901960675e-03 1.000000000000000000e+00
8.509803921568627194e-01 3.725490196078431460e-01 7.843137254901960675e-03 1.000000000000000000e+00
8.509803921568627194e-01 3.725490196078431460e-01 7.843137254901960675e-03 1.000000000000000000e+00
8.509803921568627194e-01 3.725490196078431460e-01 7.843137254901960675e-03 1.000000000000000000e+00
8.509803921568627194e-01 3.725490196078431460e-01 7.843137254901960675e-03 1.000000000000000000e+00
8.509803921568627194e-01 3.725490196078431460e-01 7.843137254901960675e-03 1.000000000000000000e+00
8.509803921568627194e-01 3.725490196078431460e-01 7.843137254901960675e-03 1.000000000000000000e+00
8.509803921568627194e-01 3.725490196078431460e-01 7.843137254901960675e-03 1.000000000000000000e+00
8.509803921568627194e-01 3.725490196078431460e-01 7.843137254901960675e-03 1.000000000000000000e+00
8.509803921568627194e-01 3.725490196078431460e-01 7.843137254901960675e-03 1.000000000000000000e+00
4.588235294117646856e-01 4.392156862745097978e-01 7.019607843137254388e-01 1.000000000000000000e+00
4.588235294117646856e-01 4.392156862745097978e-01 7.019607843137254388e-01 1.000000000000000000e+00
4.588235294117646856e-01 4.392156862745097978e-01 7.019607843137254388e-01 1.000000000000000000e+00
4.588235294117646856e-01 4.392156862745097978e-01 7.019607843137254388e-01 1.000000000000000000e+00
4.588235294117646856e-01 4.392156862745097978e-01 7.019607843137254388e-01 1.000000000000000000e+00
4.588235294117646856e-01 4.392156862745097978e-01 7.019607843137254388e-01 1.000000000000000000e+00
4.588235294117646856e-01 4.392156862745097978e-01 7.019607843137254388e-01 1.000000000000000000e+00
4.588235294117646856e-01 4.392156862745097978e-01 7.019607843137254388e-01 1.000000000000000000e+00
4.588235294117646856e-01 4.392156862745097978e-01 7.019607843137254388e-01 1.000000000000000000e+00
4.588235294117646856e-01 4.392156862745097978e-01 7.019607843137254388e-01 1.000000000000000000e+00
4.588235294117646856e-01 4.392156862745097978e-01 7.019607843137254388e-01 1.000000000000000000e+00
4.588235294117646856e-01 4.392156862745097978e-01 7.019607843137254388e-01 1.000000000000000000e+00
4.588235294117646856e-01 4.392156862745097978e-01 7.019607843137254388e-01 1.000000000000000000e+00
4.588235294117646856e-01 4.392156862745097978e-01 7.019607843137254388e-01 1.000000000000000000e+00
4.588235294117646856e-01 4.392156862745097978e-01 7.019607843137254388e-01 1.000000000000000000e+00
4.588235294117646856e-01 4.392156862745097978e-01 7.019607843137254388e-01 1.000000000000000000e+00
4.588235294117646856e-01 4.392156862745097978e-01 7.019607843137254388e-01 1.000000000000000000e+00
4.588235294117646856e-01 4.392156862745097978e-01 7.019607843137254388e-01 1.000000000000000000e+00
4.588235294117646856e-01 4.392156862745097978e-01 7.019607843137254388e-01 1.000000000000000000e+00
4.588235294117646856e-01 4.392156862745097978e-01 7.019607843137254388e-01 1.000000000000000000e+00
4.588235294117646856e-01 4.392156862745097978e-01 7.019607843137254388e-01 1.000000000000000000e+00
4.588235294117646856e-01 4.392156862745097978e-01 7.019607843137254388e-01 1.000000000000000000e+00
4.588235294117646856e-01 4.392156862745097978e-01 7.019607843137254388e-01 1.000000000000000000e+00
4.588235294117646856e-01 4.392156862745097978e-01 7.019607843137254388e-01 1.000000000000000000e+00
4.588235294117646856e-01 4.392156862745097978e-01 7.019607843137254388e-01 1.000000000000000000e+00
4.588235294117646856e-01 4.392156862745097978e-01 7.019607843137254388e-01 1.000000000000000000e+00
4.588235294117646856e-01 4.392156862745097978e-01 7.019607843137254388e-01 1.000000000000000000e+00
4.588235294117646856e-01 4.392156862745097978e-01 7.019607843137254388e-01 1.000000000000000000e+00
4.588235294117646856e-01 4.392156862745097978e-01 7.019607843137254388e-01 1.000000000000000000e+00
4.588235294117646856e-01 4.392156862745097978e-01 7.019607843137254388e-01 1.000000000000000000e+00
4.588235294117646856e-01 4.392156862745097978e-01 7.019607843137254388e-01 1.000000000000000000e+00
4.588235294117646856e-01 4.392156862745097978e-01 7.019607843137254388e-01 1.000000000000000000e+00
9.058823529411764719e-01 1.607843137254902077e-01 5.411764705882352589e-01 1.000000000000000000e+00
9.058823529411764719e-01 1.607843137254902077e-01 5.411764705882352589e-01 1.000000000000000000e+00
9.058823529411764719e-01 1.607843137254902077e-01 5.411764705882352589e-01 1.000000000000000000e+00
9.058823529411764719e-01 1.607843137254902077e-01 5.411764705882352589e-01 1.000000000000000000e+00
9.058823529411764719e-01 1.607843137254902077e-01 5.411764705882352589e-01 1.000000000000000000e+00
9.058823529411764719e-01 1.607843137254902077e-01 5.411764705882352589e-01 1.000000000000000000e+00
9.058823529411764719e-01 1.607843137254902077e-01 5.411764705882352589e-01 1.000000000000000000e+00
9.058823529411764719e-01 1.607843137254902077e-01 5.411764705882352589e-01 1.000000000000000000e+00
9.058823529411764719e-01 1.607843137254902077e-01 5.411764705882352589e-01 1.000000000000000000e+00
9.058823529411764719e-01 1.607843137254902077e-01 5.411764705882352589e-01 1.000000000000000000e+00
9.058823529411764719e-01 1.607843137254902077e-01 5.411764705882352589e-01 1.000000000000000000e+00
9.058823529411764719e-01 1.607843137254902077e-01 5.411764705882352589e-01 1.000000000000000000e+00
9.058823529411764719e-01 1.607843137254902077e-01 5.411764705882352589e-01 1.000000000000000000e+00
9.058823529411764719e-01 1.607843137254902077e-01 5.411764705882352589e-01 1.000000000000000000e+00
9.058823529411764719e-01 1.607843137254902077e-01 5.411764705882352589e-01 1.000000000000000000e+00
9.058823529411764719e-01 1.607843137254902077e-01 5.411764705882352589e-01 1.000000000000000000e+00
9.058823529411764719e-01 1.607843137254902077e-01 5.411764705882352589e-01 1.000000000000000000e+00
9.058823529411764719e-01 1.607843137254902077e-01 5.411764705882352589e-01 1.000000000000000000e+00
9.058823529411764719e-01 1.607843137254902077e-01 5.411764705882352589e-01 1.000000000000000000e+00
9.058823529411764719e-01 1.607843137254902077e-01 5.411764705882352589e-01 1.000000000000000000e+00
9.058823529411764719e-01 1.607843137254902077e-01 5.411764705882352589e-01 1.000000000000000000e+00
9.058823529411764719e-01 1.607843137254902077e-01 5.411764705882352589e-01 1.000000000000000000e+00
9.058823529411764719e-01 1.607843137254902077e-01 5.411764705882352589e-01 1.000000000000000000e+00
9.058823529411764719e-01 1.607843137254902077e-01 5.411764705882352589e-01 1.000000000000000000e+00
9.058823529411764719e-01 1.607843137254902077e-01 5.411764705882352589e-01 1.000000000000000000e+00
9.058823529411764719e-01 1.607843137254902077e-01 5.411764705882352589e-01 1.000000000000000000e+00
9.058823529411764719e-01 1.607843137254902077e-01 5.411764705882352589e-01 1.000000000000000000e+00
9.058823529411764719e-01 1.607843137254902077e-01 5.411764705882352589e-01 1.000000000000000000e+00
9.058823529411764719e-01 1.607843137254902077e-01 5.411764705882352589e-01 1.000000000000000000e+00
9.058823529411764719e-01 1.607843137254902077e-01 5.411764705882352589e-01 1.000000000000000000e+00
9.058823529411764719e-01 1.607843137254902077e-01 5.411764705882352589e-01 1.000000000000000000e+00
4.000000000000000222e-01 6.509803921568627638e-01 1.176470588235294101e-01 1.000000000000000000e+00
4.000000000000000222e-01 6.509803921568627638e-01 1.176470588235294101e-01 1.000000000000000000e+00
4.000000000000000222e-01 6.509803921568627638e-01 1.176470588235294101e-01 1.000000000000000000e+00
4.000000000000000222e-01 6.509803921568627638e-01 1.176470588235294101e-01 1.000000000000000000e+00
4.000000000000000222e-01 6.509803921568627638e-01 1.176470588235294101e-01 1.000000000000000000e+00
4.000000000000000222e-01 6.509803921568627638e-01 1.176470588235294101e-01 1.000000000000000000e+00
4.000000000000000222e-01 6.509803921568627638e-01 1.176470588235294101e-01 1.000000000000000000e+00
4.000000000000000222e-01 6.509803921568627638e-01 1.176470588235294101e-01 1.000000000000000000e+00
4.000000000000000222e-01 6.509803921568627638e-01 1.176470588235294101e-01 1.000000000000000000e+00
4.000000000000000222e-01 6.509803921568627638e-01 1.176470588235294101e-01 1.000000000000000000e+00
4.000000000000000222e-01 6.509803921568627638e-01 1.176470588235294101e-01 1.000000000000000000e+00
4.000000000000000222e-01 6.509803921568627638e-01 1.176470588235294101e-01 1.000000000000000000e+00
4.000000000000000222e-01 6.509803921568627638e-01 1.176470588235294101e-01 1.000000000000000000e+00
4.000000000000000222e-01 6.509803921568627638e-01 1.176470588235294101e-01 1.000000000000000000e+00
4.000000000000000222e-01 6.509803921568627638e-01 1.176470588235294101e-01 1.000000000000000000e+00
4.000000000000000222e-01 6.509803921568627638e-01 1.176470588235294101e-01 1.000000000000000000e+00
4.000000000000000222e-01 6.509803921568627638e-01 1.176470588235294101e-01 1.000000000000000000e+00
4.000000000000000222e-01 6.509803921568627638e-01 1.176470588235294101e-01 1.000000000000000000e+00
4.000000000000000222e-01 6.509803921568627638e-01 1.176470588235294101e-01 1.000000000000000000e+00
4.000000000000000222e-01 6.509803921568627638e-01 1.176470588235294101e-01 1.000000000000000000e+00
4.000000000000000222e-01 6.509803921568627638e-01 1.176470588235294101e-01 1.000000000000000000e+00
4.000000000000000222e-01 6.509803921568627638e-01 1.176470588235294101e-01 1.000000000000000000e+00
4.000000000000000222e-01 6.509803921568627638e-01 1.176470588235294101e-01 1.000000000000000000e+00
4.000000000000000222e-01 6.509803921568627638e-01 1.176470588235294101e-01 1.000000000000000000e+00
4.000000000000000222e-01 6.509803921568627638e-01 1.176470588235294101e-01 1.000000000000000000e+00
4.000000000000000222e-01 6.509803921568627638e-01 1.176470588235294101e-01 1.000000000000000000e+00
4.000000000000000222e-01 6.509803921568627638e-01 1.176470588235294101e-01 1.000000000000000000e+00
4.000000000000000222e-01 6.509803921568627638e-01 1.176470588235294101e-01 1.000000000000000000e+00
4.000000000000000222e-01 6.509803921568627638e-01 1.176470588235294101e-01 1.000000000000000000e+00
4.000000000000000222e-01 6.509803921568627638e-01 1.176470588235294101e-01 1.000000000000000000e+00
4.000000000000000222e-01 6.509803921568627638e-01 1.176470588235294101e-01 1.000000000000000000e+00
4.000000000000000222e-01 6.509803921568627638e-01 1.176470588235294101e-01 1.000000000000000000e+00
9.019607843137255054e-01 6.705882352941175961e-01 7.843137254901960675e-03 1.000000000000000000e+00
9.019607843137255054e-01 6.705882352941175961e-01 7.843137254901960675e-03 1.000000000000000000e+00
9.019607843137255054e-01 6.705882352941175961e-01 7.843137254901960675e-03 1.000000000000000000e+00
9.019607843137255054e-01 6.705882352941175961e-01 7.843137254901960675e-03 1.000000000000000000e+00
9.019607843137255054e-01 6.705882352941175961e-01 7.843137254901960675e-03 1.000000000000000000e+00
9.019607843137255054e-01 6.705882352941175961e-01 7.843137254901960675e-03 1.000000000000000000e+00
9.019607843137255054e-01 6.705882352941175961e-01 7.843137254901960675e-03 1.000000000000000000e+00
9.019607843137255054e-01 6.705882352941175961e-01 7.843137254901960675e-03 1.000000000000000000e+00
9.019607843137255054e-01 6.705882352941175961e-01 7.843137254901960675e-03 1.000000000000000000e+00
9.019607843137255054e-01 6.705882352941175961e-01 7.843137254901960675e-03 1.000000000000000000e+00
9.019607843137255054e-01 6.705882352941175961e-01 7.843137254901960675e-03 1.000000000000000000e+00
9.019607843137255054e-01 6.705882352941175961e-01 7.843137254901960675e-03 1.000000000000000000e+00
9.019607843137255054e-01 6.705882352941175961e-01 7.843137254901960675e-03 1.000000000000000000e+00
9.019607843137255054e-01 6.705882352941175961e-01 7.843137254901960675e-03 1.000000000000000000e+00
9.019607843137255054e-01 6.705882352941175961e-01 7.843137254901960675e-03 1.000000000000000000e+00
9.019607843137255054e-01 6.705882352941175961e-01 7.843137254901960675e-03 1.000000000000000000e+00
9.019607843137255054e-01 6.705882352941175961e-01 7.843137254901960675e-03 1.000000000000000000e+00
9.019607843137255054e-01 6.705882352941175961e-01 7.843137254901960675e-03 1.000000000000000000e+00
9.019607843137255054e-01 6.705882352941175961e-01 7.843137254901960675e-03 1.000000000000000000e+00
9.019607843137255054e-01 6.705882352941175961e-01 7.843137254901960675e-03 1.000000000000000000e+00
9.019607843137255054e-01 6.705882352941175961e-01 7.843137254901960675e-03 1.000000000000000000e+00
9.019607843137255054e-01 6.705882352941175961e-01 7.843137254901960675e-03 1.000000000000000000e+00
9.019607843137255054e-01 6.705882352941175961e-01 7.843137254901960675e-03 1.000000000000000000e+00
9.019607843137255054e-01 6.705882352941175961e-01 7.843137254901960675e-03 1.000000000000000000e+00
9.019607843137255054e-01 6.705882352941175961e-01 7.843137254901960675e-03 1.000000000000000000e+00
9.019607843137255054e-01 6.705882352941175961e-01 7.843137254901960675e-03 1.000000000000000000e+00
9.019607843137255054e-01 6.705882352941175961e-01 7.843137254901960675e-03 1.000000000000000000e+00
9.019607843137255054e-01 6.705882352941175961e-01 7.843137254901960675e-03 1.000000000000000000e+00
9.019607843137255054e-01 6.705882352941175961e-01 7.843137254901960675e-03 1.000000000000000000e+00
9.019607843137255054e-01 6.705882352941175961e-01 7.843137254901960675e-03 1.000000000000000000e+00
9.019607843137255054e-01 6.705882352941175961e-01 7.843137254901960675e-03 1.000000000000000000e+00
9.019607843137255054e-01 6.705882352941175961e-01 7.843137254901960675e-03 1.000000000000000000e+00
6.509803921568627638e-01 4.627450980392157076e-01 1.137254901960784298e-01 1.000000000000000000e+00
6.509803921568627638e-01 4.627450980392157076e-01 1.137254901960784298e-01 1.000000000000000000e+00
6.509803921568627638e-01 4.627450980392157076e-01 1.137254901960784298e-01 1.000000000000000000e+00
6.509803921568627638e-01 4.627450980392157076e-01 1.137254901960784298e-01 1.000000000000000000e+00
6.509803921568627638e-01 4.627450980392157076e-01 1.137254901960784298e-01 1.000000000000000000e+00
6.509803921568627638e-01 4.627450980392157076e-01 1.137254901960784298e-01 1.000000000000000000e+00
6.509803921568627638e-01 4.627450980392157076e-01 1.137254901960784298e-01 1.000000000000000000e+00
6.509803921568627638e-01 4.627450980392157076e-01 1.137254901960784298e-01 1.000000000000000000e+00
6.509803921568627638e-01 4.627450980392157076e-01 1.137254901960784298e-01 1.000000000000000000e+00
6.509803921568627638e-01 4.627450980392157076e-01 1.137254901960784298e-01 1.000000000000000000e+00
6.509803921568627638e-01 4.627450980392157076e-01 1.137254901960784298e-01 1.000000000000000000e+00
6.509803921568627638e-01 4.627450980392157076e-01 1.137254901960784298e-01 1.000000000000000000e+00
6.509803921568627638e-01 4.627450980392157076e-01 1.137254901960784298e-01 1.000000000000000000e+00
6.509803921568627638e-01 4.627450980392157076e-01 1.137254901960784298e-01 1.000000000000000000e+00
6.509803921568627638e-01 4.627450980392157076e-01 1.137254901960784298e-01 1.000000000000000000e+00
6.509803921568627638e-01 4.627450980392157076e-01 1.137254901960784298e-01 1.000000000000000000e+00
6.509803921568627638e-01 4.627450980392157076e-01 1.137254901960784298e-01 1.000000000000000000e+00
6.509803921568627638e-01 4.627450980392157076e-01 1.137254901960784298e-01 1.000000000000000000e+00
6.509803921568627638e-01 4.627450980392157076e-01 1.137254901960784298e-01 1.000000000000000000e+00
6.509803921568627638e-01 4.627450980392157076e-01 1.137254901960784298e-01 1.000000000000000000e+00
6.509803921568627638e-01 4.627450980392157076e-01 1.137254901960784298e-01 1.000000000000000000e+00
6.509803921568627638e-01 4.627450980392157076e-01 1.137254901960784298e-01 1.000000000000000000e+00
6.509803921568627638e-01 4.627450980392157076e-01 1.137254901960784298e-01 1.000000000000000000e+00
6.509803921568627638e-01 4.627450980392157076e-01 1.137254901960784298e-01 1.000000000000000000e+00
6.509803921568627638e-01 4.627450980392157076e-01 1.137254901960784298e-01 1.000000000000000000e+00
6.509803921568627638e-01 4.627450980392157076e-01 1.137254901960784298e-01 1.000000000000000000e+00
6.509803921568627638e-01 4.627450980392157076e-01 1.137254901960784298e-01 1.000000000000000000e+00
6.509803921568627638e-01 4.627450980392157076e-01 1.137254901960784298e-01 1.000000000000000000e+00
6.509803921568627638e-01 4.627450980392157076e-01 1.137254901960784298e-01 1.000000000000000000e+00
6.509803921568627638e-01 4.627450980392157076e-01 1.137254901960784298e-01 1.000000000000000000e+00
6.509803921568627638e-01 4.627450980392157076e-01 1.137254901960784298e-01 1.000000000000000000e+00
6.509803921568627638e-01 4.627450980392157076e-01 1.137254901960784298e-01 1.000000000000000000e+00
4.000000000000000222e-01 4.000000000000000222e-01 4.000000000000000222e-01 1.000000000000000000e+00
4.000000000000000222e-01 4.000000000000000222e-01 4.000000000000000222e-01 1.000000000000000000e+00
4.000000000000000222e-01 4.000000000000000222e-01 4.000000000000000222e-01 1.000000000000000000e+00
4.000000000000000222e-01 4.000000000000000222e-01 4.000000000000000222e-01 1.000000000000000000e+00
4.000000000000000222e-01 4.000000000000000222e-01 4.000000000000000222e-01 1.000000000000000000e+00
4.000000000000000222e-01 4.000000000000000222e-01 4.000000000000000222e-01 1.000000000000000000e+00
4.000000000000000222e-01 4.000000000000000222e-01 4.000000000000000222e-01 1.000000000000000000e+00
4.000000000000000222e-01 4.000000000000000222e-01 4.000000000000000222e-01 1.000000000000000000e+00
4.000000000000000222e-01 4.000000000000000222e-01 4.000000000000000222e-01 1.000000000000000000e+00
4.000000000000000222e-01 4.000000000000000222e-01 4.000000000000000222e-01 1.000000000000000000e+00
4.000000000000000222e-01 4.000000000000000222e-01 4.000000000000000222e-01 1.000000000000000000e+00
4.000000000000000222e-01 4.000000000000000222e-01 4.000000000000000222e-01 1.000000000000000000e+00
4.000000000000000222e-01 4.000000000000000222e-01 4.000000000000000222e-01 1.000000000000000000e+00
4.000000000000000222e-01 4.000000000000000222e-01 4.000000000000000222e-01 1.000000000000000000e+00
4.000000000000000222e-01 4.000000000000000222e-01 4.000000000000000222e-01 1.000000000000000000e+00
4.000000000000000222e-01 4.000000000000000222e-01 4.000000000000000222e-01 1.000000000000000000e+00
4.000000000000000222e-01 4.000000000000000222e-01 4.000000000000000222e-01 1.000000000000000000e+00
4.000000000000000222e-01 4.000000000000000222e-01 4.000000000000000222e-01 1.000000000000000000e+00
4.000000000000000222e-01 4.000000000000000222e-01 4.000000000000000222e-01 1.000000000000000000e+00
4.000000000000000222e-01 4.000000000000000222e-01 4.000000000000000222e-01 1.000000000000000000e+00
4.000000000000000222e-01 4.000000000000000222e-01 4.000000000000000222e-01 1.000000000000000000e+00
4.000000000000000222e-01 4.000000000000000222e-01 4.000000000000000222e-01 1.000000000000000000e+00
4.000000000000000222e-01 4.000000000000000222e-01 4.000000000000000222e-01 1.000000000000000000e+00
4.000000000000000222e-01 4.000000000000000222e-01 4.000000000000000222e-01 1.000000000000000000e+00
4.000000000000000222e-01 4.000000000000000222e-01 4.000000000000000222e-01 1.000000000000000000e+00
4.000000000000000222e-01 4.000000000000000222e-01 4.000000000000000222e-01 1.000000000000000000e+00
4.000000000000000222e-01 4.000000000000000222e-01 4.000000000000000222e-01 1.000000000000000000e+00
4.000000000000000222e-01 4.000000000000000222e-01 4.000000000000000222e-01 1.000000000000000000e+00
4.000000000000000222e-01 4.000000000000000222e-01 4.000000000000000222e-01 1.000000000000000000e+00
4.000000000000000222e-01 4.000000000000000222e-01 4.000000000000000222e-01 1.000000000000000000e+00
4.000000000000000222e-01 4.000000000000000222e-01 4.000000000000000222e-01 1.000000000000000000e+00
4.000000000000000222e-01 4.000000000000000222e-01 4.000000000000000222e-01 1.000000000000000000e+00
