0.000000000000000000e+00 0.000000000000000000e+00 0.000000000000000000e+00 1.000000000000000000e+00
0.000000000000000000e+00 0.000000000000000000e+00 2.097892650557466321e-01 1.000000000000000000e+00
0.000000000000000000e+00 0.000000000000000000e+00 4.930701148153364133e-01 1.000000000000000000e+00
0.000000000000000000e+00 0.000000000000000000e+00 7.773816095344697752e-01 1.000000000000000000e+00
0.000000000000000000e+00 0.000000000000000000e+00 1.000000000000000000e+00 1.000000000000000000e+00
1.970592463460825172e-01 3.612416661871554746e-01 1.000000000000000000e+00 1.000000000000000000e+00
4.792127109954403275e-01 6.872366859692632390e-01 1.000000000000000000e+00 1.000000000000000000e+00
7.644577585591504354e-01 9.110226492460877790e-01 1.000000000000000000e+00 1.000000000000000000e+00
1.000000000000000000e+00 9.993170601430232391e-01 1.000000000000000000e+00 1.000000000000000000e+00
1.000000000000000000e+00 9.389883606150584150e-01 8.155673183737417453e-01 1.000000000000000000e+00
1.000000000000000000e+00 7.390089172206544266e-01 5.346375939843015512e-01 1.000000000000000000e+00
1.000000000000000000e+00 4.291206087726173179e-01 2.485564044984631682e-01 1.000000000000000000e+00
1.000000000000000000e+00 5.541147491596701280e-02 0.000000000000000000e+00 1.000000000000000000e+00
8.280861171434172885e-01 0.000000000000000000e+00 0.000000000000000000e+00 1.000000000000000000e+00
5.484760702574319469e-01 0.000000000000000000e+00 0.000000000000000000e+00 1.000000000000000000e+00
2.616564353135740761e-01 0.000000000000000000e+00 0.000000000000000000e+00 1.000000000000000000e+00
1.028437086189309957e-02 0.000000000000000000e+00 0.000000000000000000e+00 1.000000000000000000e+00
0.000000000000000000e+00 0.000000000000000000e+00 1.595071251953333880e-01 1.000000000000000000e+00
0.000000000000000000e+00 0.000000000000000000e+00 4.377020080030238902e-01 1.000000000000000000e+00
0.000000000000000000e+00 0.000000000000000000e+00 7.251621397623149168e-01 1.000000000000000000e+00
0.000000000000000000e+00 0.000000000000000000e+00 9.791351042389700998e-01 1.000000000000000000e+00
1.472166455389192219e-01 2.913897468893238418e-01 1.000000000000000000e+00 1.000000000000000000e+00
4.239013609706726582e-01 6.317110062532598214e-01 1.000000000000000000e+00 1.000000000000000000e+00
7.119038221737447047e-01 8.780812480836955869e-01 1.000000000000000000e+00 1.000000000000000000e+00
9.683909551406801874e-01 9.938591368952744975e-01 1.000000000000000000e+00 1.000000000000000000e+00
1.000000000000000000e+00 9.618256431728214872e-01 8.649533589251404697e-01 1.000000000000000000e+00
1.000000000000000000e+00 7.867449380334812226e-01 5.898732984461618756e-01 1.000000000000000000e+00
1.000000000000000000e+00 4.946558433997900184e-01 3.014268603759691079e-01 1.000000000000000000e+00
1.000000000000000000e+00 1.289992165301898086e-01 4.251314903970093706e-02 1.000000000000000000e+00
8.769987321514651768e-01 0.000000000000000000e+00 0.000000000000000000e+00 1.000000000000000000e+00
6.036172662139025480e-01 0.000000000000000000e+00 0.000000000000000000e+00 1.000000000000000000e+00
3.148253554709530277e-01 0.000000000000000000e+00 0.000000000000000000e+00 1.000000000000000000e+00
5.357348456058091957e-02 0.000000000000000000e+00 0.000000000000000000e+00 1.000000000000000000e+00
0.000000000000000000e+00 0.000000000000000000e+00 1.110846393438715829e-01 1.000000000000000000e+00
0.000000000000000000e+00 0.000000000000000000e+00 3.826741512198260087e-01 1.000000000000000000e+00
0.000000000000000000e+00 0.000000000000000000e+00 6.717129124625982328e-01 1.000000000000000000e+00
0.000000000000000000e+00 0.000000000000000000e+00 9.352137256724836201e-01 1.000000000000000000e+00
9.930082507858262186e-02 2.199463578396642915e-01 1.000000000000000000e+00 1.000000000000000000e+00
3.690056353234486552e-01 5.727351400805116288e-01 1.000000000000000000e+00 1.000000000000000000e+00
6.581925405938482410e-01 8.403440716378958175e-01 1.000000000000000000e+00 1.000000000000000000e+00
9.238523108169478526e-01 9.829730996839024515e-01 1.000000000000000000e+00 1.000000000000000000e+00
1.000000000000000000e+00 9.794097676013655551e-01 9.123461507855510355e-01 1.000000000000000000e+00
1.000000000000000000e+00 8.301840308155508108e-01 6.446181461174147476e-01 1.000000000000000000e+00
1.000000000000000000e+00 5.574894393428755368e-01 3.553818538825805895e-01 1.000000000000000000e+00
1.000000000000000000e+00 2.018824091570004808e-01 8.765384921444496769e-02 1.000000000000000000e+00
9.238523108169460762e-01 0.000000000000000000e+00 0.000000000000000000e+00 1.000000000000000000e+00
6.581925405938460205e-01 0.000000000000000000e+00 0.000000000000000000e+00 1.000000000000000000e+00
3.690056353234359987e-01 0.000000000000000000e+00 0.000000000000000000e+00 1.000000000000000000e+00
9.930082507858079000e-02 0.000000000000000000e+00 0.000000000000000000e+00 1.000000000000000000e+00
0.000000000000000000e+00 0.000000000000000000e+00 6.478627432751155046e-02 1.000000000000000000e+00
0.000000000000000000e+00 0.000000000000000000e+00 3.282870875373959940e-01 1.000000000000000000e+00
0.000000000000000000e+00 0.000000000000000000e+00 6.173258487801681627e-01 1.000000000000000000e+00
0.000000000000000000e+00 0.000000000000000000e+00 8.889153606561234211e-01 1.000000000000000000e+00
5.357348456058264041e-02 1.473016980546295873e-01 1.000000000000000000e+00 1.000000000000000000e+00
3.148253554709551927e-01 5.106311931809105475e-01 1.000000000000000000e+00 1.000000000000000000e+00
6.036172662139152045e-01 7.980172272802408262e-01 1.000000000000000000e+00 1.000000000000000000e+00
8.769987321514670642e-01 9.667184042691875367e-01 1.000000000000000000e+00 1.000000000000000000e+00
1.000000000000000000e+00 9.916446955107429684e-01 9.574868509602952882e-01 1.000000000000000000e+00
1.000000000000000000e+00 8.690889463055302411e-01 6.985731396240262292e-01 1.000000000000000000e+00
1.000000000000000000e+00 6.172782212897863774e-01 4.101267015538333505e-01 1.000000000000000000e+00
1.000000000000000000e+00 2.736629900720767283e-01 1.350466410748553669e-01 1.000000000000000000e+00
9.683909551406701954e-01 0.000000000000000000e+00 0.000000000000000000e+00 1.000000000000000000e+00
7.119038221737425953e-01 0.000000000000000000e+00 0.000000000000000000e+00 1.000000000000000000e+00
4.239013609706704377e-01 0.000000000000000000e+00 0.000000000000000000e+00 1.000000000000000000e+00
1.472166455389172790e-01 0.000000000000000000e+00 0.000000000000000000e+00 1.000000000000000000e+00
0.000000000000000000e+00 0.000000000000000000e+00 2.086489576102534826e-02 1.000000000000000000e+00
0.000000000000000000e+00 0.000000000000000000e+00 2.748378602376896906e-01 1.000000000000000000e+00
0.000000000000000000e+00 0.000000000000000000e+00 5.622979919969702811e-01 1.000000000000000000e+00
0.000000000000000000e+00 0.000000000000000000e+00 8.404928748046613940e-01 1.000000000000000000e+00
1.028437086188671579e-02 7.385252747486238667e-02 1.000000000000000000e+00 1.000000000000000000e+00
2.616564353135761301e-01 4.457383557765388082e-01 1.000000000000000000e+00 1.000000000000000000e+00
5.484760702574341673e-01 7.513318895568723566e-01 1.000000000000000000e+00 1.000000000000000000e+00
8.280861171434192869e-01 9.451838281608230252e-01 1.000000000000000000e+00 1.000000000000000000e+00
1.000000000000000000e+00 9.984636039674342767e-01 1.000000000000000000e+00 1.000000000000000000e+00
1.000000000000000000e+00 9.032471993461259618e-01 7.514435955015423829e-01 1.000000000000000000e+00
1.000000000000000000e+00 6.736956436465536546e-01 4.653624060156937303e-01 1.000000000000000000e+00
1.000000000000000000e+00 3.439489186339255156e-01 1.844326816262539248e-01 1.000000000000000000e+00
1.000000000000000000e+00 0.000000000000000000e+00 0.000000000000000000e+00 1.000000000000000000e+00
7.644577585591484370e-01 0.000000000000000000e+00 0.000000000000000000e+00 1.000000000000000000e+00
4.792127109954381070e-01 0.000000000000000000e+00 0.000000000000000000e+00 1.000000000000000000e+00
1.970592463460804633e-01 0.000000000000000000e+00 0.000000000000000000e+00 1.000000000000000000e+00
0.000000000000000000e+00 0.000000000000000000e+00 0.000000000000000000e+00 1.000000000000000000e+00
0.000000000000000000e+00 0.000000000000000000e+00 2.226183904655247847e-01 1.000000000000000000e+00
0.000000000000000000e+00 0.000000000000000000e+00 5.069298851846683052e-01 1.000000000000000000e+00
0.000000000000000000e+00 0.000000000000000000e+00 7.902107349442577533e-01 1.000000000000000000e+00
0.000000000000000000e+00 0.000000000000000000e+00 1.000000000000000000e+00 1.000000000000000000e+00
2.097892650557408589e-01 3.784110500423206735e-01 1.000000000000000000e+00 1.000000000000000000e+00
4.930701148153301960e-01 7.005430375932873988e-01 1.000000000000000000e+00 1.000000000000000000e+00
7.773816095344837640e-01 9.184869857459259102e-01 1.000000000000000000e+00 1.000000000000000000e+00
1.000000000000000000e+00 9.998292504580524875e-01 1.000000000000000000e+00 1.000000000000000000e+00
1.000000000000000000e+00 9.324722294043545912e-01 8.029407536539208134e-01 1.000000000000000000e+00
1.000000000000000000e+00 7.264335740162183308e-01 5.207872890045580627e-01 1.000000000000000000e+00
1.000000000000000000e+00 4.123563174738977266e-01 2.355422414408430143e-01 1.000000000000000000e+00
1.000000000000000000e+00 3.695149938914056575e-02 0.000000000000000000e+00 1.000000000000000000e+00
8.155673183737328635e-01 0.000000000000000000e+00 0.000000000000000000e+00 1.000000000000000000e+00
5.346375939843024394e-01 0.000000000000000000e+00 0.000000000000000000e+00 1.000000000000000000e+00
2.485564044984539533e-01 0.000000000000000000e+00 0.000000000000000000e+00 1.000000000000000000e+00
0.000000000000000000e+00 0.000000000000000000e+00 0.000000000000000000e+00 1.000000000000000000e+00
0.000000000000000000e+00 0.000000000000000000e+00 1.719138828565793808e-01 1.000000000000000000e+00
0.000000000000000000e+00 0.000000000000000000e+00 4.515239297425643894e-01 1.000000000000000000e+00
0.000000000000000000e+00 0.000000000000000000e+00 7.383435646864275892e-01 1.000000000000000000e+00
0.000000000000000000e+00 0.000000000000000000e+00 9.897156291381041804e-01 1.000000000000000000e+00
1.595071251953468217e-01 3.090169943749546677e-01 1.000000000000000000e+00 1.000000000000000000e+00
4.377020080030230020e-01 6.459280624867862475e-01 1.000000000000000000e+00 1.000000000000000000e+00
7.251621397623191356e-01 8.867736859200635591e-01 1.000000000000000000e+00 1.000000000000000000e+00
9.791351042389693227e-01 9.957341762950340236e-01 1.000000000000000000e+00 1.000000000000000000e+00
1.000000000000000000e+00 9.566044195004409501e-01 8.527833544610793348e-01 1.000000000000000000e+00
1.000000000000000000e+00 7.752039761111267913e-01 5.760986390293256765e-01 1.000000000000000000e+00
1.000000000000000000e+00 4.785115691012779005e-01 2.880961778262486339e-01 1.000000000000000000e+00
1.000000000000000000e+00 1.106526818915001126e-01 3.160904485932264363e-02 1.000000000000000000e+00
8.649533589251365839e-01 0.000000000000000000e+00 0.000000000000000000e+00 1.000000000000000000e+00
5.898732984461628748e-01 0.000000000000000000e+00 0.000000000000000000e+00 1.000000000000000000e+00
3.014268603759648335e-01 0.000000000000000000e+00 0.000000000000000000e+00 1.000000000000000000e+00
4.251314903971004089e-02 0.000000000000000000e+00 0.000000000000000000e+00 1.000000000000000000e+00
0.000000000000000000e+00 0.000000000000000000e+00 1.230012678485362665e-01 1.000000000000000000e+00
0.000000000000000000e+00 0.000000000000000000e+00 3.963827337860832412e-01 1.000000000000000000e+00
0.000000000000000000e+00 0.000000000000000000e+00 6.851746445290485266e-01 1.000000000000000000e+00
0.000000000000000000e+00 0.000000000000000000e+00 9.464265154394075896e-01 1.000000000000000000e+00
1.110846393438753021e-01 2.379351950426227269e-01 1.000000000000000000e+00 1.000000000000000000e+00
3.826741512198250650e-01 5.877852522924748024e-01 1.000000000000000000e+00 1.000000000000000000e+00
6.717129124626025627e-01 8.502171357296178789e-01 1.000000000000000000e+00 1.000000000000000000e+00
9.352137256724828429e-01 9.862007473534022406e-01 1.000000000000000000e+00 1.000000000000000000e+00
1.000000000000000000e+00 9.755119679804359345e-01 9.006991749214159348e-01 1.000000000000000000e+00
1.000000000000000000e+00 8.197404829072163501e-01 6.309943646765550085e-01 1.000000000000000000e+00
1.000000000000000000e+00 5.420533564724441256e-01 3.418074594061397686e-01 1.000000000000000000e+00
1.000000000000000000e+00 1.837495178165661491e-01 7.614768918305508949e-02 1.000000000000000000e+00
9.123461507855473718e-01 0.000000000000000000e+00 0.000000000000000000e+00 1.000000000000000000e+00
3.553818538825866957e-01 0.000000000000000000e+00 0.000000000000000000e+00 1.000000000000000000e+00
8.765384921445018573e-02 0.000000000000000000e+00 0.000000000000000000e+00 1.000000000000000000e+00
0.000000000000000000e+00 0.000000000000000000e+00 7.614768918305525602e-02 1.000000000000000000e+00
0.000000000000000000e+00 0.000000000000000000e+00 3.418074594061450977e-01 1.000000000000000000e+00
0.000000000000000000e+00 0.000000000000000000e+00 6.309943646765603376e-01 1.000000000000000000e+00
0.000000000000000000e+00 0.000000000000000000e+00 9.006991749214161569e-01 1.000000000000000000e+00
6.478627432751515869e-02 1.655538761841304218e-01 1.000000000000000000e+00 1.000000000000000000e+00
3.282870875374003239e-01 5.264321628773545036e-01 1.000000000000000000e+00 1.000000000000000000e+00
6.173258487801724925e-01 8.090169943749453418e-01 1.000000000000000000e+00 1.000000000000000000e+00
8.889153606561271959e-01 9.712810319161124806e-01 1.000000000000000000e+00 1.000000000000000000e+00
1.000000000000000000e+00 9.890916083711470685e-01 9.464265154394160273e-01 1.000000000000000000e+00
1.000000000000000000e+00 8.597998514483736754e-01 6.851746445290535226e-01 1.000000000000000000e+00
1.000000000000000000e+00 6.026346363792542959e-01 3.963827337860830746e-01 1.000000000000000000e+00
1.000000000000000000e+00 2.558427775944349669e-01 1.230012678485314925e-01 1.000000000000000000e+00
9.574868509602917355e-01 0.000000000000000000e+00 0.000000000000000000e+00 1.000000000000000000e+00
6.985731396240323354e-01 0.000000000000000000e+00 0.000000000000000000e+00 1.000000000000000000e+00
4.101267015538395122e-01 0.000000000000000000e+00 0.000000000000000000e+00 1.000000000000000000e+00
1.350466410748608070e-01 0.000000000000000000e+00 0.000000000000000000e+00 1.000000000000000000e+00
0.000000000000000000e+00 0.000000000000000000e+00 3.160904485932281016e-02 1.000000000000000000e+00
0.000000000000000000e+00 0.000000000000000000e+00 2.880961778262487449e-01 1.000000000000000000e+00
0.000000000000000000e+00 0.000000000000000000e+00 5.760986390293205694e-01 1.000000000000000000e+00
0.000000000000000000e+00 0.000000000000000000e+00 8.527833544610842198e-01 1.000000000000000000e+00
2.086489576102878996e-02 9.226835946330597116e-02 1.000000000000000000e+00 1.000000000000000000e+00
2.748378602376837510e-01 4.622038835403149415e-01 1.000000000000000000e+00 1.000000000000000000e+00
5.622979919969746110e-01 7.633982827411029959e-01 1.000000000000000000e+00 1.000000000000000000e+00
8.404928748046558429e-01 9.510565162951529761e-01 1.000000000000000000e+00 1.000000000000000000e+00
1.000000000000000000e+00 9.972691733857883545e-01 9.897156291381120630e-01 1.000000000000000000e+00
1.000000000000000000e+00 8.951632913550650050e-01 7.383435646864324742e-01 1.000000000000000000e+00
1.000000000000000000e+00 6.599245348787179388e-01 4.515239297425641674e-01 1.000000000000000000e+00
1.000000000000000000e+00 3.265387128400793482e-01 1.719138828565792698e-01 1.000000000000000000e+00
1.000000000000000000e+00 0.000000000000000000e+00 0.000000000000000000e+00 1.000000000000000000e+00
7.514435955015432711e-01 0.000000000000000000e+00 0.000000000000000000e+00 1.000000000000000000e+00
4.653624060156946185e-01 0.000000000000000000e+00 0.000000000000000000e+00 1.000000000000000000e+00
1.844326816262644164e-01 0.000000000000000000e+00 0.000000000000000000e+00 1.000000000000000000e+00
0.000000000000000000e+00 0.000000000000000000e+00 0.000000000000000000e+00 1.000000000000000000e+00
0.000000000000000000e+00 0.000000000000000000e+00 2.355422414408481768e-01 1.000000000000000000e+00
0.000000000000000000e+00 0.000000000000000000e+00 5.207872890045581737e-01 1.000000000000000000e+00
0.000000000000000000e+00 0.000000000000000000e+00 8.029407536539210355e-01 1.000000000000000000e+00
0.000000000000000000e+00 1.847890495913031075e-02 1.000000000000000000e+00 1.000000000000000000e+00
2.226183904655238965e-01 3.954512068705410832e-01 1.000000000000000000e+00 1.000000000000000000e+00
5.069298851846674170e-01 7.136101544117497975e-01 1.000000000000000000e+00 1.000000000000000000e+00
7.902107349442569761e-01 9.256376597815542118e-01 1.000000000000000000e+00 1.000000000000000000e+00
1.000000000000000000e+00 1.000000000000000000e+00 1.000000000000000000e+00 1.000000000000000000e+00
1.000000000000000000e+00 9.256376597815572094e-01 7.902107349442625273e-01 1.000000000000000000e+00
1.000000000000000000e+00 7.136101544117504636e-01 5.069298851846655296e-01 1.000000000000000000e+00
1.000000000000000000e+00 3.954512068705387517e-01 2.226183904655221202e-01 1.000000000000000000e+00
1.000000000000000000e+00 1.847890495912773989e-02 0.000000000000000000e+00 1.000000000000000000e+00
8.029407536539217016e-01 0.000000000000000000e+00 0.000000000000000000e+00 1.000000000000000000e+00
5.207872890045642800e-01 0.000000000000000000e+00 0.000000000000000000e+00 1.000000000000000000e+00
2.355422414408513410e-01 0.000000000000000000e+00 0.000000000000000000e+00 1.000000000000000000e+00
0.000000000000000000e+00 0.000000000000000000e+00 0.000000000000000000e+00 1.000000000000000000e+00
0.000000000000000000e+00 0.000000000000000000e+00 1.844326816262589208e-01 1.000000000000000000e+00
0.000000000000000000e+00 0.000000000000000000e+00 4.653624060156912323e-01 1.000000000000000000e+00
0.000000000000000000e+00 0.000000000000000000e+00 7.514435955015476010e-01 1.000000000000000000e+00
0.000000000000000000e+00 0.000000000000000000e+00 1.000000000000000000e+00 1.000000000000000000e+00
1.719138828565809907e-01 3.265387128400817351e-01 1.000000000000000000e+00 1.000000000000000000e+00
4.515239297425661102e-01 6.599245348787226018e-01 1.000000000000000000e+00 1.000000000000000000e+00
7.383435646864241475e-01 8.951632913550613413e-01 1.000000000000000000e+00 1.000000000000000000e+00
9.897156291381055127e-01 9.972691733857877994e-01 1.000000000000000000e+00 1.000000000000000000e+00
1.000000000000000000e+00 9.510565162951554186e-01 8.404928748046636144e-01 1.000000000000000000e+00
1.000000000000000000e+00 7.633982827411013306e-01 5.622979919969753881e-01 1.000000000000000000e+00
1.000000000000000000e+00 4.622038835403095014e-01 2.748378602376844726e-01 1.000000000000000000e+00
1.000000000000000000e+00 9.226835946329986493e-02 2.086489576102729115e-02 1.000000000000000000e+00
8.527833544610825545e-01 0.000000000000000000e+00 0.000000000000000000e+00 1.000000000000000000e+00
5.760986390293292292e-01 0.000000000000000000e+00 0.000000000000000000e+00 1.000000000000000000e+00
2.880961778262546291e-01 0.000000000000000000e+00 0.000000000000000000e+00 1.000000000000000000e+00
3.160904485932758412e-02 0.000000000000000000e+00 0.000000000000000000e+00 1.000000000000000000e+00
0.000000000000000000e+00 0.000000000000000000e+00 1.350466410748532020e-01 1.000000000000000000e+00
0.000000000000000000e+00 0.000000000000000000e+00 4.101267015538335170e-01 1.000000000000000000e+00
0.000000000000000000e+00 0.000000000000000000e+00 6.985731396240342228e-01 1.000000000000000000e+00
0.000000000000000000e+00 0.000000000000000000e+00 9.574868509602934008e-01 1.000000000000000000e+00
1.230012678485354893e-01 2.558427775944340232e-01 1.000000000000000000e+00 1.000000000000000000e+00
3.963827337860876265e-01 6.026346363792562943e-01 1.000000000000000000e+00 1.000000000000000000e+00
6.851746445290476384e-01 8.597998514483713439e-01 1.000000000000000000e+00 1.000000000000000000e+00
9.464265154394111423e-01 9.890916083711454032e-01 1.000000000000000000e+00 1.000000000000000000e+00
1.000000000000000000e+00 9.712810319161152561e-01 8.889153606561324139e-01 1.000000000000000000e+00
1.000000000000000000e+00 8.090169943749458970e-01 6.173258487801706051e-01 1.000000000000000000e+00
1.000000000000000000e+00 5.264321628773522832e-01 3.282870875373984365e-01 1.000000000000000000e+00
1.000000000000000000e+00 1.655538761841278961e-01 6.478627432751138393e-02 1.000000000000000000e+00
9.006991749214167120e-01 0.000000000000000000e+00 0.000000000000000000e+00 1.000000000000000000e+00
6.309943646765611147e-01 0.000000000000000000e+00 0.000000000000000000e+00 1.000000000000000000e+00
3.418074594061484284e-01 0.000000000000000000e+00 0.000000000000000000e+00 1.000000000000000000e+00
7.614768918305808709e-02 0.000000000000000000e+00 0.000000000000000000e+00 1.000000000000000000e+00
0.000000000000000000e+00 0.000000000000000000e+00 8.765384921444513422e-02 1.000000000000000000e+00
0.000000000000000000e+00 0.000000000000000000e+00 3.553818538825820328e-01 1.000000000000000000e+00
0.000000000000000000e+00 0.000000000000000000e+00 6.446181461174149696e-01 1.000000000000000000e+00
0.000000000000000000e+00 0.000000000000000000e+00 9.123461507855512576e-01 1.000000000000000000e+00
7.614768918305669931e-02 1.837495178165704235e-01 1.000000000000000000e+00 1.000000000000000000e+00
3.418074594061468185e-01 5.420533564724476783e-01 1.000000000000000000e+00 1.000000000000000000e+00
6.309943646765567848e-01 8.197404829072199028e-01 1.000000000000000000e+00 1.000000000000000000e+00
9.006991749214130483e-01 9.755119679804357125e-01 1.000000000000000000e+00 1.000000000000000000e+00
1.000000000000000000e+00 9.862007473534035729e-01 9.352137256724900594e-01 1.000000000000000000e+00
1.000000000000000000e+00 8.502171357296118837e-01 6.717129124625981218e-01 1.000000000000000000e+00
1.000000000000000000e+00 5.877852522924712497e-01 3.826741512198245099e-01 1.000000000000000000e+00
1.000000000000000000e+00 2.379351950426167872e-01 1.110846393438702506e-01 1.000000000000000000e+00
9.464265154394145840e-01 0.000000000000000000e+00 0.000000000000000000e+00 1.000000000000000000e+00
6.851746445290505250e-01 0.000000000000000000e+00 0.000000000000000000e+00 1.000000000000000000e+00
3.963827337860905686e-01 0.000000000000000000e+00 0.000000000000000000e+00 1.000000000000000000e+00
1.230012678485380428e-01 0.000000000000000000e+00 0.000000000000000000e+00 1.000000000000000000e+00
0.000000000000000000e+00 0.000000000000000000e+00 4.251314903970426773e-02 1.000000000000000000e+00
0.000000000000000000e+00 0.000000000000000000e+00 3.014268603759628351e-01 1.000000000000000000e+00
0.000000000000000000e+00 0.000000000000000000e+00 5.898732984461647622e-01 1.000000000000000000e+00
0.000000000000000000e+00 0.000000000000000000e+00 8.649533589251430232e-01 1.000000000000000000e+00
3.160904485932525265e-02 1.106526818915009036e-01 1.000000000000000000e+00 1.000000000000000000e+00
2.880961778262530193e-01 4.785115691012848393e-01 1.000000000000000000e+00 1.000000000000000000e+00
5.760986390293250103e-01 7.752039761111284566e-01 1.000000000000000000e+00 1.000000000000000000e+00
8.527833544610786687e-01 9.566044195004396178e-01 1.000000000000000000e+00 1.000000000000000000e+00
1.000000000000000000e+00 9.957341762950350228e-01 9.791351042389739856e-01 1.000000000000000000e+00
1.000000000000000000e+00 8.867736859200598953e-01 7.251621397623114751e-01 1.000000000000000000e+00
1.000000000000000000e+00 6.459280624867849152e-01 4.377020080030197269e-01 1.000000000000000000e+00
1.000000000000000000e+00 3.090169943749463410e-01 1.595071251953391611e-01 1.000000000000000000e+00
9.897156291381081772e-01 0.000000000000000000e+00 0.000000000000000000e+00 1.000000000000000000e+00
7.383435646864269231e-01 0.000000000000000000e+00 0.000000000000000000e+00 1.000000000000000000e+00
4.515239297425691078e-01 0.000000000000000000e+00 0.000000000000000000e+00 1.000000000000000000e+00
1.719138828565830446e-01 0.000000000000000000e+00 0.000000000000000000e+00 1.000000000000000000e+00
0.000000000000000000e+00 0.000000000000000000e+00 0.000000000000000000e+00 1.000000000000000000e+00
0.000000000000000000e+00 0.000000000000000000e+00 2.485564044984498455e-01 1.000000000000000000e+00
0.000000000000000000e+00 0.000000000000000000e+00 5.346375939843066583e-01 1.000000000000000000e+00
0.000000000000000000e+00 0.000000000000000000e+00 8.155673183737374154e-01 1.000000000000000000e+00
0.000000000000000000e+00 3.695149938914490950e-02 1.000000000000000000e+00 1.000000000000000000e+00
2.355422414408494536e-01 4.123563174739021120e-01 1.000000000000000000e+00 1.000000000000000000e+00
5.207872890045602832e-01 7.264335740162223276e-01 1.000000000000000000e+00 1.000000000000000000e+00
8.029407536539183710e-01 9.324722294043542581e-01 1.000000000000000000e+00 1.000000000000000000e+00
1.000000000000000000e+00 9.998292504580528206e-01 1.000000000000000000e+00 1.000000000000000000e+00
1.000000000000000000e+00 9.184869857459213582e-01 7.773816095344738830e-01 1.000000000000000000e+00
1.000000000000000000e+00 7.005430375932889531e-01 4.930701148153298075e-01 1.000000000000000000e+00
1.000000000000000000e+00 3.784110500423090162e-01 2.097892650557400818e-01 1.000000000000000000e+00
1.000000000000000000e+00 0.000000000000000000e+00 0.000000000000000000e+00 1.000000000000000000e+00
