1.000000000000000000e+00 0.000000000000000000e+00 1.600000000000000033e-01 1.000000000000000000e+00
1.000000000000000000e+00 0.000000000000000000e+00 1.390849673202614323e-01 1.000000000000000000e+00
1.000000000000000000e+00 0.000000000000000000e+00 1.181699346405228751e-01 1.000000000000000000e+00
1.000000000000000000e+00 0.000000000000000000e+00 9.725490196078430405e-02 1.000000000000000000e+00
1.000000000000000000e+00 0.000000000000000000e+00 7.633986928104574687e-02 1.000000000000000000e+00
1.000000000000000000e+00 0.000000000000000000e+00 5.542483660130718970e-02 1.000000000000000000e+00
1.000000000000000000e+00 0.000000000000000000e+00 3.450980392156860477e-02 1.000000000000000000e+00
1.000000000000000000e+00 0.000000000000000000e+00 1.359477124183006147e-02 1.000000000000000000e+00
1.000000000000000000e+00 7.419183889772136380e-03 0.000000000000000000e+00 1.000000000000000000e+00
1.000000000000000000e+00 2.861685214626392276e-02 0.000000000000000000e+00 1.000000000000000000e+00
1.000000000000000000e+00 4.981452040275571175e-02 0.000000000000000000e+00 1.000000000000000000e+00
1.000000000000000000e+00 7.101218865924749379e-02 0.000000000000000000e+00 1.000000000000000000e+00
1.000000000000000000e+00 9.220985691573928278e-02 0.000000000000000000e+00 1.000000000000000000e+00
1.000000000000000000e+00 1.134075251722310718e-01 0.000000000000000000e+00 1.000000000000000000e+00
1.000000000000000000e+00 1.346051934287228469e-01 0.000000000000000000e+00 1.000000000000000000e+00
1.000000000000000000e+00 1.558028616852146497e-01 0.000000000000000000e+00 1.000000000000000000e+00
1.000000000000000000e+00 1.770005299417064526e-01 0.000000000000000000e+00 1.000000000000000000e+00
1.000000000000000000e+00 1.981981981981982277e-01 0.000000000000000000e+00 1.000000000000000000e+00
1.000000000000000000e+00 2.193958664546900306e-01 0.000000000000000000e+00 1.000000000000000000e+00
1.000000000000000000e+00 2.405935347111818057e-01 0.000000000000000000e+00 1.000000000000000000e+00
1.000000000000000000e+00 2.617912029676736085e-01 0.000000000000000000e+00 1.000000000000000000e+00
1.000000000000000000e+00 2.829888712241653836e-01 0.000000000000000000e+00 1.000000000000000000e+00
1.000000000000000000e+00 3.041865394806571588e-01 0.000000000000000000e+00 1.000000000000000000e+00
1.000000000000000000e+00 3.253842077371489894e-01 0.000000000000000000e+00 1.000000000000000000e+00
1.000000000000000000e+00 3.465818759936407645e-01 0.000000000000000000e+00 1.000000000000000000e+00
1.000000000000000000e+00 3.677795442501325396e-01 0.000000000000000000e+00 1.000000000000000000e+00
1.000000000000000000e+00 3.889772125066243147e-01 0.000000000000000000e+00 1.000000000000000000e+00
1.000000000000000000e+00 4.101748807631160898e-01 0.000000000000000000e+00 1.000000000000000000e+00
1.000000000000000000e+00 4.313725490196079204e-01 0.000000000000000000e+00 1.000000000000000000e+00
1.000000000000000000e+00 4.525702172760996955e-01 0.000000000000000000e+00 1.000000000000000000e+00
1.000000000000000000e+00 4.737678855325914706e-01 0.000000000000000000e+00 1.000000000000000000e+00
1.000000000000000000e+00 4.949655537890832457e-01 0.000000000000000000e+00 1.000000000000000000e+00
1.000000000000000000e+00 5.161632220455750764e-01 0.000000000000000000e+00 1.000000000000000000e+00
1.000000000000000000e+00 5.373608903020666849e-01 0.000000000000000000e+00 1.000000000000000000e+00
1.000000000000000000e+00 5.585585585585586266e-01 0.000000000000000000e+00 1.000000000000000000e+00
1.000000000000000000e+00 5.797562268150504572e-01 0.000000000000000000e+00 1.000000000000000000e+00
1.000000000000000000e+00 6.009538950715421768e-01 0.000000000000000000e+00 1.000000000000000000e+00
1.000000000000000000e+00 6.221515633280337854e-01 0.000000000000000000e+00 1.000000000000000000e+00
1.000000000000000000e+00 6.433492315845257270e-01 0.000000000000000000e+00 1.000000000000000000e+00
1.000000000000000000e+00 6.645468998410175576e-01 0.000000000000000000e+00 1.000000000000000000e+00
1.000000000000000000e+00 6.857445680975093882e-01 0.000000000000000000e+00 1.000000000000000000e+00
1.000000000000000000e+00 7.069422363540009968e-01 0.000000000000000000e+00 1.000000000000000000e+00
1.000000000000000000e+00 7.281399046104929385e-01 0.000000000000000000e+00 1.000000000000000000e+00
1.000000000000000000e+00 7.493375728669846580e-01 0.000000000000000000e+00 1.000000000000000000e+00
1.000000000000000000e+00 7.705352411234764887e-01 0.000000000000000000e+00 1.000000000000000000e+00
1.000000000000000000e+00 7.917329093799680972e-01 0.000000000000000000e+00 1.000000000000000000e+00
1.000000000000000000e+00 8.129305776364600389e-01 0.000000000000000000e+00 1.000000000000000000e+00
1.000000000000000000e+00 8.341282458929518695e-01 0.000000000000000000e+00 1.000000000000000000e+00
1.000000000000000000e+00 8.553259141494435891e-01 0.000000000000000000e+00 1.000000000000000000e+00
1.000000000000000000e+00 8.765235824059353087e-01 0.000000000000000000e+00 1.000000000000000000e+00
1.000000000000000000e+00 8.977212506624272503e-01 0.000000000000000000e+00 1.000000000000000000e+00
1.000000000000000000e+00 9.189189189189189699e-01 0.000000000000000000e+00 1.000000000000000000e+00
1.000000000000000000e+00 9.401165871754108005e-01 0.000000000000000000e+00 1.000000000000000000e+00
1.000000000000000000e+00 9.613142554319024091e-01 0.000000000000000000e+00 1.000000000000000000e+00
1.000000000000000000e+00 9.825119236883943508e-01 0.000000000000000000e+00 1.000000000000000000e+00
9.962904080551138186e-01 1.000000000000000000e+00 0.000000000000000000e+00 1.000000000000000000e+00
9.750927397986220990e-01 1.000000000000000000e+00 0.000000000000000000e+00 1.000000000000000000e+00
9.538950715421303794e-01 1.000000000000000000e+00 0.000000000000000000e+00 1.000000000000000000e+00
9.326974032856385488e-01 1.000000000000000000e+00 0.000000000000000000e+00 1.000000000000000000e+00
9.114997350291467182e-01 1.000000000000000000e+00 0.000000000000000000e+00 1.000000000000000000e+00
8.903020667726548876e-01 1.000000000000000000e+00 0.000000000000000000e+00 1.000000000000000000e+00
8.691043985161632790e-01 1.000000000000000000e+00 0.000000000000000000e+00 1.000000000000000000e+00
8.479067302596713374e-01 1.000000000000000000e+00 0.000000000000000000e+00 1.000000000000000000e+00
8.267090620031796178e-01 1.000000000000000000e+00 0.000000000000000000e+00 1.000000000000000000e+00
8.055113937466877871e-01 1.000000000000000000e+00 0.000000000000000000e+00 1.000000000000000000e+00
7.843137254901959565e-01 1.000000000000000000e+00 0.000000000000000000e+00 1.000000000000000000e+00
7.631160572337045700e-01 1.000000000000000000e+00 0.000000000000000000e+00 1.000000000000000000e+00
7.419183889772125173e-01 1.000000000000000000e+00 0.000000000000000000e+00 1.000000000000000000e+00
7.207207207207206867e-01 1.000000000000000000e+00 0.000000000000000000e+00 1.000000000000000000e+00
6.995230524642288561e-01 1.000000000000000000e+00 0.000000000000000000e+00 1.000000000000000000e+00
6.783253842077370255e-01 1.000000000000000000e+00 0.000000000000000000e+00 1.000000000000000000e+00
6.571277159512453059e-01 1.000000000000000000e+00 0.000000000000000000e+00 1.000000000000000000e+00
6.359300476947535863e-01 1.000000000000000000e+00 0.000000000000000000e+00 1.000000000000000000e+00
6.147323794382617557e-01 1.000000000000000000e+00 0.000000000000000000e+00 1.000000000000000000e+00
5.935347111817702581e-01 1.000000000000000000e+00 0.000000000000000000e+00 1.000000000000000000e+00
5.723370429252780944e-01 1.000000000000000000e+00 0.000000000000000000e+00 1.000000000000000000e+00
5.511393746687863748e-01 1.000000000000000000e+00 0.000000000000000000e+00 1.000000000000000000e+00
5.299417064122946552e-01 1.000000000000000000e+00 0.000000000000000000e+00 1.000000000000000000e+00
5.087440381558028246e-01 1.000000000000000000e+00 0.000000000000000000e+00 1.000000000000000000e+00
4.875463698993109940e-01 1.000000000000000000e+00 0.000000000000000000e+00 1.000000000000000000e+00
4.663487016428192744e-01 1.000000000000000000e+00 0.000000000000000000e+00 1.000000000000000000e+00
4.451510333863274438e-01 1.000000000000000000e+00 0.000000000000000000e+00 1.000000000000000000e+00
4.239533651298359462e-01 1.000000000000000000e+00 0.000000000000000000e+00 1.000000000000000000e+00
4.027556968733438936e-01 1.000000000000000000e+00 0.000000000000000000e+00 1.000000000000000000e+00
3.815580286168520630e-01 1.000000000000000000e+00 0.000000000000000000e+00 1.000000000000000000e+00
3.603603603603603434e-01 1.000000000000000000e+00 0.000000000000000000e+00 1.000000000000000000e+00
3.391626921038685127e-01 1.000000000000000000e+00 0.000000000000000000e+00 1.000000000000000000e+00
3.179650238473767931e-01 1.000000000000000000e+00 0.000000000000000000e+00 1.000000000000000000e+00
2.967673555908849625e-01 1.000000000000000000e+00 0.000000000000000000e+00 1.000000000000000000e+00
2.755696873343932429e-01 1.000000000000000000e+00 0.000000000000000000e+00 1.000000000000000000e+00
2.543720190779017454e-01 1.000000000000000000e+00 0.000000000000000000e+00 1.000000000000000000e+00
2.331743508214095817e-01 1.000000000000000000e+00 0.000000000000000000e+00 1.000000000000000000e+00
2.119766825649178621e-01 1.000000000000000000e+00 0.000000000000000000e+00 1.000000000000000000e+00
1.907790143084260315e-01 1.000000000000000000e+00 0.000000000000000000e+00 1.000000000000000000e+00
1.695813460519343119e-01 1.000000000000000000e+00 0.000000000000000000e+00 1.000000000000000000e+00
1.483836777954424813e-01 1.000000000000000000e+00 0.000000000000000000e+00 1.000000000000000000e+00
1.271860095389506506e-01 1.000000000000000000e+00 0.000000000000000000e+00 1.000000000000000000e+00
1.059883412824589310e-01 1.000000000000000000e+00 0.000000000000000000e+00 1.000000000000000000e+00
8.479067302596743350e-02 1.000000000000000000e+00 0.000000000000000000e+00 1.000000000000000000e+00
6.359300476947538083e-02 1.000000000000000000e+00 0.000000000000000000e+00 1.000000000000000000e+00
4.239533651298355021e-02 1.000000000000000000e+00 0.000000000000000000e+00 1.000000000000000000e+00
2.119766825649183062e-02 1.000000000000000000e+00 0.000000000000000000e+00 1.000000000000000000e+00
0.000000000000000000e+00 1.000000000000000000e+00 0.000000000000000000e+00 1.000000000000000000e+00
0.000000000000000000e+00 1.000000000000000000e+00 2.108370229812355987e-02 1.000000000000000000e+00
0.000000000000000000e+00 1.000000000000000000e+00 4.216740459624711973e-02 1.000000000000000000e+00
0.000000000000000000e+00 1.000000000000000000e+00 6.325110689437067613e-02 1.000000000000000000e+00
0.000000000000000000e+00 1.000000000000000000e+00 8.433480919249393415e-02 1.000000000000000000e+00
0.000000000000000000e+00 1.000000000000000000e+00 1.054185114906178028e-01 1.000000000000000000e+00
0.000000000000000000e+00 1.000000000000000000e+00 1.265022137887413523e-01 1.000000000000000000e+00
0.000000000000000000e+00 1.000000000000000000e+00 1.475859160868649156e-01 1.000000000000000000e+00
0.000000000000000000e+00 1.000000000000000000e+00 1.686696183849884789e-01 1.000000000000000000e+00
0.000000000000000000e+00 1.000000000000000000e+00 1.897533206831120423e-01 1.000000000000000000e+00
0.000000000000000000e+00 1.000000000000000000e+00 2.108370229812356056e-01 1.000000000000000000e+00
0.000000000000000000e+00 1.000000000000000000e+00 2.319207252793591689e-01 1.000000000000000000e+00
0.000000000000000000e+00 1.000000000000000000e+00 2.530044275774824269e-01 1.000000000000000000e+00
0.000000000000000000e+00 1.000000000000000000e+00 2.740881298756062678e-01 1.000000000000000000e+00
0.000000000000000000e+00 1.000000000000000000e+00 2.951718321737298312e-01 1.000000000000000000e+00
0.000000000000000000e+00 1.000000000000000000e+00 3.162555344718533945e-01 1.000000000000000000e+00
0.000000000000000000e+00 1.000000000000000000e+00 3.373392367699769578e-01 1.000000000000000000e+00
0.000000000000000000e+00 1.000000000000000000e+00 3.584229390681005212e-01 1.000000000000000000e+00
0.000000000000000000e+00 1.000000000000000000e+00 3.795066413662240845e-01 1.000000000000000000e+00
0.000000000000000000e+00 1.000000000000000000e+00 4.005903436643476478e-01 1.000000000000000000e+00
0.000000000000000000e+00 1.000000000000000000e+00 4.216740459624708781e-01 1.000000000000000000e+00
0.000000000000000000e+00 1.000000000000000000e+00 4.427577482605947745e-01 1.000000000000000000e+00
0.000000000000000000e+00 1.000000000000000000e+00 4.638414505587183378e-01 1.000000000000000000e+00
0.000000000000000000e+00 1.000000000000000000e+00 4.849251528568419012e-01 1.000000000000000000e+00
0.000000000000000000e+00 1.000000000000000000e+00 5.060088551549654090e-01 1.000000000000000000e+00
0.000000000000000000e+00 1.000000000000000000e+00 5.481762597512125357e-01 1.000000000000000000e+00
0.000000000000000000e+00 1.000000000000000000e+00 5.692599620493361545e-01 1.000000000000000000e+00
0.000000000000000000e+00 1.000000000000000000e+00 5.903436643474596623e-01 1.000000000000000000e+00
0.000000000000000000e+00 1.000000000000000000e+00 6.114273666455832812e-01 1.000000000000000000e+00
0.000000000000000000e+00 1.000000000000000000e+00 6.325110689437062339e-01 1.000000000000000000e+00
0.000000000000000000e+00 1.000000000000000000e+00 6.535947712418304079e-01 1.000000000000000000e+00
0.000000000000000000e+00 1.000000000000000000e+00 6.746784735399539157e-01 1.000000000000000000e+00
0.000000000000000000e+00 1.000000000000000000e+00 6.957621758380775345e-01 1.000000000000000000e+00
0.000000000000000000e+00 1.000000000000000000e+00 7.168458781362010424e-01 1.000000000000000000e+00
0.000000000000000000e+00 1.000000000000000000e+00 7.379295804343245502e-01 1.000000000000000000e+00
0.000000000000000000e+00 1.000000000000000000e+00 7.590132827324481690e-01 1.000000000000000000e+00
0.000000000000000000e+00 1.000000000000000000e+00 7.800969850305716768e-01 1.000000000000000000e+00
0.000000000000000000e+00 1.000000000000000000e+00 8.011806873286952957e-01 1.000000000000000000e+00
0.000000000000000000e+00 1.000000000000000000e+00 8.222643896268188035e-01 1.000000000000000000e+00
0.000000000000000000e+00 1.000000000000000000e+00 8.433480919249424224e-01 1.000000000000000000e+00
0.000000000000000000e+00 1.000000000000000000e+00 8.644317942230659302e-01 1.000000000000000000e+00
0.000000000000000000e+00 1.000000000000000000e+00 8.855154965211895490e-01 1.000000000000000000e+00
0.000000000000000000e+00 1.000000000000000000e+00 9.065991988193130569e-01 1.000000000000000000e+00
0.000000000000000000e+00 1.000000000000000000e+00 9.276829011174366757e-01 1.000000000000000000e+00
0.000000000000000000e+00 1.000000000000000000e+00 9.487666034155601835e-01 1.000000000000000000e+00
0.000000000000000000e+00 1.000000000000000000e+00 9.698503057136831362e-01 1.000000000000000000e+00
0.000000000000000000e+00 1.000000000000000000e+00 9.909340080118073102e-01 1.000000000000000000e+00
0.000000000000000000e+00 9.878516624040916128e-01 1.000000000000000000e+00 1.000000000000000000e+00
0.000000000000000000e+00 9.665387894288145487e-01 1.000000000000000000e+00 1.000000000000000000e+00
0.000000000000000000e+00 9.452259164535374847e-01 1.000000000000000000e+00 1.000000000000000000e+00
0.000000000000000000e+00 9.239130434782604206e-01 1.000000000000000000e+00 1.000000000000000000e+00
0.000000000000000000e+00 9.026001705029833566e-01 1.000000000000000000e+00 1.000000000000000000e+00
0.000000000000000000e+00 8.812872975277062926e-01 1.000000000000000000e+00 1.000000000000000000e+00
0.000000000000000000e+00 8.599744245524292285e-01 1.000000000000000000e+00 1.000000000000000000e+00
0.000000000000000000e+00 8.386615515771521645e-01 1.000000000000000000e+00 1.000000000000000000e+00
0.000000000000000000e+00 8.173486786018751005e-01 1.000000000000000000e+00 1.000000000000000000e+00
0.000000000000000000e+00 7.960358056265980364e-01 1.000000000000000000e+00 1.000000000000000000e+00
0.000000000000000000e+00 7.747229326513209724e-01 1.000000000000000000e+00 1.000000000000000000e+00
0.000000000000000000e+00 7.534100596760440194e-01 1.000000000000000000e+00 1.000000000000000000e+00
0.000000000000000000e+00 7.320971867007668443e-01 1.000000000000000000e+00 1.000000000000000000e+00
0.000000000000000000e+00 7.107843137254898913e-01 1.000000000000000000e+00 1.000000000000000000e+00
0.000000000000000000e+00 6.894714407502133824e-01 1.000000000000000000e+00 1.000000000000000000e+00
0.000000000000000000e+00 6.681585677749357632e-01 1.000000000000000000e+00 1.000000000000000000e+00
0.000000000000000000e+00 6.468456947996585882e-01 1.000000000000000000e+00 1.000000000000000000e+00
0.000000000000000000e+00 6.255328218243816352e-01 1.000000000000000000e+00 1.000000000000000000e+00
0.000000000000000000e+00 6.042199488491044601e-01 1.000000000000000000e+00 1.000000000000000000e+00
0.000000000000000000e+00 5.829070758738275071e-01 1.000000000000000000e+00 1.000000000000000000e+00
0.000000000000000000e+00 5.615942028985503320e-01 1.000000000000000000e+00 1.000000000000000000e+00
0.000000000000000000e+00 5.402813299232733790e-01 1.000000000000000000e+00 1.000000000000000000e+00
0.000000000000000000e+00 5.189684569479963150e-01 1.000000000000000000e+00 1.000000000000000000e+00
0.000000000000000000e+00 4.976555839727192510e-01 1.000000000000000000e+00 1.000000000000000000e+00
0.000000000000000000e+00 4.763427109974421869e-01 1.000000000000000000e+00 1.000000000000000000e+00
0.000000000000000000e+00 4.550298380221651229e-01 1.000000000000000000e+00 1.000000000000000000e+00
0.000000000000000000e+00 4.337169650468880588e-01 1.000000000000000000e+00 1.000000000000000000e+00
0.000000000000000000e+00 4.124040920716109948e-01 1.000000000000000000e+00 1.000000000000000000e+00
0.000000000000000000e+00 3.910912190963339308e-01 1.000000000000000000e+00 1.000000000000000000e+00
0.000000000000000000e+00 3.697783461210568667e-01 1.000000000000000000e+00 1.000000000000000000e+00
0.000000000000000000e+00 3.484654731457804688e-01 1.000000000000000000e+00 1.000000000000000000e+00
0.000000000000000000e+00 3.271526001705027387e-01 1.000000000000000000e+00 1.000000000000000000e+00
0.000000000000000000e+00 3.058397271952256746e-01 1.000000000000000000e+00 1.000000000000000000e+00
0.000000000000000000e+00 2.845268542199486106e-01 1.000000000000000000e+00 1.000000000000000000e+00
0.000000000000000000e+00 2.632139812446715466e-01 1.000000000000000000e+00 1.000000000000000000e+00
0.000000000000000000e+00 2.419011082693944825e-01 1.000000000000000000e+00 1.000000000000000000e+00
0.000000000000000000e+00 2.205882352941174185e-01 1.000000000000000000e+00 1.000000000000000000e+00
0.000000000000000000e+00 1.992753623188403544e-01 1.000000000000000000e+00 1.000000000000000000e+00
0.000000000000000000e+00 1.779624893435632904e-01 1.000000000000000000e+00 1.000000000000000000e+00
0.000000000000000000e+00 1.566496163682862264e-01 1.000000000000000000e+00 1.000000000000000000e+00
0.000000000000000000e+00 1.353367433930091623e-01 1.000000000000000000e+00 1.000000000000000000e+00
0.000000000000000000e+00 1.140238704177320983e-01 1.000000000000000000e+00 1.000000000000000000e+00
0.000000000000000000e+00 9.271099744245514529e-02 1.000000000000000000e+00 1.000000000000000000e+00
0.000000000000000000e+00 7.139812446717808125e-02 1.000000000000000000e+00 1.000000000000000000e+00
0.000000000000000000e+00 5.008525149190101722e-02 1.000000000000000000e+00 1.000000000000000000e+00
0.000000000000000000e+00 2.877237851662395318e-02 1.000000000000000000e+00 1.000000000000000000e+00
0.000000000000000000e+00 7.459505541347444257e-03 1.000000000000000000e+00 1.000000000000000000e+00
1.385336743393021826e-02 0.000000000000000000e+00 1.000000000000000000e+00 1.000000000000000000e+00
3.516624040920729444e-02 0.000000000000000000e+00 1.000000000000000000e+00 1.000000000000000000e+00
5.647911338448436541e-02 0.000000000000000000e+00 1.000000000000000000e+00 1.000000000000000000e+00
7.779198635976143639e-02 0.000000000000000000e+00 1.000000000000000000e+00 1.000000000000000000e+00
9.910485933503851430e-02 0.000000000000000000e+00 1.000000000000000000e+00 1.000000000000000000e+00
1.204177323103155783e-01 0.000000000000000000e+00 1.000000000000000000e+00 1.000000000000000000e+00
1.417306052855926701e-01 0.000000000000000000e+00 1.000000000000000000e+00 1.000000000000000000e+00
1.630434782608697342e-01 0.000000000000000000e+00 1.000000000000000000e+00 1.000000000000000000e+00
1.843563512361467982e-01 0.000000000000000000e+00 1.000000000000000000e+00 1.000000000000000000e+00
2.056692242114238622e-01 0.000000000000000000e+00 1.000000000000000000e+00 1.000000000000000000e+00
2.269820971867009540e-01 0.000000000000000000e+00 1.000000000000000000e+00 1.000000000000000000e+00
2.482949701619780181e-01 0.000000000000000000e+00 1.000000000000000000e+00 1.000000000000000000e+00
2.696078431372551099e-01 0.000000000000000000e+00 1.000000000000000000e+00 1.000000000000000000e+00
2.909207161125321739e-01 0.000000000000000000e+00 1.000000000000000000e+00 1.000000000000000000e+00
3.122335890878092379e-01 0.000000000000000000e+00 1.000000000000000000e+00 1.000000000000000000e+00
3.335464620630856913e-01 0.000000000000000000e+00 1.000000000000000000e+00 1.000000000000000000e+00
3.548593350383633660e-01 0.000000000000000000e+00 1.000000000000000000e+00 1.000000000000000000e+00
3.761722080136404855e-01 0.000000000000000000e+00 1.000000000000000000e+00 1.000000000000000000e+00
3.974850809889175496e-01 0.000000000000000000e+00 1.000000000000000000e+00 1.000000000000000000e+00
4.187979539641946136e-01 0.000000000000000000e+00 1.000000000000000000e+00 1.000000000000000000e+00
4.401108269394716777e-01 0.000000000000000000e+00 1.000000000000000000e+00 1.000000000000000000e+00
4.614236999147487417e-01 0.000000000000000000e+00 1.000000000000000000e+00 1.000000000000000000e+00
4.827365728900258057e-01 0.000000000000000000e+00 1.000000000000000000e+00 1.000000000000000000e+00
5.040494458653028698e-01 0.000000000000000000e+00 1.000000000000000000e+00 1.000000000000000000e+00
5.253623188405799338e-01 0.000000000000000000e+00 1.000000000000000000e+00 1.000000000000000000e+00
5.466751918158569978e-01 0.000000000000000000e+00 1.000000000000000000e+00 1.000000000000000000e+00
5.679880647911340619e-01 0.000000000000000000e+00 1.000000000000000000e+00 1.000000000000000000e+00
5.893009377664112369e-01 0.000000000000000000e+00 1.000000000000000000e+00 1.000000000000000000e+00
6.106138107416883010e-01 0.000000000000000000e+00 1.000000000000000000e+00 1.000000000000000000e+00
6.319266837169653650e-01 0.000000000000000000e+00 1.000000000000000000e+00 1.000000000000000000e+00
6.532395566922424290e-01 0.000000000000000000e+00 1.000000000000000000e+00 1.000000000000000000e+00
6.745524296675188269e-01 0.000000000000000000e+00 1.000000000000000000e+00 1.000000000000000000e+00
6.958653026427965571e-01 0.000000000000000000e+00 1.000000000000000000e+00 1.000000000000000000e+00
7.171781756180736211e-01 0.000000000000000000e+00 1.000000000000000000e+00 1.000000000000000000e+00
7.384910485933506852e-01 0.000000000000000000e+00 1.000000000000000000e+00 1.000000000000000000e+00
7.598039215686277492e-01 0.000000000000000000e+00 1.000000000000000000e+00 1.000000000000000000e+00
7.811167945439048133e-01 0.000000000000000000e+00 1.000000000000000000e+00 1.000000000000000000e+00
8.024296675191818773e-01 0.000000000000000000e+00 1.000000000000000000e+00 1.000000000000000000e+00
8.237425404944589413e-01 0.000000000000000000e+00 1.000000000000000000e+00 1.000000000000000000e+00
8.450554134697361164e-01 0.000000000000000000e+00 1.000000000000000000e+00 1.000000000000000000e+00
8.663682864450131804e-01 0.000000000000000000e+00 1.000000000000000000e+00 1.000000000000000000e+00
8.876811594202902445e-01 0.000000000000000000e+00 1.000000000000000000e+00 1.000000000000000000e+00
9.089940323955673085e-01 0.000000000000000000e+00 1.000000000000000000e+00 1.000000000000000000e+00
9.303069053708443725e-01 0.000000000000000000e+00 1.000000000000000000e+00 1.000000000000000000e+00
9.516197783461214366e-01 0.000000000000000000e+00 1.000000000000000000e+00 1.000000000000000000e+00
9.729326513213985006e-01 0.000000000000000000e+00 1.000000000000000000e+00 1.000000000000000000e+00
9.942455242966755646e-01 0.000000000000000000e+00 1.000000000000000000e+00 1.000000000000000000e+00
1.000000000000000000e+00 0.000000000000000000e+00 9.844416027280480375e-01 1.000000000000000000e+00
1.000000000000000000e+00 0.000000000000000000e+00 9.631287297527703073e-01 1.000000000000000000e+00
1.000000000000000000e+00 0.000000000000000000e+00 9.418158567774933543e-01 1.000000000000000000e+00
1.000000000000000000e+00 0.000000000000000000e+00 9.205029838022162902e-01 1.000000000000000000e+00
1.000000000000000000e+00 0.000000000000000000e+00 8.991901108269392262e-01 1.000000000000000000e+00
1.000000000000000000e+00 0.000000000000000000e+00 8.778772378516621622e-01 1.000000000000000000e+00
1.000000000000000000e+00 0.000000000000000000e+00 8.565643648763852092e-01 1.000000000000000000e+00
1.000000000000000000e+00 0.000000000000000000e+00 8.352514919011081451e-01 1.000000000000000000e+00
1.000000000000000000e+00 0.000000000000000000e+00 8.139386189258310811e-01 1.000000000000000000e+00
1.000000000000000000e+00 0.000000000000000000e+00 7.926257459505541281e-01 1.000000000000000000e+00
1.000000000000000000e+00 0.000000000000000000e+00 7.713128729752770640e-01 1.000000000000000000e+00
1.000000000000000000e+00 0.000000000000000000e+00 7.500000000000000000e-01 1.000000000000000000e+00
