0.000000000000000000e+00 0.000000000000000000e+00 0.000000000000000000e+00 1.000000000000000000e+00
2.613453313336666032e-03 0.000000000000000000e+00 1.686920060331824900e-01 1.000000000000000000e+00
5.226906626673332064e-03 0.000000000000000000e+00 2.216635612620682927e-01 1.000000000000000000e+00
7.840359940009998529e-03 0.000000000000000000e+00 2.638054941773663731e-01 1.000000000000000000e+00
1.045381325334666413e-02 0.000000000000000000e+00 3.059474270926644812e-01 1.000000000000000000e+00
1.306726656668333146e-02 0.000000000000000000e+00 3.480893600079625894e-01 1.000000000000000000e+00
1.568071988001999706e-02 0.000000000000000000e+00 3.902312929232606420e-01 1.000000000000000000e+00
1.829417319335666092e-02 0.000000000000000000e+00 4.323732258385587501e-01 1.000000000000000000e+00
2.090762650669332826e-02 8.907333285683651999e-03 4.547451483157365915e-01 1.000000000000000000e+00
2.352107982002999559e-02 1.792741762561646593e-02 4.556059057886102659e-01 1.000000000000000000e+00
2.613453313336666292e-02 2.694750196554928159e-02 4.563167877509569648e-01 1.000000000000000000e+00
2.874798644670333025e-02 3.596758630548209379e-02 4.570276697133036636e-01 1.000000000000000000e+00
3.136143976003999412e-02 4.498767064541490945e-02 4.577385516756503625e-01 1.000000000000000000e+00
3.397489307337666492e-02 5.400775498534772512e-02 4.584494336379970614e-01 1.000000000000000000e+00
3.658834638671332185e-02 6.302783932528054078e-02 4.591603156003437602e-01 1.000000000000000000e+00
3.920179970004999265e-02 7.204792366521335645e-02 4.598711975626904591e-01 1.000000000000000000e+00
4.181525301338665651e-02 8.106800800514617211e-02 4.605820795250371025e-01 1.000000000000000000e+00
4.442870632672332731e-02 9.008809234507898778e-02 4.612929614873838013e-01 1.000000000000000000e+00
4.704215964005999118e-02 9.910817668501178956e-02 4.620038434497305002e-01 1.000000000000000000e+00
4.965561295339665504e-02 1.081282610249446191e-01 4.627147254120771991e-01 1.000000000000000000e+00
5.226906626673332584e-02 1.171483453648774209e-01 4.634256073744238980e-01 1.000000000000000000e+00
5.488251958006998277e-02 1.261684297048102366e-01 4.641364893367705968e-01 1.000000000000000000e+00
5.749597289340666051e-02 1.351885140447430522e-01 4.648473712991172957e-01 1.000000000000000000e+00
6.010942620674331743e-02 1.442085983846758679e-01 4.655582532614639391e-01 1.000000000000000000e+00
6.272287952007998824e-02 1.532286827246086836e-01 4.662691352238106379e-01 1.000000000000000000e+00
6.533633283341665210e-02 1.622487670645414992e-01 4.669800171861573368e-01 1.000000000000000000e+00
6.794978614675332984e-02 1.712688514044743149e-01 4.676908991485040357e-01 1.000000000000000000e+00
7.056323946008997983e-02 1.802889357444071305e-01 4.684017811108507345e-01 1.000000000000000000e+00
7.317669277342664369e-02 1.893081574341940743e-01 4.691126630731974334e-01 1.000000000000000000e+00
7.579014608676332143e-02 1.974655916282724299e-01 4.698235450355440768e-01 1.000000000000000000e+00
7.840359940009998529e-02 2.056230258223508134e-01 4.705344269978907756e-01 1.000000000000000000e+00
8.101705271343664916e-02 2.137804600164291691e-01 4.712453089602374745e-01 1.000000000000000000e+00
8.363050602677331302e-02 2.219378942105075248e-01 4.719561909225841734e-01 1.000000000000000000e+00
8.624395934010996301e-02 2.300953284045858249e-01 4.726670728849308722e-01 1.000000000000000000e+00
8.885741265344665463e-02 2.382527625986642361e-01 4.733779548472775711e-01 1.000000000000000000e+00
9.147086596678331849e-02 2.464101967927425918e-01 4.740888368096242700e-01 1.000000000000000000e+00
9.408431928011998235e-02 2.545676309868209475e-01 4.747997187719709133e-01 1.000000000000000000e+00
9.669777259345661846e-02 2.627250651808992199e-01 4.755106007343176122e-01 1.000000000000000000e+00
9.931122590679331008e-02 2.708824993749776588e-01 4.762214826966643111e-01 1.000000000000000000e+00
1.019246792201299878e-01 2.790399335690560423e-01 4.769323646590110100e-01 1.000000000000000000e+00
1.045381325334666517e-01 2.871973677631344257e-01 4.776432466213577088e-01 1.000000000000000000e+00
1.071515858468032878e-01 2.953548019572126981e-01 4.783541285837044077e-01 1.000000000000000000e+00
1.097650391601399655e-01 3.035110004094445091e-01 4.790650105460511066e-01 1.000000000000000000e+00
1.123784924734766572e-01 3.108446067057913376e-01 4.797758925083977499e-01 1.000000000000000000e+00
1.149919457868133210e-01 3.181782130021382216e-01 4.804867744707444488e-01 1.000000000000000000e+00
1.176053991001499571e-01 3.255118192984849945e-01 4.811976564330911477e-01 1.000000000000000000e+00
1.202188524134866349e-01 3.328454255948318785e-01 4.819085383954378465e-01 1.000000000000000000e+00
1.228323057268232987e-01 3.401790318911787070e-01 4.826194203577845454e-01 1.000000000000000000e+00
1.254457590401599765e-01 3.475126381875255910e-01 4.833303023201312443e-01 1.000000000000000000e+00
1.280592123534966265e-01 3.548462444838723640e-01 4.840411842824778876e-01 1.000000000000000000e+00
1.306726656668333042e-01 3.621798507802192479e-01 4.847520662448245865e-01 1.000000000000000000e+00
1.332861189801699542e-01 3.695134570765661319e-01 4.854629482071712854e-01 1.000000000000000000e+00
1.358995722935066597e-01 3.768470633729129604e-01 4.861738301695179842e-01 1.000000000000000000e+00
1.385130256068432819e-01 3.841681753666613131e-01 4.868847121318646831e-01 1.000000000000000000e+00
1.411264789201799597e-01 3.903659359722441158e-01 4.875955940942113820e-01 1.000000000000000000e+00
1.437399322335166374e-01 3.965636965778268075e-01 4.883064760565580809e-01 1.000000000000000000e+00
1.463533855468532874e-01 4.027614571834095547e-01 4.890173580189047797e-01 1.000000000000000000e+00
1.489668388601899651e-01 4.089592177889921909e-01 4.897282399812514231e-01 1.000000000000000000e+00
1.515802921735266429e-01 4.151569783945749936e-01 4.904391219435981220e-01 1.000000000000000000e+00
1.541937454868632928e-01 4.213547390001576853e-01 4.911500039059448208e-01 1.000000000000000000e+00
1.568071988001999706e-01 4.275524996057403770e-01 4.918608858682915197e-01 1.000000000000000000e+00
1.594206521135366206e-01 4.337502602113230687e-01 4.925717678306382186e-01 1.000000000000000000e+00
1.620341054268732983e-01 4.399480208169058160e-01 4.932826497929849174e-01 1.000000000000000000e+00
1.646475587402099761e-01 4.461457814224885632e-01 4.939935317553315608e-01 1.000000000000000000e+00
1.672610120535466260e-01 4.523435420280712549e-01 4.947044137176782597e-01 1.000000000000000000e+00
1.698744653668833038e-01 4.585413026336540021e-01 4.954152956800249585e-01 1.000000000000000000e+00
1.724879186802199260e-01 4.647390632392366383e-01 4.961261776423716574e-01 1.000000000000000000e+00
1.751013719935566315e-01 4.709368238448194410e-01 4.968370596047183563e-01 1.000000000000000000e+00
1.777148253068933093e-01 4.771345844504021327e-01 4.975479415670650551e-01 1.000000000000000000e+00
1.803282786202299592e-01 4.833323450559848800e-01 4.982588235294117540e-01 1.000000000000000000e+00
1.829417319335666370e-01 4.895301056615675717e-01 4.989697054917583974e-01 1.000000000000000000e+00
1.855551852469033147e-01 4.957278662671502634e-01 4.996805874541050962e-01 1.000000000000000000e+00
1.881686385602399647e-01 5.019256268727330106e-01 5.003914694164518506e-01 1.000000000000000000e+00
1.900274331955004170e-01 5.042304347826086497e-01 4.956572468162522282e-01 1.000000000000000000e+00
1.918770619358854401e-01 5.064879598662207494e-01 4.908568893428234547e-01 1.000000000000000000e+00
1.937266906762705188e-01 5.087454849498327381e-01 4.860565318693945147e-01 1.000000000000000000e+00
1.955763194166555419e-01 5.110030100334448377e-01 4.812561743959656302e-01 1.000000000000000000e+00
1.974259481570405927e-01 5.132605351170568264e-01 4.764558169225367457e-01 1.000000000000000000e+00
1.992755768974256436e-01 5.155180602006689261e-01 4.716554594491078611e-01 1.000000000000000000e+00
2.011252056378106667e-01 5.177755852842809148e-01 4.668551019756789766e-01 1.000000000000000000e+00
2.029748343781957176e-01 5.200331103678930145e-01 4.620547445022501476e-01 1.000000000000000000e+00
2.048244631185807685e-01 5.222906354515050031e-01 4.572543870288212631e-01 1.000000000000000000e+00
2.066740918589657916e-01 5.245481605351169918e-01 4.524540295553924341e-01 1.000000000000000000e+00
2.085237205993508425e-01 5.268056856187290915e-01 4.476536720819634940e-01 1.000000000000000000e+00
2.103733493397358933e-01 5.290632107023411912e-01 4.428533146085346650e-01 1.000000000000000000e+00
2.122229780801209442e-01 5.313207357859531799e-01 4.380529571351057805e-01 1.000000000000000000e+00
2.140726068205059673e-01 5.335782608695652796e-01 4.332525996616768960e-01 1.000000000000000000e+00
2.159222355608910182e-01 5.358357859531772682e-01 4.284522421882480114e-01 1.000000000000000000e+00
2.177718643012760691e-01 5.380933110367893679e-01 4.236518847148191824e-01 1.000000000000000000e+00
2.196214930416610922e-01 5.403508361204013566e-01 4.188515272413902979e-01 1.000000000000000000e+00
2.214711217820461153e-01 5.426083612040133453e-01 4.140511697679614689e-01 1.000000000000000000e+00
2.233207505224311940e-01 5.448658862876254450e-01 4.092508122945325288e-01 1.000000000000000000e+00
2.251703792628162448e-01 5.471234113712375446e-01 4.044504548211036443e-01 1.000000000000000000e+00
2.270200080032012679e-01 5.493809364548495333e-01 3.996500973476748153e-01 1.000000000000000000e+00
2.288696367435863188e-01 5.516384615384615220e-01 3.948497398742459308e-01 1.000000000000000000e+00
2.307192654839713697e-01 5.538959866220736217e-01 3.900493824008170463e-01 1.000000000000000000e+00
2.325688942243563928e-01 5.561535117056856103e-01 3.852490249273881617e-01 1.000000000000000000e+00
2.344185229647414437e-01 5.584110367892977100e-01 3.804486674539593327e-01 1.000000000000000000e+00
2.362681517051264668e-01 5.606685618729096987e-01 3.756483099805305037e-01 1.000000000000000000e+00
2.381177804455115177e-01 5.629260869565217984e-01 3.708479525071015637e-01 1.000000000000000000e+00
2.399674091858965685e-01 5.651836120401337871e-01 3.660475950336726791e-01 1.000000000000000000e+00
2.418170379262816194e-01 5.674411371237458868e-01 3.612472375602437946e-01 1.000000000000000000e+00
2.436666666666666425e-01 5.696986622073578754e-01 3.564468800868149101e-01 1.000000000000000000e+00
2.455162954070516934e-01 5.719561872909699751e-01 3.516465226133860811e-01 1.000000000000000000e+00
2.473659241474367443e-01 5.742137123745819638e-01 3.468461651399571966e-01 1.000000000000000000e+00
2.492155528878217674e-01 5.764712374581940635e-01 3.420458076665283675e-01 1.000000000000000000e+00
2.510651816282067905e-01 5.787287625418060522e-01 3.372454501930995385e-01 1.000000000000000000e+00
2.529148103685918691e-01 5.809862876254181518e-01 3.324450927196705985e-01 1.000000000000000000e+00
2.547644391089768923e-01 5.832438127090301405e-01 3.276447352462417140e-01 1.000000000000000000e+00
2.566140678493619709e-01 5.855013377926422402e-01 3.228443777728128294e-01 1.000000000000000000e+00
2.584636965897469940e-01 5.877588628762542289e-01 3.180440202993839449e-01 1.000000000000000000e+00
2.603133253301320171e-01 5.900163879598663286e-01 3.132436628259550604e-01 1.000000000000000000e+00
2.621629540705170403e-01 5.922739130434783172e-01 3.084433053525262314e-01 1.000000000000000000e+00
2.640125828109021189e-01 5.945314381270903059e-01 3.036429478790973469e-01 1.000000000000000000e+00
2.658622115512871420e-01 5.967889632107024056e-01 2.988425904056685178e-01 1.000000000000000000e+00
2.677118402916722206e-01 5.990464882943143943e-01 2.940422329322396333e-01 1.000000000000000000e+00
2.695614690320572437e-01 6.013040133779264940e-01 2.892418754588107488e-01 1.000000000000000000e+00
2.714523020738228709e-01 6.035615384615384826e-01 2.844415179853818643e-01 1.000000000000000000e+00
2.801693143776357031e-01 6.058190635451505823e-01 2.796411605119529797e-01 1.000000000000000000e+00
2.888863266814485908e-01 6.080765886287625710e-01 2.748408030385240952e-01 1.000000000000000000e+00
2.976033389852614786e-01 6.103341137123746707e-01 2.770664840936374329e-01 1.000000000000000000e+00
3.063203512890743663e-01 6.125916387959866594e-01 2.793523984593837550e-01 1.000000000000000000e+00
3.150373635928870875e-01 6.148491638795987591e-01 2.816383128251300216e-01 1.000000000000000000e+00
3.237543758967000862e-01 6.171066889632107477e-01 2.839242271908763438e-01 1.000000000000000000e+00
3.324713882005129739e-01 6.193642140468228474e-01 2.862101415566226104e-01 1.000000000000000000e+00
3.411884005043258616e-01 6.216217391304348361e-01 2.884960559223689325e-01 1.000000000000000000e+00
3.499054128081387494e-01 6.238792642140469358e-01 2.907819702881152546e-01 1.000000000000000000e+00
3.673394374157644693e-01 6.283943143812710241e-01 2.953537990196078433e-01 1.000000000000000000e+00
3.760564497195773570e-01 6.306518394648830128e-01 2.976397133853541099e-01 1.000000000000000000e+00
3.847734620233902447e-01 6.329093645484951125e-01 2.999256277511004321e-01 1.000000000000000000e+00
3.934904743272031324e-01 6.351668896321071012e-01 3.022115421168466987e-01 1.000000000000000000e+00
4.022074866310157426e-01 6.374244147157190898e-01 3.044974564825929653e-01 1.000000000000000000e+00
4.109244989348288524e-01 6.396819397993311895e-01 3.067833708483392874e-01 1.000000000000000000e+00
4.196415112386417956e-01 6.414069227691077124e-01 3.090692852140856095e-01 1.000000000000000000e+00
4.283585235424546278e-01 6.431276110444178462e-01 3.113551995798319316e-01 1.000000000000000000e+00
4.370755358462675155e-01 6.448482993197279800e-01 3.136411139455781982e-01 1.000000000000000000e+00
4.457925481500804032e-01 6.465689875950381138e-01 3.159270283113245203e-01 1.000000000000000000e+00
4.545095604538932355e-01 6.482896758703482476e-01 3.182129426770707870e-01 1.000000000000000000e+00
4.632265727577061232e-01 6.500103641456583814e-01 3.204988570428171091e-01 1.000000000000000000e+00
4.719323332017370531e-01 6.517310524209684042e-01 3.217388058233326409e-01 1.000000000000000000e+00
4.783989735491511741e-01 6.534517406962785380e-01 3.229782313594333765e-01 1.000000000000000000e+00
4.848656138965652951e-01 6.551724289715886718e-01 3.242176568955341120e-01 1.000000000000000000e+00
4.913322542439794161e-01 6.568931172468988056e-01 3.254570824316348476e-01 1.000000000000000000e+00
4.977988945913935925e-01 6.586138055222089394e-01 3.266965079677355832e-01 1.000000000000000000e+00
5.042655349388077690e-01 6.603344937975190732e-01 3.279359335038363188e-01 1.000000000000000000e+00
5.107321752862218345e-01 6.620551820728292070e-01 3.291753590399370544e-01 1.000000000000000000e+00
5.171988156336360110e-01 6.637758703481393407e-01 3.304147845760377900e-01 1.000000000000000000e+00
5.236654559810499654e-01 6.654965586234493635e-01 3.316542101121384700e-01 1.000000000000000000e+00
5.301320963284642529e-01 6.672172468987596083e-01 3.328936356482392056e-01 1.000000000000000000e+00
5.365987366758784294e-01 6.689379351740696311e-01 3.341330611843399412e-01 1.000000000000000000e+00
5.430653770232924948e-01 6.706586234493797649e-01 3.353724867204406768e-01 1.000000000000000000e+00
5.495320173707066713e-01 6.723793117246898987e-01 3.366119122565414123e-01 1.000000000000000000e+00
5.559986577181208478e-01 6.741000000000000325e-01 3.378513377926421479e-01 1.000000000000000000e+00
5.624652980655349133e-01 6.758206882753101663e-01 3.390907633287428835e-01 1.000000000000000000e+00
5.689319384129490897e-01 6.775413765506203001e-01 3.403301888648435636e-01 1.000000000000000000e+00
5.753985787603632662e-01 6.792620648259304339e-01 3.415696144009442992e-01 1.000000000000000000e+00
5.818652191077773317e-01 6.809827531012405677e-01 3.428090399370450347e-01 1.000000000000000000e+00
5.883318594551915082e-01 6.827034413765507015e-01 3.440484654731457703e-01 1.000000000000000000e+00
5.947984998026056846e-01 6.844241296518607243e-01 3.452878910092465059e-01 1.000000000000000000e+00
6.012651401500197501e-01 6.861448179271708581e-01 3.465273165453472415e-01 1.000000000000000000e+00
6.077317804974339266e-01 6.878655062024809919e-01 3.477667420814479771e-01 1.000000000000000000e+00
6.141984208448481031e-01 6.895861944777911257e-01 3.490061676175487126e-01 1.000000000000000000e+00
6.206650611922621685e-01 6.913068827531012595e-01 3.502455931536493927e-01 1.000000000000000000e+00
6.271317015396761230e-01 6.930275710284112822e-01 3.514850186897501283e-01 1.000000000000000000e+00
6.335983418870905215e-01 6.947482593037215270e-01 3.527244442258508639e-01 1.000000000000000000e+00
6.400649822345045870e-01 6.964689475790316608e-01 3.539638697619515995e-01 1.000000000000000000e+00
6.465316225819187634e-01 6.981896358543417946e-01 3.552032952980523350e-01 1.000000000000000000e+00
6.529982629293329399e-01 6.999103241296518174e-01 3.564427208341530706e-01 1.000000000000000000e+00
6.594649032767470054e-01 7.016310124049619512e-01 3.576821463702538062e-01 1.000000000000000000e+00
6.659315436241611819e-01 7.033517006802720850e-01 3.589215719063545418e-01 1.000000000000000000e+00
6.723981839715753583e-01 7.050723889555822188e-01 3.601609974424552219e-01 1.000000000000000000e+00
6.788648243189894238e-01 7.067930772308923526e-01 3.614004229785559574e-01 1.000000000000000000e+00
6.853314646664036003e-01 7.085137655062024864e-01 3.626398485146566930e-01 1.000000000000000000e+00
6.917981050138177768e-01 7.102344537815126202e-01 3.638792740507574286e-01 1.000000000000000000e+00
6.982647453612318422e-01 7.119551420568227540e-01 3.651186995868581642e-01 1.000000000000000000e+00
7.047313857086460187e-01 7.136758303321328878e-01 3.663581251229588998e-01 1.000000000000000000e+00
7.111980260560601952e-01 7.153965186074430216e-01 3.675975506590596353e-01 1.000000000000000000e+00
7.176163905917134489e-01 7.170661319073082796e-01 3.688369761951603154e-01 1.000000000000000000e+00
7.192554497630537780e-01 7.136793226381460409e-01 3.700764017312610510e-01 1.000000000000000000e+00
7.208945089343941071e-01 7.102925133689839132e-01 3.713158272673617866e-01 1.000000000000000000e+00
7.225335681057345472e-01 7.069057040998216745e-01 3.725552528034625221e-01 1.000000000000000000e+00
7.241726272770749873e-01 7.035188948306594359e-01 3.737946783395632577e-01 1.000000000000000000e+00
7.258116864484153163e-01 7.001320855614971972e-01 3.750341038756639933e-01 1.000000000000000000e+00
7.274507456197556454e-01 6.967452762923350695e-01 3.762735294117647289e-01 1.000000000000000000e+00
7.290898047910960855e-01 6.933584670231728309e-01 3.775129549478654090e-01 1.000000000000000000e+00
7.307288639624364146e-01 6.899716577540105922e-01 3.787523804839662001e-01 1.000000000000000000e+00
7.323679231337768547e-01 6.865848484848484645e-01 3.799918060200668801e-01 1.000000000000000000e+00
7.340069823051171838e-01 6.831980392156862258e-01 3.812312315561676157e-01 1.000000000000000000e+00
7.356460414764575129e-01 6.798112299465239872e-01 3.824706570922683513e-01 1.000000000000000000e+00
7.372851006477979530e-01 6.764244206773618595e-01 3.837100826283690869e-01 1.000000000000000000e+00
7.389241598191382820e-01 6.730376114081996208e-01 3.849495081644698224e-01 1.000000000000000000e+00
7.405632189904786111e-01 6.696508021390373822e-01 3.861889337005705025e-01 1.000000000000000000e+00
7.422022781618190512e-01 6.662639928698752545e-01 3.874283592366712936e-01 1.000000000000000000e+00
7.438413373331593803e-01 6.628771836007130158e-01 3.886677847727719737e-01 1.000000000000000000e+00
7.454803965044998204e-01 6.594903743315507771e-01 3.899072103088727093e-01 1.000000000000000000e+00
7.471194556758401495e-01 6.561035650623886495e-01 3.911466358449734448e-01 1.000000000000000000e+00
7.487585148471804786e-01 6.527167557932264108e-01 3.923860613810741804e-01 1.000000000000000000e+00
7.503975740185209187e-01 6.493299465240641721e-01 3.936254869171749160e-01 1.000000000000000000e+00
7.520366331898612478e-01 6.459431372549020445e-01 3.948649124532756516e-01 1.000000000000000000e+00
7.536756923612016879e-01 6.425563279857398058e-01 3.961336262009357845e-01 1.000000000000000000e+00
7.553394767538742505e-01 6.392185294117647132e-01 4.057411121825779676e-01 1.000000000000000000e+00
7.597257827399136465e-01 6.412773529411764928e-01 4.153485981642202063e-01 1.000000000000000000e+00
7.641120887259530425e-01 6.429905982905983475e-01 4.249560841458623894e-01 1.000000000000000000e+00
7.684983947119923275e-01 6.447000000000000508e-01 4.345635701275045726e-01 1.000000000000000000e+00
7.728847006980317236e-01 6.464094017094017541e-01 4.441710561091468112e-01 1.000000000000000000e+00
7.772710066840711196e-01 6.481371308016877775e-01 4.537785420907889944e-01 1.000000000000000000e+00
7.816573126701104046e-01 6.515126582278480960e-01 4.633860280724312330e-01 1.000000000000000000e+00
7.860436186561498006e-01 6.548881856540084145e-01 4.729935140540734162e-01 1.000000000000000000e+00
7.904299246421891967e-01 6.582867973856209032e-01 4.826010000357155993e-01 1.000000000000000000e+00
7.948162306282285927e-01 6.616854901960784741e-01 4.922084860173577825e-01 1.000000000000000000e+00
7.992025366142678777e-01 6.650841830065359339e-01 5.018159719990000767e-01 1.000000000000000000e+00
8.035888426003071627e-01 6.684828758169933938e-01 5.114234579806419267e-01 1.000000000000000000e+00
8.079751485863466698e-01 6.718815686274510757e-01 5.210309439622844430e-01 1.000000000000000000e+00
8.123614545723860658e-01 6.752802614379085355e-01 5.306384299439266261e-01 1.000000000000000000e+00
8.167477605584253508e-01 6.786789542483661064e-01 5.402459159255688093e-01 1.000000000000000000e+00
8.211340665444647469e-01 6.820776470588235663e-01 5.498534019072109924e-01 1.000000000000000000e+00
8.255203725305041429e-01 6.854763398692811371e-01 5.594608878888531756e-01 1.000000000000000000e+00
8.299066785165434279e-01 6.888750326797385970e-01 5.690683738704954697e-01 1.000000000000000000e+00
8.342929845025828239e-01 6.922737254901961679e-01 5.786758598521376529e-01 1.000000000000000000e+00
8.386792904886222200e-01 6.956724183006536277e-01 5.882833458337798360e-01 1.000000000000000000e+00
8.430655964746616160e-01 6.990711111111111986e-01 5.978908318154220192e-01 1.000000000000000000e+00
8.474519024607009010e-01 7.046831070889895132e-01 6.074983177970643133e-01 1.000000000000000000e+00
8.518382084467402970e-01 7.103140233308513629e-01 6.171058037787064965e-01 1.000000000000000000e+00
8.562245144327796931e-01 7.159233556713825442e-01 6.267132897603486796e-01 1.000000000000000000e+00
8.606108204188189781e-01 7.215326880119136144e-01 6.363207757419908628e-01 1.000000000000000000e+00
8.649971264048583741e-01 7.269150326797385597e-01 6.459282617236330459e-01 1.000000000000000000e+00
8.693834323908977701e-01 7.322946204122674496e-01 6.555357477052752291e-01 1.000000000000000000e+00
8.737697383769369441e-01 7.376742081447961175e-01 6.651531911348106396e-01 1.000000000000000000e+00
8.781560443629764512e-01 7.430767066085692818e-01 6.769734433150031983e-01 1.000000000000000000e+00
8.825423503490158472e-01 7.507473674655046336e-01 6.887936954951953128e-01 1.000000000000000000e+00
8.869286563350552433e-01 7.584180283224399854e-01 7.006139476753875384e-01 1.000000000000000000e+00
8.913149623210945283e-01 7.660886891793754483e-01 7.124341998555796529e-01 1.000000000000000000e+00
8.957012683071339243e-01 7.737593500363108001e-01 7.242544520357718785e-01 1.000000000000000000e+00
9.000875742931733203e-01 7.814300108932461519e-01 7.360747042159641040e-01 1.000000000000000000e+00
9.044738802792127164e-01 7.891006717501815038e-01 7.478949563961563296e-01 1.000000000000000000e+00
9.088601862652521124e-01 7.967713326071168556e-01 7.597152085763484441e-01 1.000000000000000000e+00
9.132464922512913974e-01 8.044419934640523184e-01 7.715354607565406697e-01 1.000000000000000000e+00
9.176327982373307934e-01 8.121126543209876703e-01 7.833557129367327843e-01 1.000000000000000000e+00
9.220191042233700784e-01 8.197833151779230221e-01 7.951759651169250098e-01 1.000000000000000000e+00
9.264054102094094745e-01 8.274539760348583739e-01 8.069962172971172354e-01 1.000000000000000000e+00
9.307917161954488705e-01 8.364381790932934324e-01 8.188164694773093499e-01 1.000000000000000000e+00
9.351780221814882665e-01 8.454303109778943393e-01 8.306367216575015755e-01 1.000000000000000000e+00
9.395643281675276626e-01 8.544224428624953571e-01 8.424569738376936900e-01 1.000000000000000000e+00
9.439506341535668366e-01 8.634145747470960419e-01 8.542772260178855825e-01 1.000000000000000000e+00
9.483369401396063436e-01 8.725135997988938685e-01 8.660974781980781412e-01 1.000000000000000000e+00
9.527232461256456286e-01 8.816171787186212194e-01 8.779177303782702557e-01 1.000000000000000000e+00
9.571095521116850247e-01 8.930696577994254870e-01 8.897379825584624813e-01 1.000000000000000000e+00
9.614958580977244207e-01 9.045221368802298656e-01 9.015582347386545958e-01 1.000000000000000000e+00
9.658821640837638167e-01 9.159746159610341332e-01 9.133784869188468214e-01 1.000000000000000000e+00
9.702684700698031017e-01 9.274270950418385118e-01 9.251987390990390470e-01 1.000000000000000000e+00
9.746547760558424978e-01 9.388795741226427793e-01 9.370189912792312725e-01 1.000000000000000000e+00
9.790410820418818938e-01 9.503320532034471579e-01 9.488392434594233871e-01 1.000000000000000000e+00
9.834273880279211788e-01 9.617845322842515365e-01 9.606594956396155016e-01 1.000000000000000000e+00
9.878136940139605748e-01 9.732370113650558041e-01 9.724797478198077272e-01 1.000000000000000000e+00
9.921999999999999709e-01 9.842999999999999527e-01 9.842999999999999527e-01 1.000000000000000000e+00
