9.960999999999999854e-01 9.725000000000000311e-01 9.960999999999999854e-01 1.000000000000000000e+00
9.933087658592848479e-01 9.543339100346021064e-01 9.937163014225297575e-01 1.000000000000000000e+00
9.905175317185697104e-01 9.361678200692041818e-01 9.913326028450595295e-01 1.000000000000000000e+00
9.877262975778546839e-01 9.180017301038062572e-01 9.889489042675894126e-01 1.000000000000000000e+00
9.849350634371395463e-01 8.998356401384083325e-01 9.865652056901191846e-01 1.000000000000000000e+00
9.821438292964244088e-01 8.816695501730104079e-01 9.841815071126489567e-01 1.000000000000000000e+00
9.793525951557092712e-01 8.635034602076124832e-01 9.817978085351787287e-01 1.000000000000000000e+00
9.765613610149942447e-01 8.453373702422145586e-01 9.794141099577086118e-01 1.000000000000000000e+00
9.737701268742791072e-01 8.271712802768165229e-01 9.770304113802383839e-01 1.000000000000000000e+00
9.709788927335639697e-01 8.090051903114185983e-01 9.746467128027681559e-01 1.000000000000000000e+00
9.681876585928488321e-01 7.908391003460207846e-01 9.722630142252979280e-01 1.000000000000000000e+00
9.653964244521338056e-01 7.726730103806228600e-01 9.698793156478278110e-01 1.000000000000000000e+00
9.626051903114186681e-01 7.545069204152248243e-01 9.674956170703575831e-01 1.000000000000000000e+00
9.598139561707035305e-01 7.363408304498268997e-01 9.651119184928873551e-01 1.000000000000000000e+00
9.570227220299885040e-01 7.181747404844289751e-01 9.627282199154171272e-01 1.000000000000000000e+00
9.542314878892733665e-01 7.000086505190310504e-01 9.603445213379468992e-01 1.000000000000000000e+00
9.514402537485582290e-01 6.818425605536331258e-01 9.579608227604767823e-01 1.000000000000000000e+00
9.486490196078430914e-01 6.636764705882352011e-01 9.555771241830065543e-01 1.000000000000000000e+00
9.458577854671279539e-01 6.455103806228372765e-01 9.531934256055363264e-01 1.000000000000000000e+00
9.430665513264129274e-01 6.273442906574393518e-01 9.508097270280660984e-01 1.000000000000000000e+00
9.402753171856977898e-01 6.091782006920414272e-01 9.484260284505959815e-01 1.000000000000000000e+00
9.374840830449826523e-01 5.910121107266435025e-01 9.460423298731257535e-01 1.000000000000000000e+00
9.346928489042676258e-01 5.728460207612455779e-01 9.436586312956555256e-01 1.000000000000000000e+00
9.319016147635524883e-01 5.546799307958476533e-01 9.412749327181852976e-01 1.000000000000000000e+00
9.291103806228373507e-01 5.365138408304497286e-01 9.388912341407151807e-01 1.000000000000000000e+00
9.263191464821222132e-01 5.183477508650518040e-01 9.365075355632449527e-01 1.000000000000000000e+00
9.235279123414070757e-01 5.001816608996538793e-01 9.341238369857747248e-01 1.000000000000000000e+00
9.004880966138910647e-01 4.770382513661201029e-01 9.387602378656381141e-01 1.000000000000000000e+00
8.772437497592355804e-01 4.538445658773526681e-01 9.434675488410301236e-01 1.000000000000000000e+00
8.539994029045802071e-01 4.306508803885852332e-01 9.481748598164220221e-01 1.000000000000000000e+00
8.307550560499248338e-01 4.074571948998177984e-01 9.528821707918140316e-01 1.000000000000000000e+00
8.075107091952694605e-01 3.842635094110503635e-01 9.575894817672060411e-01 1.000000000000000000e+00
7.842663623406140871e-01 3.610698239222829842e-01 9.622967927425979395e-01 1.000000000000000000e+00
7.610220154859588249e-01 3.378761384335157159e-01 9.670041037179899490e-01 1.000000000000000000e+00
7.377776686313033405e-01 3.146824529447481145e-01 9.717114146933818475e-01 1.000000000000000000e+00
7.145333217766478562e-01 2.914887674559806796e-01 9.764187256687738570e-01 1.000000000000000000e+00
6.912889749219924829e-01 2.682950819672132448e-01 9.811260366441658665e-01 1.000000000000000000e+00
6.680446280673373316e-01 2.451013964784459764e-01 9.858333476195577649e-01 1.000000000000000000e+00
6.448002812126816252e-01 2.219077109896783750e-01 9.905406585949497744e-01 1.000000000000000000e+00
6.220836601307188074e-01 1.987140255009109402e-01 9.952479695703417839e-01 1.000000000000000000e+00
6.490989106753811688e-01 1.755203400121435053e-01 9.999552805457336824e-01 1.000000000000000000e+00
6.761141612200431972e-01 1.619223930043532378e-01 1.000000000000000000e+00 1.000000000000000000e+00
7.031294117647057806e-01 1.484164798335838586e-01 1.000000000000000000e+00 1.000000000000000000e+00
7.301446623093681421e-01 1.349105666628145350e-01 1.000000000000000000e+00 1.000000000000000000e+00
7.571599128540303925e-01 1.214046534920452391e-01 1.000000000000000000e+00 1.000000000000000000e+00
7.841751633986925318e-01 1.078987403212760265e-01 1.000000000000000000e+00 1.000000000000000000e+00
8.111904139433550043e-01 9.439282715050661965e-02 1.000000000000000000e+00 1.000000000000000000e+00
8.382056644880173657e-01 8.088691397973732378e-02 1.000000000000000000e+00 1.000000000000000000e+00
8.652209150326797271e-01 6.738100080896801403e-02 1.000000000000000000e+00 1.000000000000000000e+00
8.922361655773418665e-01 5.387508763819881530e-02 1.000000000000000000e+00 1.000000000000000000e+00
9.192514161220044500e-01 4.036917446742940840e-02 1.000000000000000000e+00 1.000000000000000000e+00
9.462666666666667004e-01 2.686326129666011253e-02 9.999999999999997780e-01 1.000000000000000000e+00
9.732819172113289508e-01 1.335734812589078890e-02 9.868275515334338222e-01 1.000000000000000000e+00
1.000000000000000000e+00 0.000000000000000000e+00 9.730348441015753691e-01 1.000000000000000000e+00
1.000000000000000000e+00 0.000000000000000000e+00 9.034752169720345893e-01 1.000000000000000000e+00
1.000000000000000000e+00 0.000000000000000000e+00 8.339155898424943647e-01 1.000000000000000000e+00
1.000000000000000000e+00 0.000000000000000000e+00 7.643559627129541401e-01 1.000000000000000000e+00
1.000000000000000000e+00 0.000000000000000000e+00 6.947963355834143595e-01 1.000000000000000000e+00
1.000000000000000000e+00 0.000000000000000000e+00 6.252367084538736908e-01 1.000000000000000000e+00
1.000000000000000000e+00 0.000000000000000000e+00 5.556770813243334661e-01 1.000000000000000000e+00
1.000000000000000000e+00 0.000000000000000000e+00 4.861174541947931860e-01 1.000000000000000000e+00
1.000000000000000000e+00 0.000000000000000000e+00 4.165578270652533499e-01 1.000000000000000000e+00
1.000000000000000000e+00 0.000000000000000000e+00 3.469981999357125702e-01 1.000000000000000000e+00
1.000000000000000000e+00 0.000000000000000000e+00 2.774385728061723455e-01 1.000000000000000000e+00
1.000000000000000000e+00 0.000000000000000000e+00 2.078789456766322319e-01 1.000000000000000000e+00
1.000000000000000000e+00 9.323729491841238948e-06 1.383193185470918962e-01 1.000000000000000000e+00
1.000000000000000000e+00 1.865678271308501487e-02 6.875969141755255976e-02 1.000000000000000000e+00
1.000000000000000000e+00 3.730424169667871659e-02 0.000000000000000000e+00 1.000000000000000000e+00
1.000000000000000000e+00 5.595170068027215809e-02 0.000000000000000000e+00 1.000000000000000000e+00
1.000000000000000000e+00 7.459915966386559960e-02 0.000000000000000000e+00 1.000000000000000000e+00
1.000000000000000000e+00 9.324661864745903417e-02 0.000000000000000000e+00 1.000000000000000000e+00
1.000000000000000000e+00 1.118940776310524687e-01 0.000000000000000000e+00 1.000000000000000000e+00
1.000000000000000000e+00 1.305415366146459033e-01 0.000000000000000000e+00 1.000000000000000000e+00
1.000000000000000000e+00 1.491889955982393656e-01 0.000000000000000000e+00 1.000000000000000000e+00
1.000000000000000000e+00 1.678364545818325226e-01 0.000000000000000000e+00 1.000000000000000000e+00
1.000000000000000000e+00 1.864839135654262070e-01 0.000000000000000000e+00 1.000000000000000000e+00
1.000000000000000000e+00 2.051313725490196693e-01 0.000000000000000000e+00 1.000000000000000000e+00
1.000000000000000000e+00 2.237788315326131039e-01 0.000000000000000000e+00 1.000000000000000000e+00
1.000000000000000000e+00 2.424262905162065385e-01 0.000000000000000000e+00 1.000000000000000000e+00
1.000000000000000000e+00 2.610737494998000008e-01 3.661464585851812940e-06 1.000000000000000000e+00
1.000000000000000000e+00 2.798087503125112341e-01 3.665126050420182240e-03 1.000000000000000000e+00
1.000000000000000000e+00 3.119241830065360155e-01 7.326590636254511762e-03 1.000000000000000000e+00
1.000000000000000000e+00 3.440396157005602973e-01 1.098805522208879011e-02 1.000000000000000000e+00
1.000000000000000000e+00 3.761550483945855228e-01 1.464951980792317254e-02 1.000000000000000000e+00
1.000000000000000000e+00 4.082704810886103042e-01 1.831098439375750120e-02 1.000000000000000000e+00
1.000000000000000000e+00 4.403859137826350301e-01 2.197244897959183332e-02 1.000000000000000000e+00
1.000000000000000000e+00 4.725013464766597560e-01 2.563391356542616545e-02 1.000000000000000000e+00
1.000000000000000000e+00 5.046167791706845929e-01 2.929537815126049063e-02 1.000000000000000000e+00
1.000000000000000000e+00 5.367322118647093188e-01 3.295684273709482276e-02 1.000000000000000000e+00
1.000000000000000000e+00 5.688476445587340447e-01 3.661830732292915142e-02 1.000000000000000000e+00
1.000000000000000000e+00 6.009630772527583265e-01 4.027977190876343150e-02 1.000000000000000000e+00
1.000000000000000000e+00 6.330785099467834964e-01 4.394123649459781566e-02 1.000000000000000000e+00
1.000000000000000000e+00 6.651939426408083333e-01 4.760270108043214432e-02 1.000000000000000000e+00
1.000000000000000000e+00 6.973093753348330592e-01 5.126416566626647298e-02 1.000000000000000000e+00
1.000000000000000000e+00 7.292677024179433642e-01 5.487044982698965900e-02 1.000000000000000000e+00
1.000000000000000000e+00 7.389394764098716761e-01 5.064899653979242078e-02 1.000000000000000000e+00
1.000000000000000000e+00 7.486112504017998770e-01 4.642754325259518255e-02 1.000000000000000000e+00
1.000000000000000000e+00 7.582830243937281889e-01 4.220608996539794433e-02 1.000000000000000000e+00
1.000000000000000000e+00 7.679547983856563897e-01 3.798463667820076162e-02 1.000000000000000000e+00
1.000000000000000000e+00 7.776265723775848127e-01 3.376318339100346788e-02 1.000000000000000000e+00
1.000000000000000000e+00 7.872983463695130135e-01 2.954173010380622966e-02 1.000000000000000000e+00
1.000000000000000000e+00 7.969701203614413254e-01 2.532027681660899143e-02 1.000000000000000000e+00
1.000000000000000000e+00 8.066418943533696373e-01 2.109882352941175321e-02 1.000000000000000000e+00
1.000000000000000000e+00 8.163136683452978382e-01 1.687737024221452192e-02 1.000000000000000000e+00
1.000000000000000000e+00 8.259854423372261500e-01 1.265591695501727676e-02 1.000000000000000000e+00
1.000000000000000000e+00 8.356572163291544619e-01 8.434463667820038535e-03 1.000000000000000000e+00
1.000000000000000000e+00 8.453289903210825518e-01 4.213010380622862761e-03 1.000000000000000000e+00
1.000000000000000000e+00 8.550007643130110857e-01 0.000000000000000000e+00 1.000000000000000000e+00
1.000000000000000000e+00 8.646725383049392866e-01 0.000000000000000000e+00 1.000000000000000000e+00
1.000000000000000000e+00 8.743443122968675985e-01 0.000000000000000000e+00 1.000000000000000000e+00
1.000000000000000000e+00 8.840160862887957993e-01 0.000000000000000000e+00 1.000000000000000000e+00
1.000000000000000000e+00 8.936878602807241112e-01 0.000000000000000000e+00 1.000000000000000000e+00
1.000000000000000000e+00 9.033596342726524231e-01 0.000000000000000000e+00 1.000000000000000000e+00
1.000000000000000000e+00 9.130314082645807350e-01 0.000000000000000000e+00 1.000000000000000000e+00
1.000000000000000000e+00 9.227031822565088248e-01 0.000000000000000000e+00 1.000000000000000000e+00
1.000000000000000000e+00 9.323749562484372477e-01 0.000000000000000000e+00 1.000000000000000000e+00
1.000000000000000000e+00 9.420467302403655596e-01 0.000000000000000000e+00 1.000000000000000000e+00
1.000000000000000000e+00 9.517185042322938715e-01 0.000000000000000000e+00 1.000000000000000000e+00
1.000000000000000000e+00 9.613902782242220724e-01 0.000000000000000000e+00 1.000000000000000000e+00
1.000000000000000000e+00 9.710620522161503843e-01 0.000000000000000000e+00 1.000000000000000000e+00
9.823046340940747578e-01 9.807338262080786961e-01 1.548681472589035803e-02 1.000000000000000000e+00
9.644575681274331069e-01 9.904056002000070080e-01 3.110639589168998076e-02 1.000000000000000000e+00
9.466105021607916781e-01 1.000000000000000000e+00 4.672597705748938318e-02 1.000000000000000000e+00
9.287634361941496941e-01 1.000000000000000000e+00 6.234555822328922969e-02 1.000000000000000000e+00
9.109163702275080432e-01 1.000000000000000000e+00 7.796513938908884722e-02 1.000000000000000000e+00
8.930693042608663923e-01 1.000000000000000000e+00 9.358472055488847863e-02 1.000000000000000000e+00
8.752222382942247414e-01 1.000000000000000000e+00 1.092043017206880962e-01 1.000000000000000000e+00
8.395281063609414396e-01 1.000000000000000000e+00 1.404434640522873312e-01 1.000000000000000000e+00
8.216810403942996777e-01 1.000000000000000000e+00 1.560630452180869765e-01 1.000000000000000000e+00
8.038339744276580268e-01 1.000000000000000000e+00 1.716826263838865940e-01 1.000000000000000000e+00
7.859869084610163759e-01 1.000000000000000000e+00 1.873022075496862116e-01 1.000000000000000000e+00
7.681398424943751690e-01 1.000000000000000000e+00 2.029217887154853850e-01 1.000000000000000000e+00
7.502927765277329630e-01 1.000000000000000000e+00 2.185413698812854466e-01 1.000000000000000000e+00
7.324457105610913121e-01 1.000000000000000000e+00 2.341609510470850919e-01 1.000000000000000000e+00
7.145986445944496612e-01 1.000000000000000000e+00 2.186194677871152181e-01 1.000000000000000000e+00
6.967515786278080103e-01 1.000000000000000000e+00 2.029998866213155173e-01 1.000000000000000000e+00
6.789045126611663594e-01 1.000000000000000000e+00 1.873803054555158443e-01 1.000000000000000000e+00
6.610574466945247085e-01 1.000000000000000000e+00 1.717607242897161712e-01 1.000000000000000000e+00
6.432103807278830576e-01 1.000000000000000000e+00 1.561411431239164704e-01 1.000000000000000000e+00
6.253633147612414067e-01 1.000000000000000000e+00 1.405215619581167974e-01 1.000000000000000000e+00
6.075162487945996448e-01 1.000000000000000000e+00 1.249019807923171244e-01 1.000000000000000000e+00
5.896691828279581049e-01 1.000000000000000000e+00 1.092823996265174236e-01 1.000000000000000000e+00
5.718221168613163430e-01 1.000000000000000000e+00 9.366281846071777828e-02 1.000000000000000000e+00
5.539750508946746921e-01 1.000000000000000000e+00 7.804323729491807748e-02 1.000000000000000000e+00
5.361279849280329302e-01 1.000000000000000000e+00 6.242365612911840445e-02 1.000000000000000000e+00
5.182809189613912793e-01 9.998402909550918594e-01 4.680407496331870365e-02 1.000000000000000000e+00
5.004338529947496284e-01 9.870635673624289508e-01 3.118449379751903061e-02 1.000000000000000000e+00
4.925920030757402479e-01 9.742868437697663753e-01 1.556491263171977391e-02 1.000000000000000000e+00
4.848257593233371021e-01 9.615101201771031336e-01 0.000000000000000000e+00 1.000000000000000000e+00
4.770595155709341784e-01 9.487333965844402250e-01 0.000000000000000000e+00 1.000000000000000000e+00
4.692932718185312546e-01 9.359566729917774275e-01 0.000000000000000000e+00 1.000000000000000000e+00
4.615270280661283309e-01 9.231799493991145189e-01 0.000000000000000000e+00 1.000000000000000000e+00
4.537607843137254071e-01 9.104032258064516103e-01 0.000000000000000000e+00 1.000000000000000000e+00
4.459945405613224834e-01 8.976265022137887017e-01 0.000000000000000000e+00 1.000000000000000000e+00
4.382282968089195596e-01 8.848497786211257932e-01 0.000000000000000000e+00 1.000000000000000000e+00
4.304620530565166359e-01 8.720730550284628846e-01 0.000000000000000000e+00 1.000000000000000000e+00
4.226958093041137121e-01 8.592963314357999760e-01 0.000000000000000000e+00 1.000000000000000000e+00
4.149295655517107884e-01 8.465196078431370674e-01 0.000000000000000000e+00 1.000000000000000000e+00
4.071633217993078646e-01 8.337428842504741588e-01 0.000000000000000000e+00 1.000000000000000000e+00
3.993970780469049409e-01 8.209661606578112503e-01 0.000000000000000000e+00 1.000000000000000000e+00
3.746379772961813126e-01 8.081894370651483417e-01 0.000000000000000000e+00 1.000000000000000000e+00
3.496637770897829678e-01 8.227525720876589510e-01 0.000000000000000000e+00 1.000000000000000000e+00
3.246895768833845675e-01 8.375084352172245117e-01 0.000000000000000000e+00 1.000000000000000000e+00
2.997153766769868888e-01 8.522642983467896283e-01 0.000000000000000000e+00 1.000000000000000000e+00
2.747411764705878223e-01 8.670201614763555220e-01 0.000000000000000000e+00 1.000000000000000000e+00
2.497669762641894775e-01 8.817760246059210827e-01 0.000000000000000000e+00 1.000000000000000000e+00
2.247927760577911327e-01 8.965318877354865323e-01 0.000000000000000000e+00 1.000000000000000000e+00
1.998185758513927601e-01 9.112877508650520930e-01 0.000000000000000000e+00 1.000000000000000000e+00
1.748443756449943876e-01 9.260436139946175427e-01 0.000000000000000000e+00 1.000000000000000000e+00
1.498701754385960150e-01 9.407994771241831033e-01 0.000000000000000000e+00 1.000000000000000000e+00
1.248959752321976424e-01 9.555553402537486640e-01 0.000000000000000000e+00 1.000000000000000000e+00
9.992177502579924209e-02 9.703112033833141137e-01 0.000000000000000000e+00 1.000000000000000000e+00
7.494757481940089727e-02 9.850670665128796744e-01 3.273078331506376073e-04 1.000000000000000000e+00
4.997337461300255246e-02 9.998229296424452350e-01 4.124078697693033674e-02 1.000000000000000000e+00
2.499917440660415213e-02 9.983842469753858584e-01 8.215426612071002888e-02 1.000000000000000000e+00
2.497420020580731759e-05 9.967488694201084298e-01 1.230677452644897280e-01 1.000000000000000000e+00
0.000000000000000000e+00 9.951134918648311123e-01 1.639812244082693993e-01 1.000000000000000000e+00
0.000000000000000000e+00 9.934781143095536837e-01 2.048947035520491122e-01 1.000000000000000000e+00
0.000000000000000000e+00 9.918427367542762552e-01 2.458081826958287974e-01 1.000000000000000000e+00
0.000000000000000000e+00 9.902073591989988266e-01 2.867216618396073446e-01 1.000000000000000000e+00
0.000000000000000000e+00 9.885719816437213980e-01 3.276351409833882511e-01 1.000000000000000000e+00
0.000000000000000000e+00 9.869366040884439695e-01 3.685486201271678808e-01 1.000000000000000000e+00
0.000000000000000000e+00 9.853012265331665409e-01 4.094620992709475660e-01 1.000000000000000000e+00
0.000000000000000000e+00 9.836658489778891123e-01 4.503755784147273067e-01 1.000000000000000000e+00
0.000000000000000000e+00 9.820304714226116838e-01 4.912890575585069919e-01 1.000000000000000000e+00
0.000000000000000000e+00 9.804000000000000492e-01 5.322025367022866771e-01 1.000000000000000000e+00
0.000000000000000000e+00 9.804000000000000492e-01 5.731160158460664178e-01 1.000000000000000000e+00
0.000000000000000000e+00 9.804000000000000492e-01 6.140294949898460475e-01 1.000000000000000000e+00
0.000000000000000000e+00 9.804000000000000492e-01 6.399146158463382417e-01 1.000000000000000000e+00
0.000000000000000000e+00 9.821726582048132537e-01 6.656248999599837513e-01 1.000000000000000000e+00
0.000000000000000000e+00 9.839560165597561747e-01 6.913351840736291498e-01 1.000000000000000000e+00
0.000000000000000000e+00 9.857393749146990958e-01 7.170454681872746594e-01 1.000000000000000000e+00
0.000000000000000000e+00 9.875227332696420168e-01 7.427557523009200580e-01 1.000000000000000000e+00
0.000000000000000000e+00 9.893060916245848269e-01 7.684660364145655675e-01 1.000000000000000000e+00
0.000000000000000000e+00 9.910894499795277479e-01 7.941763205282109661e-01 1.000000000000000000e+00
0.000000000000000000e+00 9.928728083344706690e-01 8.198866046418556985e-01 1.000000000000000000e+00
0.000000000000000000e+00 9.946561666894135900e-01 8.455968887555018743e-01 1.000000000000000000e+00
0.000000000000000000e+00 9.964395250443565111e-01 8.713071728691472728e-01 1.000000000000000000e+00
0.000000000000000000e+00 9.982228833992994321e-01 8.970174569827928934e-01 1.000000000000000000e+00
0.000000000000000000e+00 9.999395001922337656e-01 9.227277410964382920e-01 1.000000000000000000e+00
0.000000000000000000e+00 9.826538408304498207e-01 9.484380252100836906e-01 1.000000000000000000e+00
0.000000000000000000e+00 9.653681814686658758e-01 9.741483093237292001e-01 1.000000000000000000e+00
0.000000000000000000e+00 9.480825221068819308e-01 9.998585934373747097e-01 1.000000000000000000e+00
0.000000000000000000e+00 9.307968627450979859e-01 1.000000000000000000e+00 1.000000000000000000e+00
0.000000000000000000e+00 9.135112033833140410e-01 1.000000000000000000e+00 1.000000000000000000e+00
0.000000000000000000e+00 8.962255440215300961e-01 1.000000000000000000e+00 1.000000000000000000e+00
0.000000000000000000e+00 8.789398846597461512e-01 1.000000000000000000e+00 1.000000000000000000e+00
0.000000000000000000e+00 8.616542252979622063e-01 1.000000000000000000e+00 1.000000000000000000e+00
0.000000000000000000e+00 8.443685659361782614e-01 1.000000000000000000e+00 1.000000000000000000e+00
0.000000000000000000e+00 8.270829065743943165e-01 1.000000000000000000e+00 1.000000000000000000e+00
0.000000000000000000e+00 8.097972472126104826e-01 1.000000000000000000e+00 1.000000000000000000e+00
0.000000000000000000e+00 7.925115878508269818e-01 1.000000000000000000e+00 1.000000000000000000e+00
0.000000000000000000e+00 7.752259284890425928e-01 1.000000000000000000e+00 1.000000000000000000e+00
0.000000000000000000e+00 7.535652589240818822e-01 1.000000000000000000e+00 1.000000000000000000e+00
0.000000000000000000e+00 7.196739023452516371e-01 1.000000000000000000e+00 1.000000000000000000e+00
0.000000000000000000e+00 6.642952018454438834e-01 1.000000000000000000e+00 1.000000000000000000e+00
0.000000000000000000e+00 6.089165013456360187e-01 1.000000000000000000e+00 1.000000000000000000e+00
0.000000000000000000e+00 5.535378008458282650e-01 1.000000000000000000e+00 1.000000000000000000e+00
0.000000000000000000e+00 4.981591003460205114e-01 1.000000000000000000e+00 1.000000000000000000e+00
0.000000000000000000e+00 4.427803998462127577e-01 1.000000000000000000e+00 1.000000000000000000e+00
0.000000000000000000e+00 3.874016993464049485e-01 1.000000000000000000e+00 1.000000000000000000e+00
0.000000000000000000e+00 3.320229988465971394e-01 1.000000000000000000e+00 1.000000000000000000e+00
0.000000000000000000e+00 2.766442983467893857e-01 1.000000000000000000e+00 1.000000000000000000e+00
0.000000000000000000e+00 2.212655978469816320e-01 1.000000000000000000e+00 1.000000000000000000e+00
0.000000000000000000e+00 1.658868973471737673e-01 1.000000000000000000e+00 1.000000000000000000e+00
0.000000000000000000e+00 1.105081968473660137e-01 1.000000000000000000e+00 1.000000000000000000e+00
0.000000000000000000e+00 5.512949634755826001e-02 1.000000000000000000e+00 1.000000000000000000e+00
0.000000000000000000e+00 1.196399871418358813e-04 9.348524609843957833e-01 1.000000000000000000e+00
0.000000000000000000e+00 2.670630379656438458e-02 8.696397092170201626e-01 1.000000000000000000e+00
0.000000000000000000e+00 5.329296760598618149e-02 8.044269574496464292e-01 1.000000000000000000e+00
0.000000000000000000e+00 7.987963141540796452e-02 7.392142056822728069e-01 1.000000000000000000e+00
0.000000000000000000e+00 1.064662952248297684e-01 6.740014539148989625e-01 1.000000000000000000e+00
0.000000000000000000e+00 1.330529590342515722e-01 6.087887021475252292e-01 1.000000000000000000e+00
0.000000000000000000e+00 1.596396228436733622e-01 5.435759503801514958e-01 1.000000000000000000e+00
0.000000000000000000e+00 1.862262866530951522e-01 4.783631986127776514e-01 1.000000000000000000e+00
0.000000000000000000e+00 2.128129504625169421e-01 4.131504468454040291e-01 1.000000000000000000e+00
0.000000000000000000e+00 2.393996142719387599e-01 3.479376950780302957e-01 1.000000000000000000e+00
0.000000000000000000e+00 2.659862780813605498e-01 2.827249433106565624e-01 1.000000000000000000e+00
0.000000000000000000e+00 2.925729418907823121e-01 2.175121915432828290e-01 1.000000000000000000e+00
0.000000000000000000e+00 3.191596057002041298e-01 1.522994397759089846e-01 1.000000000000000000e+00
0.000000000000000000e+00 3.457462695096259475e-01 8.708668800853525127e-02 1.000000000000000000e+00
0.000000000000000000e+00 3.720569011918485880e-01 2.238446751249607500e-02 1.000000000000000000e+00
0.000000000000000000e+00 3.434371395617064060e-01 5.927797001153484180e-02 1.000000000000000000e+00
0.000000000000000000e+00 3.148173779315650012e-01 9.617147251057255042e-02 1.000000000000000000e+00
0.000000000000000000e+00 2.861976163014219865e-01 1.330649750096123685e-01 1.000000000000000000e+00
0.000000000000000000e+00 2.575778546712798045e-01 1.699584775086511179e-01 1.000000000000000000e+00
0.000000000000000000e+00 2.289580930411375947e-01 2.068519800076898951e-01 1.000000000000000000e+00
0.000000000000000000e+00 2.003383314109954128e-01 2.437454825067286446e-01 1.000000000000000000e+00
0.000000000000000000e+00 1.717185697808531752e-01 2.806389850057674495e-01 1.000000000000000000e+00
0.000000000000000000e+00 1.430988081507109655e-01 3.175324875048062268e-01 1.000000000000000000e+00
0.000000000000000000e+00 1.144790465205688390e-01 3.544259900038449485e-01 1.000000000000000000e+00
0.000000000000000000e+00 8.585928489042660150e-02 3.913194925028836701e-01 1.000000000000000000e+00
0.000000000000000000e+00 5.723952326028441950e-02 4.282129950019224474e-01 1.000000000000000000e+00
0.000000000000000000e+00 2.861976163014218200e-02 4.651064975009612246e-01 1.000000000000000000e+00
0.000000000000000000e+00 0.000000000000000000e+00 5.020000000000000018e-01 1.000000000000000000e+00
