0.000000000000000000e+00 0.000000000000000000e+00 0.000000000000000000e+00 1.000000000000000000e+00
7.169229666272360080e-02 3.921568627450980338e-03 7.843137254901960675e-03 1.000000000000000000e+00
1.433845933254472016e-01 7.843137254901960675e-03 1.568627450980392135e-02 1.000000000000000000e+00
2.150768899881707885e-01 1.176470588235294101e-02 2.352941176470588203e-02 1.000000000000000000e+00
2.867691866508944032e-01 1.568627450980392135e-02 3.137254901960784270e-02 1.000000000000000000e+00
3.584614833136179901e-01 1.960784313725490169e-02 3.921568627450980338e-02 1.000000000000000000e+00
4.301537799763415770e-01 2.352941176470588203e-02 4.705882352941176405e-02 1.000000000000000000e+00
5.018460766390651084e-01 2.745098039215686236e-02 5.490196078431372473e-02 1.000000000000000000e+00
5.735383733017888064e-01 3.137254901960784270e-02 6.274509803921568540e-02 1.000000000000000000e+00
6.452306699645123933e-01 3.529411764705882304e-02 7.058823529411764608e-02 1.000000000000000000e+00
7.169229666272359802e-01 3.921568627450980338e-02 7.843137254901960675e-02 1.000000000000000000e+00
7.886152632899595671e-01 4.313725490196078372e-02 8.627450980392156743e-02 1.000000000000000000e+00
8.603075599526831541e-01 4.705882352941176405e-02 9.411764705882352811e-02 1.000000000000000000e+00
9.319998566154067410e-01 5.098039215686274439e-02 1.019607843137254888e-01 1.000000000000000000e+00
9.989938154473259058e-01 5.490196078431372473e-02 1.098039215686274495e-01 1.000000000000000000e+00
9.794562513177313967e-01 5.882352941176470507e-02 1.176470588235294101e-01 1.000000000000000000e+00
9.599186871881368877e-01 6.274509803921568540e-02 1.254901960784313708e-01 1.000000000000000000e+00
9.403811230585423786e-01 6.666666666666666574e-02 1.333333333333333315e-01 1.000000000000000000e+00
9.208435589289478695e-01 7.058823529411764608e-02 1.411764705882352922e-01 1.000000000000000000e+00
9.013059947993534715e-01 7.450980392156862642e-02 1.490196078431372528e-01 1.000000000000000000e+00
8.817684306697589625e-01 7.843137254901960675e-02 1.568627450980392135e-01 1.000000000000000000e+00
8.622308665401644534e-01 8.235294117647058709e-02 1.647058823529411742e-01 1.000000000000000000e+00
8.426933024105699443e-01 8.627450980392156743e-02 1.725490196078431349e-01 1.000000000000000000e+00
8.231557382809755463e-01 9.019607843137254777e-02 1.803921568627450955e-01 1.000000000000000000e+00
8.036181741513810373e-01 9.411764705882352811e-02 1.882352941176470562e-01 1.000000000000000000e+00
7.840806100217865282e-01 9.803921568627450844e-02 1.960784313725490169e-01 1.000000000000000000e+00
7.645430458921920192e-01 1.019607843137254888e-01 2.039215686274509776e-01 1.000000000000000000e+00
7.450054817625975101e-01 1.058823529411764691e-01 2.117647058823529382e-01 1.000000000000000000e+00
7.254679176330030010e-01 1.098039215686274495e-01 2.196078431372548989e-01 1.000000000000000000e+00
7.059303535034084920e-01 1.137254901960784298e-01 2.274509803921568596e-01 1.000000000000000000e+00
6.863927893738140940e-01 1.176470588235294101e-01 2.352941176470588203e-01 1.000000000000000000e+00
6.668552252442195849e-01 1.215686274509803905e-01 2.431372549019607809e-01 1.000000000000000000e+00
6.473176611146251869e-01 1.254901960784313708e-01 2.509803921568627416e-01 1.000000000000000000e+00
6.277800969850306778e-01 1.294117647058823373e-01 2.588235294117646745e-01 1.000000000000000000e+00
6.082425328554360577e-01 1.333333333333333315e-01 2.666666666666666630e-01 1.000000000000000000e+00
5.887049687258416597e-01 1.372549019607843257e-01 2.745098039215686514e-01 1.000000000000000000e+00
5.691674045962471506e-01 1.411764705882352922e-01 2.823529411764705843e-01 1.000000000000000000e+00
5.496298404666528636e-01 1.450980392156862586e-01 2.901960784313725172e-01 1.000000000000000000e+00
5.300922763370581325e-01 1.490196078431372528e-01 2.980392156862745057e-01 1.000000000000000000e+00
5.105547122074636235e-01 1.529411764705882470e-01 3.058823529411764941e-01 1.000000000000000000e+00
4.910171480778691144e-01 1.568627450980392135e-01 3.137254901960784270e-01 1.000000000000000000e+00
4.714795839482748274e-01 1.607843137254901800e-01 3.215686274509803599e-01 1.000000000000000000e+00
4.519420198186802073e-01 1.647058823529411742e-01 3.294117647058823484e-01 1.000000000000000000e+00
4.324044556890856983e-01 1.686274509803921684e-01 3.372549019607843368e-01 1.000000000000000000e+00
4.128668915594911892e-01 1.725490196078431349e-01 3.450980392156862697e-01 1.000000000000000000e+00
3.933293274298969022e-01 1.764705882352941013e-01 3.529411764705882026e-01 1.000000000000000000e+00
3.737917633003022821e-01 1.803921568627450955e-01 3.607843137254901911e-01 1.000000000000000000e+00
3.542541991707076621e-01 1.843137254901960898e-01 3.686274509803921795e-01 1.000000000000000000e+00
3.347166350411132640e-01 1.882352941176470562e-01 3.764705882352941124e-01 1.000000000000000000e+00
3.151790709115190880e-01 1.921568627450980227e-01 3.843137254901960453e-01 1.000000000000000000e+00
2.956415067819241349e-01 1.960784313725490169e-01 3.921568627450980338e-01 1.000000000000000000e+00
2.761039426523297369e-01 2.000000000000000111e-01 4.000000000000000222e-01 1.000000000000000000e+00
2.565663785227352278e-01 2.039215686274509776e-01 4.078431372549019551e-01 1.000000000000000000e+00
2.370288143931410518e-01 2.078431372549019440e-01 4.156862745098038880e-01 1.000000000000000000e+00
2.174912502635462097e-01 2.117647058823529382e-01 4.235294117647058765e-01 1.000000000000000000e+00
1.979536861339518117e-01 2.156862745098039325e-01 4.313725490196078649e-01 1.000000000000000000e+00
1.784161220043573026e-01 2.196078431372548989e-01 4.392156862745097978e-01 1.000000000000000000e+00
1.588785578747631266e-01 2.235294117647058654e-01 4.470588235294117307e-01 1.000000000000000000e+00
1.393409937451682845e-01 2.274509803921568596e-01 4.549019607843137192e-01 1.000000000000000000e+00
1.198034296155738865e-01 2.313725490196078538e-01 4.627450980392157076e-01 1.000000000000000000e+00
1.002658654859793774e-01 2.352941176470588203e-01 4.705882352941176405e-01 1.000000000000000000e+00
8.072830135638509041e-02 2.392156862745097867e-01 4.784313725490195734e-01 1.000000000000000000e+00
6.119073722679035932e-02 2.431372549019607809e-01 4.862745098039215619e-01 1.000000000000000000e+00
4.165317309719585026e-02 2.470588235294117752e-01 4.941176470588235503e-01 1.000000000000000000e+00
2.509803921568627416e-01 2.509803921568627416e-01 5.019607843137254832e-01 1.000000000000000000e+00
2.549019607843137081e-01 2.549019607843137081e-01 5.098039215686274161e-01 1.000000000000000000e+00
2.588235294117646745e-01 2.588235294117646745e-01 5.176470588235293491e-01 1.000000000000000000e+00
2.627450980392156965e-01 2.627450980392156965e-01 5.254901960784313930e-01 1.000000000000000000e+00
2.666666666666666630e-01 2.666666666666666630e-01 5.333333333333333259e-01 1.000000000000000000e+00
2.705882352941176294e-01 2.705882352941176294e-01 5.411764705882352589e-01 1.000000000000000000e+00
2.745098039215686514e-01 2.745098039215686514e-01 5.490196078431373028e-01 1.000000000000000000e+00
2.784313725490196179e-01 2.784313725490196179e-01 5.568627450980392357e-01 1.000000000000000000e+00
2.823529411764705843e-01 2.823529411764705843e-01 5.647058823529411686e-01 1.000000000000000000e+00
2.862745098039215508e-01 2.862745098039215508e-01 5.725490196078431016e-01 1.000000000000000000e+00
2.901960784313725172e-01 2.901960784313725172e-01 5.803921568627450345e-01 1.000000000000000000e+00
2.941176470588235392e-01 2.941176470588235392e-01 5.882352941176470784e-01 1.000000000000000000e+00
2.980392156862745057e-01 2.980392156862745057e-01 5.960784313725490113e-01 1.000000000000000000e+00
3.019607843137254721e-01 3.019607843137254721e-01 6.039215686274509443e-01 1.000000000000000000e+00
3.058823529411764941e-01 3.058823529411764941e-01 6.117647058823529882e-01 1.000000000000000000e+00
3.098039215686274606e-01 3.098039215686274606e-01 6.196078431372549211e-01 1.000000000000000000e+00
3.137254901960784270e-01 3.137254901960784270e-01 6.274509803921568540e-01 1.000000000000000000e+00
3.176470588235293935e-01 3.176470588235293935e-01 6.352941176470587870e-01 1.000000000000000000e+00
3.215686274509803599e-01 3.215686274509803599e-01 6.431372549019607199e-01 1.000000000000000000e+00
3.254901960784313819e-01 3.254901960784313819e-01 6.509803921568627638e-01 1.000000000000000000e+00
3.294117647058823484e-01 3.294117647058823484e-01 6.588235294117646967e-01 1.000000000000000000e+00
3.333333333333333148e-01 3.333333333333333148e-01 6.666666666666666297e-01 1.000000000000000000e+00
3.372549019607843368e-01 3.372549019607843368e-01 6.745098039215686736e-01 1.000000000000000000e+00
3.411764705882353033e-01 3.411764705882353033e-01 6.823529411764706065e-01 1.000000000000000000e+00
3.450980392156862697e-01 3.450980392156862697e-01 6.901960784313725394e-01 1.000000000000000000e+00
3.490196078431372362e-01 3.490196078431372362e-01 6.980392156862744724e-01 1.000000000000000000e+00
3.529411764705882026e-01 3.529411764705882026e-01 7.058823529411764053e-01 1.000000000000000000e+00
3.568627450980392246e-01 3.568627450980392246e-01 7.137254901960784492e-01 1.000000000000000000e+00
3.607843137254901911e-01 3.607843137254901911e-01 7.215686274509803821e-01 1.000000000000000000e+00
3.647058823529412130e-01 3.647058823529411575e-01 7.294117647058823151e-01 1.000000000000000000e+00
3.686274509803921795e-01 3.686274509803921795e-01 7.372549019607843590e-01 1.000000000000000000e+00
3.725490196078431460e-01 3.725490196078431460e-01 7.450980392156862919e-01 1.000000000000000000e+00
3.764705882352941124e-01 3.764705882352941124e-01 7.529411764705882248e-01 1.000000000000000000e+00
3.803921568627450789e-01 3.803921568627450789e-01 7.607843137254901578e-01 1.000000000000000000e+00
3.843137254901960453e-01 3.843137254901960453e-01 7.686274509803920907e-01 1.000000000000000000e+00
3.882352941176470673e-01 3.882352941176470673e-01 7.764705882352941346e-01 1.000000000000000000e+00
3.921568627450980338e-01 3.921568627450980338e-01 7.843137254901960675e-01 1.000000000000000000e+00
3.960784313725490557e-01 3.960784313725490002e-01 7.921568627450980005e-01 1.000000000000000000e+00
4.000000000000000222e-01 4.000000000000000222e-01 8.000000000000000444e-01 1.000000000000000000e+00
4.039215686274509887e-01 4.039215686274509887e-01 8.078431372549019773e-01 1.000000000000000000e+00
4.078431372549019551e-01 4.078431372549019551e-01 8.156862745098039102e-01 1.000000000000000000e+00
4.117647058823529216e-01 4.117647058823529216e-01 8.235294117647058432e-01 1.000000000000000000e+00
4.156862745098038880e-01 4.156862745098038880e-01 8.313725490196077761e-01 1.000000000000000000e+00
4.196078431372549100e-01 4.196078431372549100e-01 8.392156862745098200e-01 1.000000000000000000e+00
4.235294117647058765e-01 4.235294117647058765e-01 8.470588235294117530e-01 1.000000000000000000e+00
4.274509803921568429e-01 4.274509803921568429e-01 8.549019607843136859e-01 1.000000000000000000e+00
4.313725490196078649e-01 4.313725490196078649e-01 8.627450980392157298e-01 1.000000000000000000e+00
4.352941176470588314e-01 4.352941176470588314e-01 8.705882352941176627e-01 1.000000000000000000e+00
4.392156862745097978e-01 4.392156862745097978e-01 8.784313725490195957e-01 1.000000000000000000e+00
4.431372549019607643e-01 4.431372549019607643e-01 8.862745098039215286e-01 1.000000000000000000e+00
4.470588235294116752e-01 4.470588235294117307e-01 8.941176470588234615e-01 1.000000000000000000e+00
4.509803921568627527e-01 4.509803921568627527e-01 9.019607843137255054e-01 1.000000000000000000e+00
4.549019607843137192e-01 4.549019607843137192e-01 9.098039215686274384e-01 1.000000000000000000e+00
4.588235294117647411e-01 4.588235294117646856e-01 9.176470588235293713e-01 1.000000000000000000e+00
4.627450980392157076e-01 4.627450980392157076e-01 9.254901960784314152e-01 1.000000000000000000e+00
4.666666666666666741e-01 4.666666666666666741e-01 9.333333333333333481e-01 1.000000000000000000e+00
4.705882352941176405e-01 4.705882352941176405e-01 9.411764705882352811e-01 1.000000000000000000e+00
4.745098039215686070e-01 4.745098039215686070e-01 9.490196078431372140e-01 1.000000000000000000e+00
4.784313725490195734e-01 4.784313725490195734e-01 9.568627450980391469e-01 1.000000000000000000e+00
4.823529411764705954e-01 4.823529411764705954e-01 9.647058823529411908e-01 1.000000000000000000e+00
4.862745098039215619e-01 4.862745098039215619e-01 9.725490196078431238e-01 1.000000000000000000e+00
4.901960784313725283e-01 4.901960784313725283e-01 9.803921568627450567e-01 1.000000000000000000e+00
4.941176470588235503e-01 4.941176470588235503e-01 9.882352941176471006e-01 1.000000000000000000e+00
5.019607843137254832e-01 5.019607843137254832e-01 9.916562369628703077e-01 1.000000000000000000e+00
5.058823529411764497e-01 5.058823529411764497e-01 9.749687108886107012e-01 1.000000000000000000e+00
5.098039215686274161e-01 5.098039215686274161e-01 9.582811848143513167e-01 1.000000000000000000e+00
5.137254901960783826e-01 5.137254901960783826e-01 9.415936587400917102e-01 1.000000000000000000e+00
5.176470588235293491e-01 5.176470588235293491e-01 9.249061326658327697e-01 1.000000000000000000e+00
5.215686274509803155e-01 5.215686274509804266e-01 9.082186065915727191e-01 1.000000000000000000e+00
5.254901960784313930e-01 5.254901960784313930e-01 8.915310805173133346e-01 1.000000000000000000e+00
5.294117647058823595e-01 5.294117647058823595e-01 8.748435544430537281e-01 1.000000000000000000e+00
5.333333333333333259e-01 5.333333333333333259e-01 8.581560283687943436e-01 1.000000000000000000e+00
5.372549019607844034e-01 5.372549019607842924e-01 8.414685022945347370e-01 1.000000000000000000e+00
5.411764705882353699e-01 5.411764705882352589e-01 8.247809762202753525e-01 1.000000000000000000e+00
5.450980392156863363e-01 5.450980392156862253e-01 8.080934501460157460e-01 1.000000000000000000e+00
5.490196078431373028e-01 5.490196078431373028e-01 7.914059240717563615e-01 1.000000000000000000e+00
5.529411764705882693e-01 5.529411764705882693e-01 7.747183979974967549e-01 1.000000000000000000e+00
5.568627450980392357e-01 5.568627450980392357e-01 7.580308719232373704e-01 1.000000000000000000e+00
5.607843137254902022e-01 5.607843137254902022e-01 7.413433458489777639e-01 1.000000000000000000e+00
5.647058823529411686e-01 5.647058823529411686e-01 7.246558197747183794e-01 1.000000000000000000e+00
5.686274509803921351e-01 5.686274509803921351e-01 7.079682937004587728e-01 1.000000000000000000e+00
5.725490196078431016e-01 5.725490196078431016e-01 6.912807676261993883e-01 1.000000000000000000e+00
5.764705882352940680e-01 5.764705882352940680e-01 6.745932415519397818e-01 1.000000000000000000e+00
5.803921568627450345e-01 5.803921568627450345e-01 6.579057154776808414e-01 1.000000000000000000e+00
5.843137254901961120e-01 5.843137254901961120e-01 6.412181894034207907e-01 1.000000000000000000e+00
5.882352941176470784e-01 5.882352941176470784e-01 6.245306633291614062e-01 1.000000000000000000e+00
5.921568627450980449e-01 5.921568627450980449e-01 6.078431372549017997e-01 1.000000000000000000e+00
5.960784313725490113e-01 5.960784313725490113e-01 5.911556111806424152e-01 1.000000000000000000e+00
5.999999999999999778e-01 5.999999999999999778e-01 5.744680851063828086e-01 1.000000000000000000e+00
6.039215686274509443e-01 6.039215686274509443e-01 5.577805590321234241e-01 1.000000000000000000e+00
6.078431372549020217e-01 6.078431372549019107e-01 5.410930329578638176e-01 1.000000000000000000e+00
6.117647058823529882e-01 6.117647058823529882e-01 5.244055068836044331e-01 1.000000000000000000e+00
6.156862745098039547e-01 6.156862745098039547e-01 5.077179808093448266e-01 1.000000000000000000e+00
6.196078431372549211e-01 6.196078431372549211e-01 4.910304547350853310e-01 1.000000000000000000e+00
6.235294117647058876e-01 6.235294117647058876e-01 4.743429286608258355e-01 1.000000000000000000e+00
6.274509803921568540e-01 6.274509803921568540e-01 4.576554025865663400e-01 1.000000000000000000e+00
6.313725490196078205e-01 6.313725490196078205e-01 4.409678765123068445e-01 1.000000000000000000e+00
6.352941176470587870e-01 6.352941176470587870e-01 4.242803504380473489e-01 1.000000000000000000e+00
6.392156862745098644e-01 6.392156862745097534e-01 4.075928243637878534e-01 1.000000000000000000e+00
6.431372549019606089e-01 6.431372549019607199e-01 3.909052982895289130e-01 1.000000000000000000e+00
6.470588235294117974e-01 6.470588235294117974e-01 3.742177722152688624e-01 1.000000000000000000e+00
6.509803921568627638e-01 6.509803921568627638e-01 3.575302461410093668e-01 1.000000000000000000e+00
6.549019607843137303e-01 6.549019607843137303e-01 3.408427200667498713e-01 1.000000000000000000e+00
6.588235294117646967e-01 6.588235294117646967e-01 3.241551939924903758e-01 1.000000000000000000e+00
6.627450980392157742e-01 6.627450980392156632e-01 3.074676679182308803e-01 1.000000000000000000e+00
6.666666666666667407e-01 6.666666666666666297e-01 2.907801418439713848e-01 1.000000000000000000e+00
6.705882352941177071e-01 6.705882352941175961e-01 2.740926157697118892e-01 1.000000000000000000e+00
6.745098039215686736e-01 6.745098039215686736e-01 2.574050896954523937e-01 1.000000000000000000e+00
6.784313725490196401e-01 6.784313725490196401e-01 2.407175636211928982e-01 1.000000000000000000e+00
6.823529411764706065e-01 6.823529411764706065e-01 2.240300375469334027e-01 1.000000000000000000e+00
6.862745098039215730e-01 6.862745098039215730e-01 2.073425114726739071e-01 1.000000000000000000e+00
6.901960784313725394e-01 6.901960784313725394e-01 1.906549853984144116e-01 1.000000000000000000e+00
6.941176470588235059e-01 6.941176470588235059e-01 1.739674593241549161e-01 1.000000000000000000e+00
6.980392156862744724e-01 6.980392156862744724e-01 1.572799332498954206e-01 1.000000000000000000e+00
7.019607843137254388e-01 7.019607843137254388e-01 1.405924071756359250e-01 1.000000000000000000e+00
7.058823529411764053e-01 7.058823529411764053e-01 1.239048811013769846e-01 1.000000000000000000e+00
7.098039215686274828e-01 7.098039215686274828e-01 1.072173550271169340e-01 1.000000000000000000e+00
7.137254901960784492e-01 7.137254901960784492e-01 9.052982895285743847e-02 1.000000000000000000e+00
7.176470588235294157e-01 7.176470588235294157e-01 7.384230287859794295e-02 1.000000000000000000e+00
7.215686274509803821e-01 7.215686274509803821e-01 5.715477680433844743e-02 1.000000000000000000e+00
7.254901960784313486e-01 7.254901960784313486e-01 4.046725073007895190e-02 1.000000000000000000e+00
7.294117647058823151e-01 7.294117647058823151e-01 2.377972465581945638e-02 1.000000000000000000e+00
7.333333333333333925e-01 7.333333333333332815e-01 7.092198581559960857e-03 1.000000000000000000e+00
7.372549019607843590e-01 7.372549019607843590e-01 8.509064002959924183e-03 1.000000000000000000e+00
7.411764705882353255e-01 7.411764705882353255e-01 2.330743618202022263e-02 1.000000000000000000e+00
7.450980392156862919e-01 7.450980392156862919e-01 3.810580836108052455e-02 1.000000000000000000e+00
7.490196078431372584e-01 7.490196078431372584e-01 5.290418054014082300e-02 1.000000000000000000e+00
7.529411764705882248e-01 7.529411764705882248e-01 6.770255271920112838e-02 1.000000000000000000e+00
7.568627450980391913e-01 7.568627450980391913e-01 8.250092489826142683e-02 1.000000000000000000e+00
7.607843137254901578e-01 7.607843137254901578e-01 9.729929707732172528e-02 1.000000000000000000e+00
7.647058823529411242e-01 7.647058823529411242e-01 1.120976692563820237e-01 1.000000000000000000e+00
7.686274509803920907e-01 7.686274509803920907e-01 1.268960414354418920e-01 1.000000000000000000e+00
7.725490196078430571e-01 7.725490196078431682e-01 1.416944136145026345e-01 1.000000000000000000e+00
7.764705882352940236e-01 7.764705882352941346e-01 1.564927857935629329e-01 1.000000000000000000e+00
7.803921568627451011e-01 7.803921568627451011e-01 1.712911579726232314e-01 1.000000000000000000e+00
7.843137254901960675e-01 7.843137254901960675e-01 1.860895301516835298e-01 1.000000000000000000e+00
7.882352941176470340e-01 7.882352941176470340e-01 2.008879023307438283e-01 1.000000000000000000e+00
7.921568627450980005e-01 7.921568627450980005e-01 2.156862745098041267e-01 1.000000000000000000e+00
7.960784313725489669e-01 7.960784313725489669e-01 2.304846466888644252e-01 1.000000000000000000e+00
7.999999999999999334e-01 8.000000000000000444e-01 2.452830188679247236e-01 1.000000000000000000e+00
8.039215686274510109e-01 8.039215686274510109e-01 2.600813910469850221e-01 1.000000000000000000e+00
8.078431372549019773e-01 8.078431372549019773e-01 2.748797632260452928e-01 1.000000000000000000e+00
8.117647058823529438e-01 8.117647058823529438e-01 2.896781354051056190e-01 1.000000000000000000e+00
8.156862745098039102e-01 8.156862745098039102e-01 3.044765075841658897e-01 1.000000000000000000e+00
8.196078431372548767e-01 8.196078431372548767e-01 3.192748797632262159e-01 1.000000000000000000e+00
8.235294117647058432e-01 8.235294117647058432e-01 3.340732519422865421e-01 1.000000000000000000e+00
8.274509803921569207e-01 8.274509803921568096e-01 3.488716241213468128e-01 1.000000000000000000e+00
8.313725490196076651e-01 8.313725490196077761e-01 3.636699963004066949e-01 1.000000000000000000e+00
8.352941176470588536e-01 8.352941176470588536e-01 3.784683684794674097e-01 1.000000000000000000e+00
8.392156862745098200e-01 8.392156862745098200e-01 3.932667406585277359e-01 1.000000000000000000e+00
8.431372549019607865e-01 8.431372549019607865e-01 4.080651128375880066e-01 1.000000000000000000e+00
8.470588235294117530e-01 8.470588235294117530e-01 4.228634850166483328e-01 1.000000000000000000e+00
8.509803921568628304e-01 8.509803921568627194e-01 4.376618571957086035e-01 1.000000000000000000e+00
8.549019607843137969e-01 8.549019607843136859e-01 4.524602293747689297e-01 1.000000000000000000e+00
8.588235294117647634e-01 8.588235294117646523e-01 4.672586015538292004e-01 1.000000000000000000e+00
8.627450980392157298e-01 8.627450980392157298e-01 4.820569737328895266e-01 1.000000000000000000e+00
8.666666666666666963e-01 8.666666666666666963e-01 4.968553459119497973e-01 1.000000000000000000e+00
8.705882352941176627e-01 8.705882352941176627e-01 5.116537180910101235e-01 1.000000000000000000e+00
8.745098039215686292e-01 8.745098039215686292e-01 5.264520902700704497e-01 1.000000000000000000e+00
8.784313725490195957e-01 8.784313725490195957e-01 5.412504624491306648e-01 1.000000000000000000e+00
8.823529411764705621e-01 8.823529411764705621e-01 5.560488346281909910e-01 1.000000000000000000e+00
8.862745098039215286e-01 8.862745098039215286e-01 5.708472068072513173e-01 1.000000000000000000e+00
8.901960784313724950e-01 8.901960784313724950e-01 5.856455789863116435e-01 1.000000000000000000e+00
8.941176470588234615e-01 8.941176470588234615e-01 6.004439511653715256e-01 1.000000000000000000e+00
8.980392156862745390e-01 8.980392156862745390e-01 6.152423233444321848e-01 1.000000000000000000e+00
9.019607843137255054e-01 9.019607843137255054e-01 6.300406955234925110e-01 1.000000000000000000e+00
9.058823529411764719e-01 9.058823529411764719e-01 6.448390677025528372e-01 1.000000000000000000e+00
9.098039215686274384e-01 9.098039215686274384e-01 6.596374398816131635e-01 1.000000000000000000e+00
9.137254901960784048e-01 9.137254901960784048e-01 6.744358120606733786e-01 1.000000000000000000e+00
9.176470588235293713e-01 9.176470588235293713e-01 6.892341842397337048e-01 1.000000000000000000e+00
9.215686274509804488e-01 9.215686274509803377e-01 7.040325564187940310e-01 1.000000000000000000e+00
9.254901960784314152e-01 9.254901960784314152e-01 7.188309285978543572e-01 1.000000000000000000e+00
9.294117647058823817e-01 9.294117647058823817e-01 7.336293007769145724e-01 1.000000000000000000e+00
9.333333333333333481e-01 9.333333333333333481e-01 7.484276729559748986e-01 1.000000000000000000e+00
9.372549019607843146e-01 9.372549019607843146e-01 7.632260451350352248e-01 1.000000000000000000e+00
9.411764705882352811e-01 9.411764705882352811e-01 7.780244173140955510e-01 1.000000000000000000e+00
9.450980392156862475e-01 9.450980392156862475e-01 7.928227894931557662e-01 1.000000000000000000e+00
9.490196078431372140e-01 9.490196078431372140e-01 8.076211616722160924e-01 1.000000000000000000e+00
9.529411764705881804e-01 9.529411764705881804e-01 8.224195338512764186e-01 1.000000000000000000e+00
9.568627450980391469e-01 9.568627450980391469e-01 8.372179060303363007e-01 1.000000000000000000e+00
9.607843137254901134e-01 9.607843137254902244e-01 8.520162782093969600e-01 1.000000000000000000e+00
9.647058823529410798e-01 9.647058823529411908e-01 8.668146503884572862e-01 1.000000000000000000e+00
9.686274509803921573e-01 9.686274509803921573e-01 8.816130225675176124e-01 1.000000000000000000e+00
9.725490196078431238e-01 9.725490196078431238e-01 8.964113947465779386e-01 1.000000000000000000e+00
9.764705882352940902e-01 9.764705882352940902e-01 9.112097669256381538e-01 1.000000000000000000e+00
9.803921568627450567e-01 9.803921568627450567e-01 9.260081391046984800e-01 1.000000000000000000e+00
9.843137254901960231e-01 9.843137254901960231e-01 9.408065112837588062e-01 1.000000000000000000e+00
9.882352941176469896e-01 9.882352941176471006e-01 9.556048834628191324e-01 1.000000000000000000e+00
9.921568627450980671e-01 9.921568627450980671e-01 9.704032556418793476e-01 1.000000000000000000e+00
9.960784313725490335e-01 9.960784313725490335e-01 9.852016278209396738e-01 1.000000000000000000e+00
1.000000000000000000e+00 1.000000000000000000e+00 1.000000000000000000e+00 1.000000000000000000e+00
