1.000000000000000000e+00 1.000000000000000000e+00 1.000000000000000000e+00 1.000000000000000000e+00
9.960784313725490335e-01 9.960784313725490335e-01 9.852016278209396738e-01 1.000000000000000000e+00
9.921568627450980671e-01 9.921568627450980671e-01 9.704032556418793476e-01 1.000000000000000000e+00
9.882352941176471006e-01 9.882352941176471006e-01 9.556048834628191324e-01 1.000000000000000000e+00
9.843137254901961342e-01 9.843137254901961342e-01 9.408065112837588062e-01 1.000000000000000000e+00
9.803921568627450567e-01 9.803921568627450567e-01 9.260081391046984800e-01 1.000000000000000000e+00
9.764705882352940902e-01 9.764705882352940902e-01 9.112097669256381538e-01 1.000000000000000000e+00
9.725490196078431238e-01 9.725490196078431238e-01 8.964113947465779386e-01 1.000000000000000000e+00
9.686274509803921573e-01 9.686274509803921573e-01 8.816130225675176124e-01 1.000000000000000000e+00
9.647058823529411908e-01 9.647058823529411908e-01 8.668146503884572862e-01 1.000000000000000000e+00
9.607843137254902244e-01 9.607843137254902244e-01 8.520162782093969600e-01 1.000000000000000000e+00
9.568627450980392579e-01 9.568627450980392579e-01 8.372179060303366338e-01 1.000000000000000000e+00
9.529411764705881804e-01 9.529411764705881804e-01 8.224195338512763076e-01 1.000000000000000000e+00
9.490196078431372140e-01 9.490196078431372140e-01 8.076211616722160924e-01 1.000000000000000000e+00
9.450980392156862475e-01 9.450980392156862475e-01 7.928227894931557662e-01 1.000000000000000000e+00
9.411764705882352811e-01 9.411764705882352811e-01 7.780244173140954400e-01 1.000000000000000000e+00
9.372549019607843146e-01 9.372549019607843146e-01 7.632260451350352248e-01 1.000000000000000000e+00
9.333333333333333481e-01 9.333333333333333481e-01 7.484276729559748986e-01 1.000000000000000000e+00
9.294117647058823817e-01 9.294117647058823817e-01 7.336293007769145724e-01 1.000000000000000000e+00
9.254901960784314152e-01 9.254901960784314152e-01 7.188309285978542462e-01 1.000000000000000000e+00
9.215686274509804488e-01 9.215686274509804488e-01 7.040325564187939200e-01 1.000000000000000000e+00
9.176470588235293713e-01 9.176470588235293713e-01 6.892341842397335938e-01 1.000000000000000000e+00
9.137254901960784048e-01 9.137254901960784048e-01 6.744358120606732676e-01 1.000000000000000000e+00
9.098039215686274384e-01 9.098039215686274384e-01 6.596374398816130524e-01 1.000000000000000000e+00
9.058823529411764719e-01 9.058823529411764719e-01 6.448390677025527262e-01 1.000000000000000000e+00
9.019607843137255054e-01 9.019607843137255054e-01 6.300406955234925110e-01 1.000000000000000000e+00
8.980392156862745390e-01 8.980392156862745390e-01 6.152423233444321848e-01 1.000000000000000000e+00
8.941176470588235725e-01 8.941176470588235725e-01 6.004439511653718586e-01 1.000000000000000000e+00
8.901960784313724950e-01 8.901960784313724950e-01 5.856455789863115324e-01 1.000000000000000000e+00
8.862745098039215286e-01 8.862745098039215286e-01 5.708472068072512062e-01 1.000000000000000000e+00
8.823529411764705621e-01 8.823529411764705621e-01 5.560488346281908800e-01 1.000000000000000000e+00
8.784313725490195957e-01 8.784313725490195957e-01 5.412504624491305538e-01 1.000000000000000000e+00
8.745098039215686292e-01 8.745098039215686292e-01 5.264520902700703386e-01 1.000000000000000000e+00
8.705882352941176627e-01 8.705882352941176627e-01 5.116537180910101235e-01 1.000000000000000000e+00
8.666666666666666963e-01 8.666666666666666963e-01 4.968553459119496862e-01 1.000000000000000000e+00
8.627450980392157298e-01 8.627450980392157298e-01 4.820569737328893600e-01 1.000000000000000000e+00
8.588235294117647634e-01 8.588235294117647634e-01 4.672586015538291448e-01 1.000000000000000000e+00
8.549019607843137969e-01 8.549019607843137969e-01 4.524602293747689297e-01 1.000000000000000000e+00
8.509803921568627194e-01 8.509803921568627194e-01 4.376618571957084924e-01 1.000000000000000000e+00
8.470588235294117530e-01 8.470588235294117530e-01 4.228634850166481662e-01 1.000000000000000000e+00
8.431372549019607865e-01 8.431372549019607865e-01 4.080651128375878400e-01 1.000000000000000000e+00
8.392156862745098200e-01 8.392156862745098200e-01 3.932667406585277359e-01 1.000000000000000000e+00
8.352941176470588536e-01 8.352941176470588536e-01 3.784683684794672986e-01 1.000000000000000000e+00
8.313725490196077761e-01 8.313725490196077761e-01 3.636699963004069724e-01 1.000000000000000000e+00
8.274509803921568096e-01 8.274509803921568096e-01 3.488716241213466462e-01 1.000000000000000000e+00
8.235294117647058432e-01 8.235294117647058432e-01 3.340732519422864311e-01 1.000000000000000000e+00
8.196078431372548767e-01 8.196078431372548767e-01 3.192748797632261049e-01 1.000000000000000000e+00
8.156862745098039102e-01 8.156862745098039102e-01 3.044765075841657787e-01 1.000000000000000000e+00
8.117647058823529438e-01 8.117647058823529438e-01 2.896781354051054524e-01 1.000000000000000000e+00
8.078431372549019773e-01 8.078431372549019773e-01 2.748797632260452373e-01 1.000000000000000000e+00
8.039215686274510109e-01 8.039215686274510109e-01 2.600813910469849111e-01 1.000000000000000000e+00
8.000000000000000444e-01 8.000000000000000444e-01 2.452830188679245849e-01 1.000000000000000000e+00
7.960784313725490779e-01 7.960784313725490779e-01 2.304846466888642587e-01 1.000000000000000000e+00
7.921568627450981115e-01 7.921568627450981115e-01 2.156862745098040435e-01 1.000000000000000000e+00
7.882352941176470340e-01 7.882352941176470340e-01 2.008879023307436062e-01 1.000000000000000000e+00
7.843137254901960675e-01 7.843137254901960675e-01 1.860895301516833911e-01 1.000000000000000000e+00
7.803921568627451011e-01 7.803921568627451011e-01 1.712911579726230649e-01 1.000000000000000000e+00
7.764705882352941346e-01 7.764705882352941346e-01 1.564927857935628497e-01 1.000000000000000000e+00
7.725490196078431682e-01 7.725490196078431682e-01 1.416944136145024125e-01 1.000000000000000000e+00
7.686274509803920907e-01 7.686274509803920907e-01 1.268960414354420863e-01 1.000000000000000000e+00
7.647058823529411242e-01 7.647058823529411242e-01 1.120976692563818711e-01 1.000000000000000000e+00
7.607843137254901578e-01 7.607843137254901578e-01 9.729929707732165589e-02 1.000000000000000000e+00
7.568627450980391913e-01 7.568627450980391913e-01 8.250092489826121867e-02 1.000000000000000000e+00
7.529411764705882248e-01 7.529411764705882248e-01 6.770255271920089246e-02 1.000000000000000000e+00
7.490196078431372584e-01 7.490196078431372584e-01 5.290418054014067728e-02 1.000000000000000000e+00
7.450980392156862919e-01 7.450980392156862919e-01 3.810580836108035108e-02 1.000000000000000000e+00
7.411764705882353255e-01 7.411764705882353255e-01 2.330743618202024692e-02 1.000000000000000000e+00
7.372549019607843590e-01 7.372549019607843590e-01 8.509064002959698669e-03 1.000000000000000000e+00
7.333333333333333925e-01 7.333333333333333925e-01 7.092198581560236678e-03 1.000000000000000000e+00
7.294117647058824261e-01 7.294117647058824261e-01 2.377972465581972700e-02 1.000000000000000000e+00
7.254901960784314596e-01 7.254901960784313486e-01 4.046725073007922252e-02 1.000000000000000000e+00
7.215686274509803821e-01 7.215686274509803821e-01 5.715477680433871110e-02 1.000000000000000000e+00
7.176470588235294157e-01 7.176470588235294157e-01 7.384230287859820663e-02 1.000000000000000000e+00
7.137254901960784492e-01 7.137254901960784492e-01 9.052982895285770215e-02 1.000000000000000000e+00
7.098039215686275938e-01 7.098039215686274828e-01 1.072173550271169479e-01 1.000000000000000000e+00
7.058823529411764053e-01 7.058823529411764053e-01 1.239048811013766793e-01 1.000000000000000000e+00
7.019607843137254388e-01 7.019607843137254388e-01 1.405924071756361748e-01 1.000000000000000000e+00
6.980392156862744724e-01 6.980392156862744724e-01 1.572799332498956704e-01 1.000000000000000000e+00
6.941176470588235059e-01 6.941176470588235059e-01 1.739674593241551659e-01 1.000000000000000000e+00
6.901960784313725394e-01 6.901960784313725394e-01 1.906549853984146337e-01 1.000000000000000000e+00
6.862745098039215730e-01 6.862745098039215730e-01 2.073425114726741292e-01 1.000000000000000000e+00
6.823529411764706065e-01 6.823529411764706065e-01 2.240300375469336247e-01 1.000000000000000000e+00
6.784313725490196401e-01 6.784313725490196401e-01 2.407175636211928982e-01 1.000000000000000000e+00
6.745098039215686736e-01 6.745098039215686736e-01 2.574050896954526158e-01 1.000000000000000000e+00
6.705882352941177071e-01 6.705882352941177071e-01 2.740926157697121113e-01 1.000000000000000000e+00
6.666666666666667407e-01 6.666666666666667407e-01 2.907801418439716068e-01 1.000000000000000000e+00
6.627450980392156632e-01 6.627450980392156632e-01 3.074676679182311023e-01 1.000000000000000000e+00
6.588235294117646967e-01 6.588235294117646967e-01 3.241551939924905978e-01 1.000000000000000000e+00
6.549019607843137303e-01 6.549019607843137303e-01 3.408427200667500934e-01 1.000000000000000000e+00
6.509803921568627638e-01 6.509803921568627638e-01 3.575302461410095889e-01 1.000000000000000000e+00
6.470588235294117974e-01 6.470588235294117974e-01 3.742177722152688069e-01 1.000000000000000000e+00
6.431372549019608309e-01 6.431372549019607199e-01 3.909052982895285244e-01 1.000000000000000000e+00
6.392156862745097534e-01 6.392156862745097534e-01 4.075928243637880199e-01 1.000000000000000000e+00
6.352941176470587870e-01 6.352941176470587870e-01 4.242803504380475155e-01 1.000000000000000000e+00
6.313725490196078205e-01 6.313725490196078205e-01 4.409678765123070110e-01 1.000000000000000000e+00
6.274509803921568540e-01 6.274509803921568540e-01 4.576554025865665065e-01 1.000000000000000000e+00
6.235294117647058876e-01 6.235294117647058876e-01 4.743429286608260020e-01 1.000000000000000000e+00
6.196078431372549211e-01 6.196078431372549211e-01 4.910304547350854976e-01 1.000000000000000000e+00
6.156862745098039547e-01 6.156862745098039547e-01 5.077179808093447155e-01 1.000000000000000000e+00
6.117647058823528772e-01 6.117647058823529882e-01 5.244055068836044331e-01 1.000000000000000000e+00
6.078431372549019107e-01 6.078431372549020217e-01 5.410930329578639286e-01 1.000000000000000000e+00
6.039215686274509443e-01 6.039215686274510553e-01 5.577805590321234241e-01 1.000000000000000000e+00
5.999999999999999778e-01 5.999999999999999778e-01 5.744680851063829197e-01 1.000000000000000000e+00
5.960784313725490113e-01 5.960784313725490113e-01 5.911556111806424152e-01 1.000000000000000000e+00
5.921568627450980449e-01 5.921568627450980449e-01 6.078431372549019107e-01 1.000000000000000000e+00
5.882352941176469674e-01 5.882352941176470784e-01 6.245306633291614062e-01 1.000000000000000000e+00
5.843137254901961120e-01 5.843137254901961120e-01 6.412181894034206797e-01 1.000000000000000000e+00
5.803921568627450345e-01 5.803921568627450345e-01 6.579057154776803973e-01 1.000000000000000000e+00
5.764705882352940680e-01 5.764705882352940680e-01 6.745932415519398928e-01 1.000000000000000000e+00
5.725490196078431016e-01 5.725490196078431016e-01 6.912807676261993883e-01 1.000000000000000000e+00
5.686274509803921351e-01 5.686274509803921351e-01 7.079682937004588839e-01 1.000000000000000000e+00
5.647058823529411686e-01 5.647058823529411686e-01 7.246558197747183794e-01 1.000000000000000000e+00
5.607843137254902022e-01 5.607843137254902022e-01 7.413433458489778749e-01 1.000000000000000000e+00
5.568627450980392357e-01 5.568627450980392357e-01 7.580308719232373704e-01 1.000000000000000000e+00
5.529411764705882693e-01 5.529411764705882693e-01 7.747183979974966439e-01 1.000000000000000000e+00
5.490196078431373028e-01 5.490196078431373028e-01 7.914059240717563615e-01 1.000000000000000000e+00
5.450980392156863363e-01 5.450980392156863363e-01 8.080934501460158570e-01 1.000000000000000000e+00
5.411764705882352589e-01 5.411764705882353699e-01 8.247809762202753525e-01 1.000000000000000000e+00
5.372549019607842924e-01 5.372549019607842924e-01 8.414685022945348480e-01 1.000000000000000000e+00
5.333333333333333259e-01 5.333333333333333259e-01 8.581560283687943436e-01 1.000000000000000000e+00
5.294117647058823595e-01 5.294117647058823595e-01 8.748435544430538391e-01 1.000000000000000000e+00
5.254901960784313930e-01 5.254901960784313930e-01 8.915310805173133346e-01 1.000000000000000000e+00
5.215686274509804266e-01 5.215686274509804266e-01 9.082186065915726081e-01 1.000000000000000000e+00
5.176470588235293491e-01 5.176470588235293491e-01 9.249061326658323257e-01 1.000000000000000000e+00
5.137254901960783826e-01 5.137254901960783826e-01 9.415936587400918212e-01 1.000000000000000000e+00
5.098039215686274161e-01 5.098039215686274161e-01 9.582811848143513167e-01 1.000000000000000000e+00
5.058823529411764497e-01 5.058823529411764497e-01 9.749687108886108122e-01 1.000000000000000000e+00
4.980392156862745168e-01 4.980392156862745168e-01 9.960784313725490335e-01 1.000000000000000000e+00
4.941176470588235503e-01 4.941176470588235503e-01 9.882352941176471006e-01 1.000000000000000000e+00
4.901960784313725839e-01 4.901960784313725839e-01 9.803921568627450567e-01 1.000000000000000000e+00
4.862745098039216174e-01 4.862745098039216174e-01 9.725490196078431238e-01 1.000000000000000000e+00
4.823529411764706509e-01 4.823529411764706509e-01 9.647058823529414129e-01 1.000000000000000000e+00
4.784313725490196845e-01 4.784313725490195734e-01 9.568627450980392579e-01 1.000000000000000000e+00
4.745098039215687180e-01 4.745098039215686070e-01 9.490196078431372140e-01 1.000000000000000000e+00
4.705882352941176405e-01 4.705882352941176405e-01 9.411764705882352811e-01 1.000000000000000000e+00
4.666666666666666741e-01 4.666666666666666741e-01 9.333333333333333481e-01 1.000000000000000000e+00
4.627450980392157076e-01 4.627450980392157076e-01 9.254901960784314152e-01 1.000000000000000000e+00
4.588235294117647411e-01 4.588235294117647411e-01 9.176470588235293713e-01 1.000000000000000000e+00
4.549019607843137747e-01 4.549019607843137747e-01 9.098039215686274384e-01 1.000000000000000000e+00
4.509803921568628082e-01 4.509803921568626972e-01 9.019607843137255054e-01 1.000000000000000000e+00
4.470588235294117307e-01 4.470588235294117307e-01 8.941176470588235725e-01 1.000000000000000000e+00
4.431372549019607643e-01 4.431372549019607643e-01 8.862745098039215286e-01 1.000000000000000000e+00
4.392156862745097978e-01 4.392156862745097978e-01 8.784313725490195957e-01 1.000000000000000000e+00
4.352941176470588314e-01 4.352941176470588314e-01 8.705882352941176627e-01 1.000000000000000000e+00
4.313725490196078649e-01 4.313725490196078649e-01 8.627450980392157298e-01 1.000000000000000000e+00
4.274509803921568984e-01 4.274509803921568984e-01 8.549019607843136859e-01 1.000000000000000000e+00
4.235294117647058210e-01 4.235294117647059320e-01 8.470588235294117530e-01 1.000000000000000000e+00
4.196078431372550765e-01 4.196078431372549655e-01 8.392156862745100421e-01 1.000000000000000000e+00
4.156862745098038880e-01 4.156862745098038880e-01 8.313725490196077761e-01 1.000000000000000000e+00
4.117647058823529216e-01 4.117647058823529216e-01 8.235294117647058432e-01 1.000000000000000000e+00
4.078431372549019551e-01 4.078431372549019551e-01 8.156862745098039102e-01 1.000000000000000000e+00
4.039215686274509887e-01 4.039215686274509887e-01 8.078431372549019773e-01 1.000000000000000000e+00
3.999999999999999112e-01 4.000000000000000222e-01 8.000000000000000444e-01 1.000000000000000000e+00
3.960784313725489447e-01 3.960784313725490557e-01 7.921568627450980005e-01 1.000000000000000000e+00
3.921568627450979783e-01 3.921568627450980893e-01 7.843137254901960675e-01 1.000000000000000000e+00
3.882352941176470118e-01 3.882352941176470118e-01 7.764705882352941346e-01 1.000000000000000000e+00
3.843137254901960453e-01 3.843137254901960453e-01 7.686274509803920907e-01 1.000000000000000000e+00
3.803921568627450789e-01 3.803921568627450789e-01 7.607843137254901578e-01 1.000000000000000000e+00
3.764705882352941124e-01 3.764705882352941124e-01 7.529411764705882248e-01 1.000000000000000000e+00
3.725490196078431460e-01 3.725490196078431460e-01 7.450980392156862919e-01 1.000000000000000000e+00
3.686274509803921795e-01 3.686274509803921795e-01 7.372549019607843590e-01 1.000000000000000000e+00
3.647058823529412130e-01 3.647058823529412130e-01 7.294117647058824261e-01 1.000000000000000000e+00
3.607843137254902466e-01 3.607843137254902466e-01 7.215686274509803821e-01 1.000000000000000000e+00
3.568627450980392801e-01 3.568627450980392801e-01 7.137254901960786713e-01 1.000000000000000000e+00
3.529411764705882026e-01 3.529411764705882026e-01 7.058823529411764053e-01 1.000000000000000000e+00
3.490196078431372362e-01 3.490196078431372362e-01 6.980392156862744724e-01 1.000000000000000000e+00
3.450980392156862697e-01 3.450980392156862697e-01 6.901960784313725394e-01 1.000000000000000000e+00
3.411764705882353033e-01 3.411764705882353033e-01 6.823529411764706065e-01 1.000000000000000000e+00
3.372549019607843368e-01 3.372549019607843368e-01 6.745098039215686736e-01 1.000000000000000000e+00
3.333333333333333703e-01 3.333333333333333703e-01 6.666666666666667407e-01 1.000000000000000000e+00
3.294117647058822929e-01 3.294117647058824039e-01 6.588235294117646967e-01 1.000000000000000000e+00
3.254901960784313264e-01 3.254901960784313264e-01 6.509803921568627638e-01 1.000000000000000000e+00
3.215686274509803599e-01 3.215686274509803599e-01 6.431372549019607199e-01 1.000000000000000000e+00
3.176470588235293935e-01 3.176470588235293935e-01 6.352941176470587870e-01 1.000000000000000000e+00
3.137254901960784270e-01 3.137254901960784270e-01 6.274509803921568540e-01 1.000000000000000000e+00
3.098039215686274606e-01 3.098039215686274606e-01 6.196078431372549211e-01 1.000000000000000000e+00
3.058823529411764941e-01 3.058823529411764941e-01 6.117647058823529882e-01 1.000000000000000000e+00
3.019607843137255276e-01 3.019607843137255276e-01 6.039215686274510553e-01 1.000000000000000000e+00
2.980392156862745612e-01 2.980392156862745612e-01 5.960784313725490113e-01 1.000000000000000000e+00
2.941176470588235947e-01 2.941176470588235947e-01 5.882352941176473005e-01 1.000000000000000000e+00
2.901960784313726283e-01 2.901960784313725172e-01 5.803921568627450345e-01 1.000000000000000000e+00
2.862745098039216618e-01 2.862745098039215508e-01 5.725490196078431016e-01 1.000000000000000000e+00
2.823529411764705843e-01 2.823529411764705843e-01 5.647058823529411686e-01 1.000000000000000000e+00
2.784313725490196179e-01 2.784313725490196179e-01 5.568627450980392357e-01 1.000000000000000000e+00
2.745098039215686514e-01 2.745098039215686514e-01 5.490196078431373028e-01 1.000000000000000000e+00
2.705882352941176849e-01 2.705882352941176849e-01 5.411764705882353699e-01 1.000000000000000000e+00
2.666666666666667185e-01 2.666666666666667185e-01 5.333333333333333259e-01 1.000000000000000000e+00
2.627450980392157520e-01 2.627450980392156410e-01 5.254901960784313930e-01 1.000000000000000000e+00
2.588235294117646745e-01 2.588235294117646745e-01 5.176470588235293491e-01 1.000000000000000000e+00
2.549019607843137081e-01 2.549019607843137081e-01 5.098039215686274161e-01 1.000000000000000000e+00
2.509803921568627416e-01 2.509803921568627416e-01 5.019607843137254832e-01 1.000000000000000000e+00
4.165317309719586414e-02 2.470588235294117752e-01 4.941176470588235503e-01 1.000000000000000000e+00
6.119073722679035932e-02 2.431372549019608087e-01 4.862745098039216174e-01 1.000000000000000000e+00
8.072830135638484061e-02 2.392156862745098422e-01 4.784313725490195734e-01 1.000000000000000000e+00
1.002658654859793219e-01 2.352941176470588758e-01 4.705882352941176405e-01 1.000000000000000000e+00
1.198034296155732481e-01 2.313725490196079093e-01 4.627450980392159297e-01 1.000000000000000000e+00
1.393409937451683123e-01 2.274509803921568318e-01 4.549019607843137747e-01 1.000000000000000000e+00
1.588785578747627936e-01 2.235294117647058654e-01 4.470588235294117307e-01 1.000000000000000000e+00
1.784161220043572749e-01 2.196078431372548989e-01 4.392156862745097978e-01 1.000000000000000000e+00
1.979536861339517562e-01 2.156862745098039325e-01 4.313725490196078649e-01 1.000000000000000000e+00
2.174912502635462375e-01 2.117647058823529660e-01 4.235294117647059320e-01 1.000000000000000000e+00
2.370288143931407465e-01 2.078431372549019995e-01 4.156862745098038880e-01 1.000000000000000000e+00
2.565663785227352278e-01 2.039215686274510331e-01 4.078431372549019551e-01 1.000000000000000000e+00
2.761039426523297369e-01 1.999999999999999556e-01 4.000000000000000222e-01 1.000000000000000000e+00
2.956415067819242459e-01 1.960784313725489891e-01 3.921568627450980893e-01 1.000000000000000000e+00
3.151790709115186995e-01 1.921568627450980227e-01 3.843137254901960453e-01 1.000000000000000000e+00
3.347166350411132085e-01 1.882352941176470562e-01 3.764705882352941124e-01 1.000000000000000000e+00
3.542541991707077176e-01 1.843137254901960898e-01 3.686274509803921795e-01 1.000000000000000000e+00
3.737917633003021711e-01 1.803921568627451233e-01 3.607843137254902466e-01 1.000000000000000000e+00
3.933293274298966802e-01 1.764705882352941568e-01 3.529411764705882026e-01 1.000000000000000000e+00
4.128668915594911337e-01 1.725490196078431904e-01 3.450980392156862697e-01 1.000000000000000000e+00
4.324044556890850877e-01 1.686274509803922239e-01 3.372549019607845588e-01 1.000000000000000000e+00
4.519420198186801518e-01 1.647058823529411464e-01 3.294117647058824039e-01 1.000000000000000000e+00
4.714795839482746609e-01 1.607843137254901800e-01 3.215686274509803599e-01 1.000000000000000000e+00
4.910171480778691144e-01 1.568627450980392135e-01 3.137254901960784270e-01 1.000000000000000000e+00
5.105547122074636235e-01 1.529411764705882470e-01 3.058823529411764941e-01 1.000000000000000000e+00
5.300922763370581325e-01 1.490196078431372806e-01 2.980392156862745612e-01 1.000000000000000000e+00
5.496298404666525306e-01 1.450980392156863141e-01 2.901960784313725172e-01 1.000000000000000000e+00
5.691674045962470396e-01 1.411764705882353477e-01 2.823529411764705843e-01 1.000000000000000000e+00
5.887049687258415487e-01 1.372549019607842702e-01 2.745098039215686514e-01 1.000000000000000000e+00
6.082425328554360577e-01 1.333333333333333037e-01 2.666666666666667185e-01 1.000000000000000000e+00
6.277800969850305668e-01 1.294117647058823373e-01 2.588235294117646745e-01 1.000000000000000000e+00
6.473176611146249648e-01 1.254901960784313708e-01 2.509803921568627416e-01 1.000000000000000000e+00
6.668552252442195849e-01 1.215686274509804043e-01 2.431372549019608087e-01 1.000000000000000000e+00
6.863927893738139829e-01 1.176470588235294379e-01 2.352941176470588758e-01 1.000000000000000000e+00
7.059303535034084920e-01 1.137254901960784714e-01 2.274509803921568318e-01 1.000000000000000000e+00
7.254679176330028900e-01 1.098039215686275050e-01 2.196078431372548989e-01 1.000000000000000000e+00
7.450054817625969550e-01 1.058823529411765385e-01 2.117647058823531880e-01 1.000000000000000000e+00
7.645430458921919081e-01 1.019607843137254610e-01 2.039215686274510331e-01 1.000000000000000000e+00
7.840806100217864172e-01 9.803921568627449457e-02 1.960784313725489891e-01 1.000000000000000000e+00
8.036181741513808152e-01 9.411764705882352811e-02 1.882352941176470562e-01 1.000000000000000000e+00
8.231557382809754353e-01 9.019607843137256165e-02 1.803921568627451233e-01 1.000000000000000000e+00
8.426933024105699443e-01 8.627450980392159519e-02 1.725490196078431904e-01 1.000000000000000000e+00
8.622308665401643424e-01 8.235294117647062873e-02 1.647058823529411464e-01 1.000000000000000000e+00
8.817684306697589625e-01 7.843137254901966227e-02 1.568627450980392135e-01 1.000000000000000000e+00
9.013059947993533605e-01 7.450980392156858478e-02 1.490196078431372806e-01 1.000000000000000000e+00
9.208435589289478695e-01 7.058823529411761832e-02 1.411764705882353477e-01 1.000000000000000000e+00
9.403811230585422676e-01 6.666666666666665186e-02 1.333333333333333037e-01 1.000000000000000000e+00
9.599186871881368877e-01 6.274509803921568540e-02 1.254901960784313708e-01 1.000000000000000000e+00
9.794562513177312857e-01 5.882352941176471894e-02 1.176470588235294379e-01 1.000000000000000000e+00
9.989938154473257947e-01 5.490196078431375248e-02 1.098039215686275050e-01 1.000000000000000000e+00
9.319998566154069630e-01 5.098039215686278602e-02 1.019607843137254610e-01 1.000000000000000000e+00
8.603075599526833761e-01 4.705882352941181956e-02 9.411764705882352811e-02 1.000000000000000000e+00
7.886152632899617876e-01 4.313725490196085310e-02 8.627450980392181723e-02 1.000000000000000000e+00
7.169229666272360912e-01 3.921568627450977562e-02 7.843137254901966227e-02 1.000000000000000000e+00
6.452306699645125043e-01 3.529411764705880916e-02 7.058823529411761832e-02 1.000000000000000000e+00
5.735383733017889174e-01 3.137254901960784270e-02 6.274509803921568540e-02 1.000000000000000000e+00
5.018460766390653305e-01 2.745098039215687624e-02 5.490196078431375248e-02 1.000000000000000000e+00
4.301537799763416325e-01 2.352941176470590978e-02 4.705882352941181956e-02 1.000000000000000000e+00
3.584614833136180456e-01 1.960784313725494332e-02 3.921568627450977562e-02 1.000000000000000000e+00
2.867691866508944587e-01 1.568627450980397686e-02 3.137254901960784270e-02 1.000000000000000000e+00
2.150768899881708718e-01 1.176470588235289938e-02 2.352941176470590978e-02 1.000000000000000000e+00
1.433845933254471738e-01 7.843137254901932920e-03 1.568627450980397686e-02 1.000000000000000000e+00
7.169229666272358692e-02 3.921568627450966460e-03 7.843137254901932920e-03 1.000000000000000000e+00
0.000000000000000000e+00 0.000000000000000000e+00 0.000000000000000000e+00 1.000000000000000000e+00
