0.000000000000000000e+00 0.000000000000000000e+00 5.020000000000000018e-01 1.000000000000000000e+00
0.000000000000000000e+00 2.861976163014225485e-02 4.651064975009611691e-01 1.000000000000000000e+00
0.000000000000000000e+00 5.723952326028450971e-02 4.282129950019223363e-01 1.000000000000000000e+00
0.000000000000000000e+00 8.585928489042676803e-02 3.913194925028835036e-01 1.000000000000000000e+00
0.000000000000000000e+00 1.144790465205690194e-01 3.544259900038446709e-01 1.000000000000000000e+00
0.000000000000000000e+00 1.430988081507112708e-01 3.175324875048058382e-01 1.000000000000000000e+00
0.000000000000000000e+00 1.717185697808535361e-01 2.806389850057670055e-01 1.000000000000000000e+00
0.000000000000000000e+00 2.003383314109958013e-01 2.437454825067281172e-01 1.000000000000000000e+00
0.000000000000000000e+00 2.289580930411380388e-01 2.068519800076893400e-01 1.000000000000000000e+00
0.000000000000000000e+00 2.575778546712803041e-01 1.699584775086505073e-01 1.000000000000000000e+00
0.000000000000000000e+00 2.861976163014225416e-01 1.330649750096116746e-01 1.000000000000000000e+00
0.000000000000000000e+00 3.148173779315647791e-01 9.617147251057284185e-02 1.000000000000000000e+00
0.000000000000000000e+00 3.434371395617070721e-01 5.927797001153395362e-02 1.000000000000000000e+00
0.000000000000000000e+00 3.720569011918493096e-01 2.238446751249512090e-02 1.000000000000000000e+00
0.000000000000000000e+00 3.457462695096252814e-01 8.708668800853680558e-02 1.000000000000000000e+00
0.000000000000000000e+00 3.191596057002035192e-01 1.522994397759104279e-01 1.000000000000000000e+00
0.000000000000000000e+00 2.925729418907817569e-01 2.175121915432840503e-01 1.000000000000000000e+00
0.000000000000000000e+00 2.659862780813599947e-01 2.827249433106576726e-01 1.000000000000000000e+00
0.000000000000000000e+00 2.393996142719382603e-01 3.479376950780312949e-01 1.000000000000000000e+00
0.000000000000000000e+00 2.128129504625164981e-01 4.131504468454048618e-01 1.000000000000000000e+00
0.000000000000000000e+00 1.862262866530947081e-01 4.783631986127785396e-01 1.000000000000000000e+00
0.000000000000000000e+00 1.596396228436729736e-01 5.435759503801521619e-01 1.000000000000000000e+00
0.000000000000000000e+00 1.330529590342512114e-01 6.087887021475257843e-01 1.000000000000000000e+00
0.000000000000000000e+00 1.064662952248294214e-01 6.740014539148994066e-01 1.000000000000000000e+00
0.000000000000000000e+00 7.987963141540771472e-02 7.392142056822729179e-01 1.000000000000000000e+00
0.000000000000000000e+00 5.329296760598589699e-02 8.044269574496466513e-01 1.000000000000000000e+00
0.000000000000000000e+00 2.670630379656419029e-02 8.696397092170202736e-01 1.000000000000000000e+00
0.000000000000000000e+00 1.196399871424280725e-04 9.348524609843937849e-01 1.000000000000000000e+00
0.000000000000000000e+00 5.512949634755861389e-02 1.000000000000000000e+00 1.000000000000000000e+00
0.000000000000000000e+00 1.105081968473663606e-01 1.000000000000000000e+00 1.000000000000000000e+00
0.000000000000000000e+00 1.658868973471741004e-01 1.000000000000000000e+00 1.000000000000000000e+00
0.000000000000000000e+00 2.212655978469818541e-01 1.000000000000000000e+00 1.000000000000000000e+00
0.000000000000000000e+00 2.766442983467896077e-01 1.000000000000000000e+00 1.000000000000000000e+00
0.000000000000000000e+00 3.320229988465969728e-01 1.000000000000000000e+00 1.000000000000000000e+00
0.000000000000000000e+00 3.874016993464051151e-01 1.000000000000000000e+00 1.000000000000000000e+00
0.000000000000000000e+00 4.427803998462128687e-01 1.000000000000000000e+00 1.000000000000000000e+00
0.000000000000000000e+00 4.981591003460206224e-01 1.000000000000000000e+00 1.000000000000000000e+00
0.000000000000000000e+00 5.535378008458279320e-01 1.000000000000000000e+00 1.000000000000000000e+00
0.000000000000000000e+00 6.089165013456361297e-01 1.000000000000000000e+00 1.000000000000000000e+00
0.000000000000000000e+00 6.642952018454438834e-01 1.000000000000000000e+00 1.000000000000000000e+00
0.000000000000000000e+00 7.196739023452516371e-01 1.000000000000000000e+00 1.000000000000000000e+00
0.000000000000000000e+00 7.535652589240823263e-01 1.000000000000000000e+00 1.000000000000000000e+00
0.000000000000000000e+00 7.752259284890427038e-01 1.000000000000000000e+00 1.000000000000000000e+00
0.000000000000000000e+00 7.925115878508266487e-01 1.000000000000000000e+00 1.000000000000000000e+00
0.000000000000000000e+00 8.097972472126104826e-01 1.000000000000000000e+00 1.000000000000000000e+00
0.000000000000000000e+00 8.270829065743943165e-01 1.000000000000000000e+00 1.000000000000000000e+00
0.000000000000000000e+00 8.443685659361783724e-01 1.000000000000000000e+00 1.000000000000000000e+00
0.000000000000000000e+00 8.616542252979623173e-01 1.000000000000000000e+00 1.000000000000000000e+00
0.000000000000000000e+00 8.789398846597462622e-01 1.000000000000000000e+00 1.000000000000000000e+00
0.000000000000000000e+00 8.962255440215300961e-01 1.000000000000000000e+00 1.000000000000000000e+00
0.000000000000000000e+00 9.135112033833141520e-01 1.000000000000000000e+00 1.000000000000000000e+00
0.000000000000000000e+00 9.307968627450979859e-01 1.000000000000000000e+00 1.000000000000000000e+00
0.000000000000000000e+00 9.480825221068819308e-01 9.998585934373750428e-01 1.000000000000000000e+00
0.000000000000000000e+00 9.653681814686657647e-01 9.741483093237297552e-01 1.000000000000000000e+00
0.000000000000000000e+00 9.826538408304498207e-01 9.484380252100841346e-01 1.000000000000000000e+00
0.000000000000000000e+00 9.999395001922337656e-01 9.227277410964386251e-01 1.000000000000000000e+00
0.000000000000000000e+00 9.982228833992994321e-01 8.970174569827932265e-01 1.000000000000000000e+00
0.000000000000000000e+00 9.964395250443565111e-01 8.713071728691479390e-01 1.000000000000000000e+00
0.000000000000000000e+00 9.946561666894135900e-01 8.455968887555023183e-01 1.000000000000000000e+00
0.000000000000000000e+00 9.928728083344706690e-01 8.198866046418568088e-01 1.000000000000000000e+00
0.000000000000000000e+00 9.910894499795277479e-01 7.941763205282114102e-01 1.000000000000000000e+00
0.000000000000000000e+00 9.893060916245849379e-01 7.684660364145661227e-01 1.000000000000000000e+00
0.000000000000000000e+00 9.875227332696420168e-01 7.427557523009205021e-01 1.000000000000000000e+00
0.000000000000000000e+00 9.857393749146990958e-01 7.170454681872749925e-01 1.000000000000000000e+00
0.000000000000000000e+00 9.839560165597561747e-01 6.913351840736294829e-01 1.000000000000000000e+00
0.000000000000000000e+00 9.821726582048132537e-01 6.656248999599840843e-01 1.000000000000000000e+00
0.000000000000000000e+00 9.804000000000000492e-01 6.399146158463390188e-01 1.000000000000000000e+00
0.000000000000000000e+00 9.804000000000000492e-01 6.140294949898466026e-01 1.000000000000000000e+00
0.000000000000000000e+00 9.804000000000000492e-01 5.731160158460668619e-01 1.000000000000000000e+00
0.000000000000000000e+00 9.804000000000000492e-01 5.322025367022871212e-01 1.000000000000000000e+00
0.000000000000000000e+00 9.820304714226116838e-01 4.912890575585073250e-01 1.000000000000000000e+00
0.000000000000000000e+00 9.836658489778891123e-01 4.503755784147275287e-01 1.000000000000000000e+00
0.000000000000000000e+00 9.853012265331665409e-01 4.094620992709477880e-01 1.000000000000000000e+00
0.000000000000000000e+00 9.869366040884439695e-01 3.685486201271679918e-01 1.000000000000000000e+00
0.000000000000000000e+00 9.885719816437212870e-01 3.276351409833888617e-01 1.000000000000000000e+00
0.000000000000000000e+00 9.902073591989988266e-01 2.867216618396084549e-01 1.000000000000000000e+00
0.000000000000000000e+00 9.918427367542761441e-01 2.458081826958287142e-01 1.000000000000000000e+00
0.000000000000000000e+00 9.934781143095535727e-01 2.048947035520489734e-01 1.000000000000000000e+00
0.000000000000000000e+00 9.951134918648310013e-01 1.639812244082691772e-01 1.000000000000000000e+00
2.497420020616270890e-05 9.967488694201084298e-01 1.230677452644893810e-01 1.000000000000000000e+00
2.499917440660453030e-02 9.983842469753858584e-01 8.215426612070964030e-02 1.000000000000000000e+00
4.997337461300289940e-02 9.998229296424452350e-01 4.124078697692978857e-02 1.000000000000000000e+00
7.494757481940091115e-02 9.850670665128798964e-01 3.273078331507139893e-04 1.000000000000000000e+00
9.992177502579963067e-02 9.703112033833141137e-01 0.000000000000000000e+00 1.000000000000000000e+00
1.248959752321980032e-01 9.555553402537485530e-01 0.000000000000000000e+00 1.000000000000000000e+00
1.498701754385963480e-01 9.407994771241829923e-01 0.000000000000000000e+00 1.000000000000000000e+00
1.748443756449947206e-01 9.260436139946174317e-01 0.000000000000000000e+00 1.000000000000000000e+00
1.998185758513930932e-01 9.112877508650518710e-01 0.000000000000000000e+00 1.000000000000000000e+00
2.247927760577914658e-01 8.965318877354863103e-01 0.000000000000000000e+00 1.000000000000000000e+00
2.497669762641898383e-01 8.817760246059207496e-01 0.000000000000000000e+00 1.000000000000000000e+00
2.747411764705878223e-01 8.670201614763554110e-01 0.000000000000000000e+00 1.000000000000000000e+00
2.997153766769865557e-01 8.522642983467896283e-01 0.000000000000000000e+00 1.000000000000000000e+00
3.246895768833849560e-01 8.375084352172241786e-01 0.000000000000000000e+00 1.000000000000000000e+00
3.496637770897833009e-01 8.227525720876585069e-01 0.000000000000000000e+00 1.000000000000000000e+00
3.746379772961816457e-01 8.081894370651487858e-01 0.000000000000000000e+00 1.000000000000000000e+00
3.993970780469050519e-01 8.209661606578115833e-01 0.000000000000000000e+00 1.000000000000000000e+00
4.071633217993079756e-01 8.337428842504744919e-01 0.000000000000000000e+00 1.000000000000000000e+00
4.149295655517108994e-01 8.465196078431372895e-01 0.000000000000000000e+00 1.000000000000000000e+00
4.226958093041137121e-01 8.592963314357999760e-01 0.000000000000000000e+00 1.000000000000000000e+00
4.304620530565167469e-01 8.720730550284629956e-01 0.000000000000000000e+00 1.000000000000000000e+00
4.382282968089196706e-01 8.848497786211259042e-01 0.000000000000000000e+00 1.000000000000000000e+00
4.459945405613225944e-01 8.976265022137888128e-01 0.000000000000000000e+00 1.000000000000000000e+00
4.537607843137255181e-01 9.104032258064516103e-01 0.000000000000000000e+00 1.000000000000000000e+00
4.615270280661284419e-01 9.231799493991145189e-01 0.000000000000000000e+00 1.000000000000000000e+00
4.692932718185313656e-01 9.359566729917774275e-01 0.000000000000000000e+00 1.000000000000000000e+00
4.770595155709342894e-01 9.487333965844402250e-01 0.000000000000000000e+00 1.000000000000000000e+00
4.848257593233371021e-01 9.615101201771029116e-01 0.000000000000000000e+00 1.000000000000000000e+00
4.925920030757401369e-01 9.742868437697659312e-01 1.556491263171932982e-02 1.000000000000000000e+00
5.004338529947499614e-01 9.870635673624288398e-01 3.118449379751899592e-02 1.000000000000000000e+00
5.182809189613916123e-01 9.998402909550916373e-01 4.680407496331866202e-02 1.000000000000000000e+00
5.361279849280332632e-01 1.000000000000000000e+00 6.242365612911832812e-02 1.000000000000000000e+00
5.539750508946749141e-01 1.000000000000000000e+00 7.804323729491800810e-02 1.000000000000000000e+00
5.718221168613165650e-01 1.000000000000000000e+00 9.366281846071766726e-02 1.000000000000000000e+00
5.896691828279582159e-01 1.000000000000000000e+00 1.092823996265173403e-01 1.000000000000000000e+00
6.075162487945996448e-01 1.000000000000000000e+00 1.249019807923167774e-01 1.000000000000000000e+00
6.253633147612415177e-01 1.000000000000000000e+00 1.405215619581166586e-01 1.000000000000000000e+00
6.432103807278831686e-01 1.000000000000000000e+00 1.561411431239163317e-01 1.000000000000000000e+00
6.610574466945248195e-01 1.000000000000000000e+00 1.717607242897160047e-01 1.000000000000000000e+00
6.789045126611665815e-01 1.000000000000000000e+00 1.873803054555156777e-01 1.000000000000000000e+00
6.967515786278082324e-01 1.000000000000000000e+00 2.029998866213153508e-01 1.000000000000000000e+00
7.145986445944498833e-01 1.000000000000000000e+00 2.186194677871149961e-01 1.000000000000000000e+00
7.324457105610915342e-01 1.000000000000000000e+00 2.341609510470853139e-01 1.000000000000000000e+00
7.502927765277329630e-01 1.000000000000000000e+00 2.185413698812858907e-01 1.000000000000000000e+00
7.681398424943748360e-01 1.000000000000000000e+00 2.029217887154860234e-01 1.000000000000000000e+00
7.859869084610164869e-01 1.000000000000000000e+00 1.873022075496864058e-01 1.000000000000000000e+00
8.038339744276581378e-01 1.000000000000000000e+00 1.716826263838867606e-01 1.000000000000000000e+00
8.216810403942997887e-01 1.000000000000000000e+00 1.560630452180871153e-01 1.000000000000000000e+00
8.573751723275830905e-01 1.000000000000000000e+00 1.248238828864878386e-01 1.000000000000000000e+00
8.752222382942247414e-01 1.000000000000000000e+00 1.092043017206881933e-01 1.000000000000000000e+00
8.930693042608663923e-01 1.000000000000000000e+00 9.358472055488856189e-02 1.000000000000000000e+00
9.109163702275081542e-01 1.000000000000000000e+00 7.796513938908894437e-02 1.000000000000000000e+00
9.287634361941492500e-01 1.000000000000000000e+00 6.234555822328974317e-02 1.000000000000000000e+00
9.466105021607914560e-01 1.000000000000000000e+00 4.672597705748965380e-02 1.000000000000000000e+00
9.644575681274331069e-01 9.904056002000070080e-01 3.110639589169000851e-02 1.000000000000000000e+00
9.823046340940747578e-01 9.807338262080786961e-01 1.548681472589036323e-02 1.000000000000000000e+00
1.000000000000000000e+00 9.710620522161503843e-01 0.000000000000000000e+00 1.000000000000000000e+00
1.000000000000000000e+00 9.613902782242220724e-01 0.000000000000000000e+00 1.000000000000000000e+00
1.000000000000000000e+00 9.517185042322937605e-01 0.000000000000000000e+00 1.000000000000000000e+00
1.000000000000000000e+00 9.420467302403655596e-01 0.000000000000000000e+00 1.000000000000000000e+00
1.000000000000000000e+00 9.323749562484372477e-01 0.000000000000000000e+00 1.000000000000000000e+00
1.000000000000000000e+00 9.227031822565089358e-01 0.000000000000000000e+00 1.000000000000000000e+00
1.000000000000000000e+00 9.130314082645806240e-01 0.000000000000000000e+00 1.000000000000000000e+00
1.000000000000000000e+00 9.033596342726524231e-01 0.000000000000000000e+00 1.000000000000000000e+00
1.000000000000000000e+00 8.936878602807241112e-01 0.000000000000000000e+00 1.000000000000000000e+00
1.000000000000000000e+00 8.840160862887957993e-01 0.000000000000000000e+00 1.000000000000000000e+00
1.000000000000000000e+00 8.743443122968674874e-01 0.000000000000000000e+00 1.000000000000000000e+00
1.000000000000000000e+00 8.646725383049391755e-01 0.000000000000000000e+00 1.000000000000000000e+00
1.000000000000000000e+00 8.550007643130111967e-01 0.000000000000000000e+00 1.000000000000000000e+00
1.000000000000000000e+00 8.453289903210826628e-01 4.213010380622807249e-03 1.000000000000000000e+00
1.000000000000000000e+00 8.356572163291543509e-01 8.434463667820050678e-03 1.000000000000000000e+00
1.000000000000000000e+00 8.259854423372261500e-01 1.265591695501729237e-02 1.000000000000000000e+00
1.000000000000000000e+00 8.163136683452978382e-01 1.687737024221453580e-02 1.000000000000000000e+00
1.000000000000000000e+00 8.066418943533695263e-01 2.109882352941177749e-02 1.000000000000000000e+00
1.000000000000000000e+00 7.969701203614412144e-01 2.532027681660901919e-02 1.000000000000000000e+00
1.000000000000000000e+00 7.872983463695129025e-01 2.954173010380626088e-02 1.000000000000000000e+00
1.000000000000000000e+00 7.776265723775845906e-01 3.376318339100350258e-02 1.000000000000000000e+00
1.000000000000000000e+00 7.679547983856563897e-01 3.798463667820074774e-02 1.000000000000000000e+00
1.000000000000000000e+00 7.582830243937280779e-01 4.220608996539798596e-02 1.000000000000000000e+00
1.000000000000000000e+00 7.486112504017998770e-01 4.642754325259523113e-02 1.000000000000000000e+00
1.000000000000000000e+00 7.389394764098715651e-01 5.064899653979247629e-02 1.000000000000000000e+00
1.000000000000000000e+00 7.292677024179432532e-01 5.487044982698971451e-02 1.000000000000000000e+00
1.000000000000000000e+00 6.973093753348327262e-01 5.126416566626642440e-02 1.000000000000000000e+00
1.000000000000000000e+00 6.651939426408080003e-01 4.760270108043209575e-02 1.000000000000000000e+00
1.000000000000000000e+00 6.330785099467842736e-01 4.394123649459787811e-02 1.000000000000000000e+00
1.000000000000000000e+00 6.009630772527586595e-01 4.027977190876344538e-02 1.000000000000000000e+00
1.000000000000000000e+00 5.688476445587339336e-01 3.661830732292911672e-02 1.000000000000000000e+00
1.000000000000000000e+00 5.367322118647092077e-01 3.295684273709478807e-02 1.000000000000000000e+00
1.000000000000000000e+00 5.046167791706845929e-01 2.929537815126046635e-02 1.000000000000000000e+00
1.000000000000000000e+00 4.725013464766598670e-01 2.563391356542613769e-02 1.000000000000000000e+00
1.000000000000000000e+00 4.403859137826351411e-01 2.197244897959181598e-02 1.000000000000000000e+00
1.000000000000000000e+00 4.082704810886104707e-01 1.831098439375748732e-02 1.000000000000000000e+00
1.000000000000000000e+00 3.761550483945858003e-01 1.464951980792315867e-02 1.000000000000000000e+00
1.000000000000000000e+00 3.440396157005610744e-01 1.098805522208883001e-02 1.000000000000000000e+00
1.000000000000000000e+00 3.119241830065364041e-01 7.326590636254501354e-03 1.000000000000000000e+00
1.000000000000000000e+00 2.798087503125117337e-01 3.665126050420179638e-03 1.000000000000000000e+00
1.000000000000000000e+00 2.610737494998002228e-01 3.661464585850982001e-06 1.000000000000000000e+00
1.000000000000000000e+00 2.424262905162067328e-01 0.000000000000000000e+00 1.000000000000000000e+00
1.000000000000000000e+00 2.237788315326132704e-01 0.000000000000000000e+00 1.000000000000000000e+00
1.000000000000000000e+00 2.051313725490198081e-01 0.000000000000000000e+00 1.000000000000000000e+00
1.000000000000000000e+00 1.864839135654268454e-01 0.000000000000000000e+00 1.000000000000000000e+00
1.000000000000000000e+00 1.678364545818328557e-01 0.000000000000000000e+00 1.000000000000000000e+00
1.000000000000000000e+00 1.491889955982393656e-01 0.000000000000000000e+00 1.000000000000000000e+00
1.000000000000000000e+00 1.305415366146459033e-01 0.000000000000000000e+00 1.000000000000000000e+00
1.000000000000000000e+00 1.118940776310524410e-01 0.000000000000000000e+00 1.000000000000000000e+00
1.000000000000000000e+00 9.324661864745895090e-02 0.000000000000000000e+00 1.000000000000000000e+00
1.000000000000000000e+00 7.459915966386546082e-02 0.000000000000000000e+00 1.000000000000000000e+00
1.000000000000000000e+00 5.595170068027199850e-02 0.000000000000000000e+00 1.000000000000000000e+00
1.000000000000000000e+00 3.730424169667850842e-02 0.000000000000000000e+00 1.000000000000000000e+00
1.000000000000000000e+00 1.865678271308501834e-02 6.875969141755168546e-02 1.000000000000000000e+00
1.000000000000000000e+00 9.323729491583776507e-06 1.383193185470919795e-01 1.000000000000000000e+00
1.000000000000000000e+00 0.000000000000000000e+00 2.078789456766322596e-01 1.000000000000000000e+00
1.000000000000000000e+00 0.000000000000000000e+00 2.774385728061725676e-01 1.000000000000000000e+00
1.000000000000000000e+00 0.000000000000000000e+00 3.469981999357128477e-01 1.000000000000000000e+00
1.000000000000000000e+00 0.000000000000000000e+00 4.165578270652531279e-01 1.000000000000000000e+00
1.000000000000000000e+00 0.000000000000000000e+00 4.861174541947934080e-01 1.000000000000000000e+00
1.000000000000000000e+00 0.000000000000000000e+00 5.556770813243316898e-01 1.000000000000000000e+00
1.000000000000000000e+00 0.000000000000000000e+00 6.252367084538739128e-01 1.000000000000000000e+00
1.000000000000000000e+00 0.000000000000000000e+00 6.947963355834142485e-01 1.000000000000000000e+00
1.000000000000000000e+00 0.000000000000000000e+00 7.643559627129544731e-01 1.000000000000000000e+00
1.000000000000000000e+00 0.000000000000000000e+00 8.339155898424948088e-01 1.000000000000000000e+00
1.000000000000000000e+00 0.000000000000000000e+00 9.034752169720350334e-01 1.000000000000000000e+00
1.000000000000000000e+00 0.000000000000000000e+00 9.730348441015753691e-01 1.000000000000000000e+00
9.732819172113288397e-01 1.335734812589088605e-02 9.868275515334339332e-01 1.000000000000000000e+00
9.462666666666664783e-01 2.686326129666017498e-02 1.000000000000000000e+00 1.000000000000000000e+00
9.192514161220041169e-01 4.036917446742946392e-02 1.000000000000000000e+00 1.000000000000000000e+00
8.922361655773418665e-01 5.387508763819875285e-02 1.000000000000000000e+00 1.000000000000000000e+00
8.652209150326795051e-01 6.738100080896804178e-02 1.000000000000000000e+00 1.000000000000000000e+00
8.382056644880171437e-01 8.088691397973733765e-02 1.000000000000000000e+00 1.000000000000000000e+00
8.111904139433547822e-01 9.439282715050661965e-02 1.000000000000000000e+00 1.000000000000000000e+00
7.841751633986924208e-01 1.078987403212759155e-01 1.000000000000000000e+00 1.000000000000000000e+00
7.571599128540300594e-01 1.214046534920451975e-01 1.000000000000000000e+00 1.000000000000000000e+00
7.301446623093685862e-01 1.349105666628141187e-01 1.000000000000000000e+00 1.000000000000000000e+00
7.031294117647054476e-01 1.484164798335837754e-01 1.000000000000000000e+00 1.000000000000000000e+00
6.761141612200430862e-01 1.619223930043530713e-01 1.000000000000000000e+00 1.000000000000000000e+00
6.490989106753807247e-01 1.755203400121433666e-01 9.999552805457337934e-01 1.000000000000000000e+00
6.220836601307184743e-01 1.987140255009108014e-01 9.952479695703417839e-01 1.000000000000000000e+00
6.448002812126819583e-01 2.219077109896782363e-01 9.905406585949497744e-01 1.000000000000000000e+00
6.680446280673373316e-01 2.451013964784456711e-01 9.858333476195578760e-01 1.000000000000000000e+00
6.912889749219927049e-01 2.682950819672130782e-01 9.811260366441658665e-01 1.000000000000000000e+00
7.145333217766480782e-01 2.914887674559805131e-01 9.764187256687738570e-01 1.000000000000000000e+00
7.377776686313034515e-01 3.146824529447479479e-01 9.717114146933819585e-01 1.000000000000000000e+00
7.610220154859588249e-01 3.378761384335153828e-01 9.670041037179899490e-01 1.000000000000000000e+00
7.842663623406140871e-01 3.610698239222828176e-01 9.622967927425980506e-01 1.000000000000000000e+00
8.075107091952695715e-01 3.842635094110502525e-01 9.575894817672060411e-01 1.000000000000000000e+00
8.307550560499248338e-01 4.074571948998176874e-01 9.528821707918140316e-01 1.000000000000000000e+00
8.539994029045802071e-01 4.306508803885851222e-01 9.481748598164221331e-01 1.000000000000000000e+00
8.772437497592355804e-01 4.538445658773525571e-01 9.434675488410301236e-01 1.000000000000000000e+00
9.004880966138902876e-01 4.770382513661193813e-01 9.387602378656382252e-01 1.000000000000000000e+00
9.235279123414070757e-01 5.001816608996537683e-01 9.341238369857747248e-01 1.000000000000000000e+00
9.263191464821222132e-01 5.183477508650516929e-01 9.365075355632449527e-01 1.000000000000000000e+00
9.291103806228373507e-01 5.365138408304497286e-01 9.388912341407151807e-01 1.000000000000000000e+00
9.319016147635524883e-01 5.546799307958476533e-01 9.412749327181852976e-01 1.000000000000000000e+00
9.346928489042675148e-01 5.728460207612455779e-01 9.436586312956555256e-01 1.000000000000000000e+00
9.374840830449826523e-01 5.910121107266435025e-01 9.460423298731257535e-01 1.000000000000000000e+00
9.402753171856977898e-01 6.091782006920414272e-01 9.484260284505959815e-01 1.000000000000000000e+00
9.430665513264129274e-01 6.273442906574393518e-01 9.508097270280660984e-01 1.000000000000000000e+00
9.458577854671279539e-01 6.455103806228372765e-01 9.531934256055363264e-01 1.000000000000000000e+00
9.486490196078430914e-01 6.636764705882352011e-01 9.555771241830065543e-01 1.000000000000000000e+00
9.514402537485582290e-01 6.818425605536331258e-01 9.579608227604767823e-01 1.000000000000000000e+00
9.542314878892733665e-01 7.000086505190310504e-01 9.603445213379468992e-01 1.000000000000000000e+00
9.570227220299883930e-01 7.181747404844289751e-01 9.627282199154171272e-01 1.000000000000000000e+00
9.598139561707035305e-01 7.363408304498268997e-01 9.651119184928873551e-01 1.000000000000000000e+00
9.626051903114186681e-01 7.545069204152248243e-01 9.674956170703575831e-01 1.000000000000000000e+00
9.653964244521336946e-01 7.726730103806223049e-01 9.698793156478277000e-01 1.000000000000000000e+00
9.681876585928488321e-01 7.908391003460206736e-01 9.722630142252979280e-01 1.000000000000000000e+00
9.709788927335639697e-01 8.090051903114185983e-01 9.746467128027681559e-01 1.000000000000000000e+00
9.737701268742791072e-01 8.271712802768165229e-01 9.770304113802383839e-01 1.000000000000000000e+00
9.765613610149942447e-01 8.453373702422144476e-01 9.794141099577086118e-01 1.000000000000000000e+00
9.793525951557093823e-01 8.635034602076123722e-01 9.817978085351787287e-01 1.000000000000000000e+00
9.821438292964244088e-01 8.816695501730102968e-01 9.841815071126489567e-01 1.000000000000000000e+00
9.849350634371395463e-01 8.998356401384082215e-01 9.865652056901191846e-01 1.000000000000000000e+00
9.877262975778546839e-01 9.180017301038062572e-01 9.889489042675894126e-01 1.000000000000000000e+00
9.905175317185697104e-01 9.361678200692041818e-01 9.913326028450595295e-01 1.000000000000000000e+00
9.933087658592848479e-01 9.543339100346021064e-01 9.937163014225297575e-01 1.000000000000000000e+00
9.960999999999999854e-01 9.725000000000000311e-01 9.960999999999999854e-01 1.000000000000000000e+00
