1.000000000000000000e+00 0.000000000000000000e+00 7.500000000000000000e-01 1.000000000000000000e+00
1.000000000000000000e+00 0.000000000000000000e+00 7.713128729752770640e-01 1.000000000000000000e+00
1.000000000000000000e+00 0.000000000000000000e+00 7.926257459505541281e-01 1.000000000000000000e+00
1.000000000000000000e+00 0.000000000000000000e+00 8.139386189258310811e-01 1.000000000000000000e+00
1.000000000000000000e+00 0.000000000000000000e+00 8.352514919011081451e-01 1.000000000000000000e+00
1.000000000000000000e+00 0.000000000000000000e+00 8.565643648763852092e-01 1.000000000000000000e+00
1.000000000000000000e+00 0.000000000000000000e+00 8.778772378516622732e-01 1.000000000000000000e+00
1.000000000000000000e+00 0.000000000000000000e+00 8.991901108269393372e-01 1.000000000000000000e+00
1.000000000000000000e+00 0.000000000000000000e+00 9.205029838022164013e-01 1.000000000000000000e+00
1.000000000000000000e+00 0.000000000000000000e+00 9.418158567774934653e-01 1.000000000000000000e+00
1.000000000000000000e+00 0.000000000000000000e+00 9.631287297527704183e-01 1.000000000000000000e+00
1.000000000000000000e+00 0.000000000000000000e+00 9.844416027280474824e-01 1.000000000000000000e+00
9.942455242966754536e-01 0.000000000000000000e+00 1.000000000000000000e+00 1.000000000000000000e+00
9.729326513213983896e-01 0.000000000000000000e+00 1.000000000000000000e+00 1.000000000000000000e+00
9.516197783461213255e-01 0.000000000000000000e+00 1.000000000000000000e+00 1.000000000000000000e+00
9.303069053708441505e-01 0.000000000000000000e+00 1.000000000000000000e+00 1.000000000000000000e+00
9.089940323955670864e-01 0.000000000000000000e+00 1.000000000000000000e+00 1.000000000000000000e+00
8.876811594202900224e-01 0.000000000000000000e+00 1.000000000000000000e+00 1.000000000000000000e+00
8.663682864450129584e-01 0.000000000000000000e+00 1.000000000000000000e+00 1.000000000000000000e+00
8.450554134697358943e-01 0.000000000000000000e+00 1.000000000000000000e+00 1.000000000000000000e+00
8.237425404944588303e-01 0.000000000000000000e+00 1.000000000000000000e+00 1.000000000000000000e+00
8.024296675191817663e-01 0.000000000000000000e+00 1.000000000000000000e+00 1.000000000000000000e+00
7.811167945439047022e-01 0.000000000000000000e+00 1.000000000000000000e+00 1.000000000000000000e+00
7.598039215686276382e-01 0.000000000000000000e+00 1.000000000000000000e+00 1.000000000000000000e+00
7.384910485933505742e-01 0.000000000000000000e+00 1.000000000000000000e+00 1.000000000000000000e+00
7.171781756180735101e-01 0.000000000000000000e+00 1.000000000000000000e+00 1.000000000000000000e+00
6.958653026427963351e-01 0.000000000000000000e+00 1.000000000000000000e+00 1.000000000000000000e+00
6.745524296675193821e-01 0.000000000000000000e+00 1.000000000000000000e+00 1.000000000000000000e+00
6.532395566922422070e-01 0.000000000000000000e+00 1.000000000000000000e+00 1.000000000000000000e+00
6.319266837169652540e-01 0.000000000000000000e+00 1.000000000000000000e+00 1.000000000000000000e+00
6.106138107416880789e-01 0.000000000000000000e+00 1.000000000000000000e+00 1.000000000000000000e+00
5.893009377664110149e-01 0.000000000000000000e+00 1.000000000000000000e+00 1.000000000000000000e+00
5.679880647911339508e-01 0.000000000000000000e+00 1.000000000000000000e+00 1.000000000000000000e+00
5.466751918158569978e-01 0.000000000000000000e+00 1.000000000000000000e+00 1.000000000000000000e+00
5.253623188405798228e-01 0.000000000000000000e+00 1.000000000000000000e+00 1.000000000000000000e+00
5.040494458653027587e-01 0.000000000000000000e+00 1.000000000000000000e+00 1.000000000000000000e+00
4.827365728900256947e-01 0.000000000000000000e+00 1.000000000000000000e+00 1.000000000000000000e+00
4.614236999147487417e-01 0.000000000000000000e+00 1.000000000000000000e+00 1.000000000000000000e+00
4.401108269394715666e-01 0.000000000000000000e+00 1.000000000000000000e+00 1.000000000000000000e+00
4.187979539641945026e-01 0.000000000000000000e+00 1.000000000000000000e+00 1.000000000000000000e+00
3.974850809889173275e-01 0.000000000000000000e+00 1.000000000000000000e+00 1.000000000000000000e+00
3.761722080136404855e-01 0.000000000000000000e+00 1.000000000000000000e+00 1.000000000000000000e+00
3.548593350383631995e-01 0.000000000000000000e+00 1.000000000000000000e+00 1.000000000000000000e+00
3.335464620630861354e-01 0.000000000000000000e+00 1.000000000000000000e+00 1.000000000000000000e+00
3.122335890878090714e-01 0.000000000000000000e+00 1.000000000000000000e+00 1.000000000000000000e+00
2.909207161125321184e-01 0.000000000000000000e+00 1.000000000000000000e+00 1.000000000000000000e+00
2.696078431372549433e-01 0.000000000000000000e+00 1.000000000000000000e+00 1.000000000000000000e+00
2.482949701619778793e-01 0.000000000000000000e+00 1.000000000000000000e+00 1.000000000000000000e+00
2.269820971867008153e-01 0.000000000000000000e+00 1.000000000000000000e+00 1.000000000000000000e+00
2.056692242114238622e-01 0.000000000000000000e+00 1.000000000000000000e+00 1.000000000000000000e+00
1.843563512361466872e-01 0.000000000000000000e+00 1.000000000000000000e+00 1.000000000000000000e+00
1.630434782608696231e-01 0.000000000000000000e+00 1.000000000000000000e+00 1.000000000000000000e+00
1.417306052855925591e-01 0.000000000000000000e+00 1.000000000000000000e+00 1.000000000000000000e+00
1.204177323103156061e-01 0.000000000000000000e+00 1.000000000000000000e+00 1.000000000000000000e+00
9.910485933503832001e-02 0.000000000000000000e+00 1.000000000000000000e+00 1.000000000000000000e+00
7.779198635976125598e-02 0.000000000000000000e+00 1.000000000000000000e+00 1.000000000000000000e+00
5.647911338448419194e-02 0.000000000000000000e+00 1.000000000000000000e+00 1.000000000000000000e+00
3.516624040920723893e-02 0.000000000000000000e+00 1.000000000000000000e+00 1.000000000000000000e+00
1.385336743393006387e-02 0.000000000000000000e+00 1.000000000000000000e+00 1.000000000000000000e+00
0.000000000000000000e+00 7.459505541347002770e-03 1.000000000000000000e+00 1.000000000000000000e+00
0.000000000000000000e+00 2.877237851662406420e-02 1.000000000000000000e+00 1.000000000000000000e+00
0.000000000000000000e+00 5.008525149190097558e-02 1.000000000000000000e+00 1.000000000000000000e+00
0.000000000000000000e+00 7.139812446717819228e-02 1.000000000000000000e+00 1.000000000000000000e+00
0.000000000000000000e+00 9.271099744245525631e-02 1.000000000000000000e+00 1.000000000000000000e+00
0.000000000000000000e+00 1.140238704177323203e-01 1.000000000000000000e+00 1.000000000000000000e+00
0.000000000000000000e+00 1.353367433930093844e-01 1.000000000000000000e+00 1.000000000000000000e+00
0.000000000000000000e+00 1.566496163682861431e-01 1.000000000000000000e+00 1.000000000000000000e+00
0.000000000000000000e+00 1.779624893435635125e-01 1.000000000000000000e+00 1.000000000000000000e+00
0.000000000000000000e+00 1.992753623188405765e-01 1.000000000000000000e+00 1.000000000000000000e+00
0.000000000000000000e+00 2.205882352941176405e-01 1.000000000000000000e+00 1.000000000000000000e+00
0.000000000000000000e+00 2.419011082693947046e-01 1.000000000000000000e+00 1.000000000000000000e+00
0.000000000000000000e+00 2.632139812446717686e-01 1.000000000000000000e+00 1.000000000000000000e+00
0.000000000000000000e+00 2.845268542199488326e-01 1.000000000000000000e+00 1.000000000000000000e+00
0.000000000000000000e+00 3.058397271952258967e-01 1.000000000000000000e+00 1.000000000000000000e+00
0.000000000000000000e+00 3.271526001705026276e-01 1.000000000000000000e+00 1.000000000000000000e+00
0.000000000000000000e+00 3.484654731457800247e-01 1.000000000000000000e+00 1.000000000000000000e+00
0.000000000000000000e+00 3.697783461210570888e-01 1.000000000000000000e+00 1.000000000000000000e+00
0.000000000000000000e+00 3.910912190963341528e-01 1.000000000000000000e+00 1.000000000000000000e+00
0.000000000000000000e+00 4.124040920716112169e-01 1.000000000000000000e+00 1.000000000000000000e+00
0.000000000000000000e+00 4.337169650468882809e-01 1.000000000000000000e+00 1.000000000000000000e+00
0.000000000000000000e+00 4.550298380221653449e-01 1.000000000000000000e+00 1.000000000000000000e+00
0.000000000000000000e+00 4.763427109974424090e-01 1.000000000000000000e+00 1.000000000000000000e+00
0.000000000000000000e+00 4.976555839727191399e-01 1.000000000000000000e+00 1.000000000000000000e+00
0.000000000000000000e+00 5.189684569479965370e-01 1.000000000000000000e+00 1.000000000000000000e+00
0.000000000000000000e+00 5.402813299232736011e-01 1.000000000000000000e+00 1.000000000000000000e+00
0.000000000000000000e+00 5.615942028985506651e-01 1.000000000000000000e+00 1.000000000000000000e+00
0.000000000000000000e+00 5.829070758738277291e-01 1.000000000000000000e+00 1.000000000000000000e+00
0.000000000000000000e+00 6.042199488491047932e-01 1.000000000000000000e+00 1.000000000000000000e+00
0.000000000000000000e+00 6.255328218243818572e-01 1.000000000000000000e+00 1.000000000000000000e+00
0.000000000000000000e+00 6.468456947996589212e-01 1.000000000000000000e+00 1.000000000000000000e+00
0.000000000000000000e+00 6.681585677749356522e-01 1.000000000000000000e+00 1.000000000000000000e+00
0.000000000000000000e+00 6.894714407502130493e-01 1.000000000000000000e+00 1.000000000000000000e+00
0.000000000000000000e+00 7.107843137254901134e-01 1.000000000000000000e+00 1.000000000000000000e+00
0.000000000000000000e+00 7.320971867007671774e-01 1.000000000000000000e+00 1.000000000000000000e+00
0.000000000000000000e+00 7.534100596760442414e-01 1.000000000000000000e+00 1.000000000000000000e+00
0.000000000000000000e+00 7.747229326513213055e-01 1.000000000000000000e+00 1.000000000000000000e+00
0.000000000000000000e+00 7.960358056265983695e-01 1.000000000000000000e+00 1.000000000000000000e+00
0.000000000000000000e+00 8.173486786018754335e-01 1.000000000000000000e+00 1.000000000000000000e+00
0.000000000000000000e+00 8.386615515771521645e-01 1.000000000000000000e+00 1.000000000000000000e+00
0.000000000000000000e+00 8.599744245524295616e-01 1.000000000000000000e+00 1.000000000000000000e+00
0.000000000000000000e+00 8.812872975277066256e-01 1.000000000000000000e+00 1.000000000000000000e+00
0.000000000000000000e+00 9.026001705029836897e-01 1.000000000000000000e+00 1.000000000000000000e+00
0.000000000000000000e+00 9.239130434782607537e-01 1.000000000000000000e+00 1.000000000000000000e+00
0.000000000000000000e+00 9.452259164535378178e-01 1.000000000000000000e+00 1.000000000000000000e+00
0.000000000000000000e+00 9.665387894288148818e-01 1.000000000000000000e+00 1.000000000000000000e+00
0.000000000000000000e+00 9.878516624040919458e-01 1.000000000000000000e+00 1.000000000000000000e+00
0.000000000000000000e+00 1.000000000000000000e+00 9.909340080118073102e-01 1.000000000000000000e+00
0.000000000000000000e+00 1.000000000000000000e+00 9.698503057136834693e-01 1.000000000000000000e+00
0.000000000000000000e+00 1.000000000000000000e+00 9.487666034155599615e-01 1.000000000000000000e+00
0.000000000000000000e+00 1.000000000000000000e+00 9.276829011174363426e-01 1.000000000000000000e+00
0.000000000000000000e+00 1.000000000000000000e+00 9.065991988193128348e-01 1.000000000000000000e+00
0.000000000000000000e+00 1.000000000000000000e+00 8.855154965211892160e-01 1.000000000000000000e+00
0.000000000000000000e+00 1.000000000000000000e+00 8.644317942230657081e-01 1.000000000000000000e+00
0.000000000000000000e+00 1.000000000000000000e+00 8.433480919249420893e-01 1.000000000000000000e+00
0.000000000000000000e+00 1.000000000000000000e+00 8.222643896268189145e-01 1.000000000000000000e+00
0.000000000000000000e+00 1.000000000000000000e+00 8.011806873286950736e-01 1.000000000000000000e+00
0.000000000000000000e+00 1.000000000000000000e+00 7.800969850305714548e-01 1.000000000000000000e+00
0.000000000000000000e+00 1.000000000000000000e+00 7.590132827324479470e-01 1.000000000000000000e+00
0.000000000000000000e+00 1.000000000000000000e+00 7.379295804343244392e-01 1.000000000000000000e+00
0.000000000000000000e+00 1.000000000000000000e+00 7.168458781362008203e-01 1.000000000000000000e+00
0.000000000000000000e+00 1.000000000000000000e+00 6.957621758380772015e-01 1.000000000000000000e+00
0.000000000000000000e+00 1.000000000000000000e+00 6.746784735399536936e-01 1.000000000000000000e+00
0.000000000000000000e+00 1.000000000000000000e+00 6.535947712418304079e-01 1.000000000000000000e+00
0.000000000000000000e+00 1.000000000000000000e+00 6.325110689437065670e-01 1.000000000000000000e+00
0.000000000000000000e+00 1.000000000000000000e+00 6.114273666455830591e-01 1.000000000000000000e+00
0.000000000000000000e+00 1.000000000000000000e+00 5.903436643474595513e-01 1.000000000000000000e+00
0.000000000000000000e+00 1.000000000000000000e+00 5.692599620493359325e-01 1.000000000000000000e+00
0.000000000000000000e+00 1.000000000000000000e+00 5.270925574530889168e-01 1.000000000000000000e+00
0.000000000000000000e+00 1.000000000000000000e+00 5.060088551549652980e-01 1.000000000000000000e+00
0.000000000000000000e+00 1.000000000000000000e+00 4.849251528568417902e-01 1.000000000000000000e+00
0.000000000000000000e+00 1.000000000000000000e+00 4.638414505587181713e-01 1.000000000000000000e+00
0.000000000000000000e+00 1.000000000000000000e+00 4.427577482605952186e-01 1.000000000000000000e+00
0.000000000000000000e+00 1.000000000000000000e+00 4.216740459624710446e-01 1.000000000000000000e+00
0.000000000000000000e+00 1.000000000000000000e+00 4.005903436643475368e-01 1.000000000000000000e+00
0.000000000000000000e+00 1.000000000000000000e+00 3.795066413662239180e-01 1.000000000000000000e+00
0.000000000000000000e+00 1.000000000000000000e+00 3.584229390681004102e-01 1.000000000000000000e+00
0.000000000000000000e+00 1.000000000000000000e+00 3.373392367699769023e-01 1.000000000000000000e+00
0.000000000000000000e+00 1.000000000000000000e+00 3.162555344718532835e-01 1.000000000000000000e+00
0.000000000000000000e+00 1.000000000000000000e+00 2.951718321737297757e-01 1.000000000000000000e+00
0.000000000000000000e+00 1.000000000000000000e+00 2.740881298756061568e-01 1.000000000000000000e+00
0.000000000000000000e+00 1.000000000000000000e+00 2.530044275774826490e-01 1.000000000000000000e+00
0.000000000000000000e+00 1.000000000000000000e+00 2.319207252793591412e-01 1.000000000000000000e+00
0.000000000000000000e+00 1.000000000000000000e+00 2.108370229812355223e-01 1.000000000000000000e+00
0.000000000000000000e+00 1.000000000000000000e+00 1.897533206831120145e-01 1.000000000000000000e+00
0.000000000000000000e+00 1.000000000000000000e+00 1.686696183849883957e-01 1.000000000000000000e+00
0.000000000000000000e+00 1.000000000000000000e+00 1.475859160868648878e-01 1.000000000000000000e+00
0.000000000000000000e+00 1.000000000000000000e+00 1.265022137887412690e-01 1.000000000000000000e+00
0.000000000000000000e+00 1.000000000000000000e+00 1.054185114906183163e-01 1.000000000000000000e+00
0.000000000000000000e+00 1.000000000000000000e+00 8.433480919249425334e-02 1.000000000000000000e+00
0.000000000000000000e+00 1.000000000000000000e+00 6.325110689437063449e-02 1.000000000000000000e+00
0.000000000000000000e+00 1.000000000000000000e+00 4.216740459624712667e-02 1.000000000000000000e+00
0.000000000000000000e+00 1.000000000000000000e+00 2.108370229812350782e-02 1.000000000000000000e+00
0.000000000000000000e+00 1.000000000000000000e+00 0.000000000000000000e+00 1.000000000000000000e+00
2.119766825649178205e-02 1.000000000000000000e+00 0.000000000000000000e+00 1.000000000000000000e+00
4.239533651298356409e-02 1.000000000000000000e+00 0.000000000000000000e+00 1.000000000000000000e+00
6.359300476947533920e-02 1.000000000000000000e+00 0.000000000000000000e+00 1.000000000000000000e+00
8.479067302596712818e-02 1.000000000000000000e+00 0.000000000000000000e+00 1.000000000000000000e+00
1.059883412824589033e-01 1.000000000000000000e+00 0.000000000000000000e+00 1.000000000000000000e+00
1.271860095389506784e-01 1.000000000000000000e+00 0.000000000000000000e+00 1.000000000000000000e+00
1.483836777954424535e-01 1.000000000000000000e+00 0.000000000000000000e+00 1.000000000000000000e+00
1.695813460519342564e-01 1.000000000000000000e+00 0.000000000000000000e+00 1.000000000000000000e+00
1.907790143084260315e-01 1.000000000000000000e+00 0.000000000000000000e+00 1.000000000000000000e+00
2.119766825649178066e-01 1.000000000000000000e+00 0.000000000000000000e+00 1.000000000000000000e+00
2.331743508214089988e-01 1.000000000000000000e+00 0.000000000000000000e+00 1.000000000000000000e+00
2.543720190779013568e-01 1.000000000000000000e+00 0.000000000000000000e+00 1.000000000000000000e+00
2.755696873343931319e-01 1.000000000000000000e+00 0.000000000000000000e+00 1.000000000000000000e+00
2.967673555908849070e-01 1.000000000000000000e+00 0.000000000000000000e+00 1.000000000000000000e+00
3.179650238473767376e-01 1.000000000000000000e+00 0.000000000000000000e+00 1.000000000000000000e+00
3.391626921038685127e-01 1.000000000000000000e+00 0.000000000000000000e+00 1.000000000000000000e+00
3.603603603603602878e-01 1.000000000000000000e+00 0.000000000000000000e+00 1.000000000000000000e+00
3.815580286168520630e-01 1.000000000000000000e+00 0.000000000000000000e+00 1.000000000000000000e+00
4.027556968733438381e-01 1.000000000000000000e+00 0.000000000000000000e+00 1.000000000000000000e+00
4.239533651298356132e-01 1.000000000000000000e+00 0.000000000000000000e+00 1.000000000000000000e+00
4.451510333863273883e-01 1.000000000000000000e+00 0.000000000000000000e+00 1.000000000000000000e+00
4.663487016428191634e-01 1.000000000000000000e+00 0.000000000000000000e+00 1.000000000000000000e+00
4.875463698993109385e-01 1.000000000000000000e+00 0.000000000000000000e+00 1.000000000000000000e+00
5.087440381558027136e-01 1.000000000000000000e+00 0.000000000000000000e+00 1.000000000000000000e+00
5.299417064122945442e-01 1.000000000000000000e+00 0.000000000000000000e+00 1.000000000000000000e+00
5.511393746687862638e-01 1.000000000000000000e+00 0.000000000000000000e+00 1.000000000000000000e+00
5.723370429252774283e-01 1.000000000000000000e+00 0.000000000000000000e+00 1.000000000000000000e+00
5.935347111817698140e-01 1.000000000000000000e+00 0.000000000000000000e+00 1.000000000000000000e+00
6.147323794382616446e-01 1.000000000000000000e+00 0.000000000000000000e+00 1.000000000000000000e+00
6.359300476947534753e-01 1.000000000000000000e+00 0.000000000000000000e+00 1.000000000000000000e+00
6.571277159512451949e-01 1.000000000000000000e+00 0.000000000000000000e+00 1.000000000000000000e+00
6.783253842077370255e-01 1.000000000000000000e+00 0.000000000000000000e+00 1.000000000000000000e+00
6.995230524642287451e-01 1.000000000000000000e+00 0.000000000000000000e+00 1.000000000000000000e+00
7.207207207207205757e-01 1.000000000000000000e+00 0.000000000000000000e+00 1.000000000000000000e+00
7.419183889772122953e-01 1.000000000000000000e+00 0.000000000000000000e+00 1.000000000000000000e+00
7.631160572337041259e-01 1.000000000000000000e+00 0.000000000000000000e+00 1.000000000000000000e+00
7.843137254901958455e-01 1.000000000000000000e+00 0.000000000000000000e+00 1.000000000000000000e+00
8.055113937466876761e-01 1.000000000000000000e+00 0.000000000000000000e+00 1.000000000000000000e+00
8.267090620031793957e-01 1.000000000000000000e+00 0.000000000000000000e+00 1.000000000000000000e+00
8.479067302596712263e-01 1.000000000000000000e+00 0.000000000000000000e+00 1.000000000000000000e+00
8.691043985161630570e-01 1.000000000000000000e+00 0.000000000000000000e+00 1.000000000000000000e+00
8.903020667726547765e-01 1.000000000000000000e+00 0.000000000000000000e+00 1.000000000000000000e+00
9.114997350291459410e-01 1.000000000000000000e+00 0.000000000000000000e+00 1.000000000000000000e+00
9.326974032856383268e-01 1.000000000000000000e+00 0.000000000000000000e+00 1.000000000000000000e+00
9.538950715421301574e-01 1.000000000000000000e+00 0.000000000000000000e+00 1.000000000000000000e+00
9.750927397986218770e-01 1.000000000000000000e+00 0.000000000000000000e+00 1.000000000000000000e+00
9.962904080551137076e-01 1.000000000000000000e+00 0.000000000000000000e+00 1.000000000000000000e+00
1.000000000000000000e+00 9.825119236883944618e-01 0.000000000000000000e+00 1.000000000000000000e+00
1.000000000000000000e+00 9.613142554319027422e-01 0.000000000000000000e+00 1.000000000000000000e+00
1.000000000000000000e+00 9.401165871754109116e-01 0.000000000000000000e+00 1.000000000000000000e+00
1.000000000000000000e+00 9.189189189189190810e-01 0.000000000000000000e+00 1.000000000000000000e+00
1.000000000000000000e+00 8.977212506624273614e-01 0.000000000000000000e+00 1.000000000000000000e+00
1.000000000000000000e+00 8.765235824059355307e-01 0.000000000000000000e+00 1.000000000000000000e+00
1.000000000000000000e+00 8.553259141494438111e-01 0.000000000000000000e+00 1.000000000000000000e+00
1.000000000000000000e+00 8.341282458929519805e-01 0.000000000000000000e+00 1.000000000000000000e+00
1.000000000000000000e+00 8.129305776364601499e-01 0.000000000000000000e+00 1.000000000000000000e+00
1.000000000000000000e+00 7.917329093799683193e-01 0.000000000000000000e+00 1.000000000000000000e+00
1.000000000000000000e+00 7.705352411234765997e-01 0.000000000000000000e+00 1.000000000000000000e+00
1.000000000000000000e+00 7.493375728669853242e-01 0.000000000000000000e+00 1.000000000000000000e+00
1.000000000000000000e+00 7.281399046104930495e-01 0.000000000000000000e+00 1.000000000000000000e+00
1.000000000000000000e+00 7.069422363540012189e-01 0.000000000000000000e+00 1.000000000000000000e+00
1.000000000000000000e+00 6.857445680975093882e-01 0.000000000000000000e+00 1.000000000000000000e+00
1.000000000000000000e+00 6.645468998410175576e-01 0.000000000000000000e+00 1.000000000000000000e+00
1.000000000000000000e+00 6.433492315845258380e-01 0.000000000000000000e+00 1.000000000000000000e+00
1.000000000000000000e+00 6.221515633280340074e-01 0.000000000000000000e+00 1.000000000000000000e+00
1.000000000000000000e+00 6.009538950715422878e-01 0.000000000000000000e+00 1.000000000000000000e+00
1.000000000000000000e+00 5.797562268150504572e-01 0.000000000000000000e+00 1.000000000000000000e+00
1.000000000000000000e+00 5.585585585585586266e-01 0.000000000000000000e+00 1.000000000000000000e+00
1.000000000000000000e+00 5.373608903020667960e-01 0.000000000000000000e+00 1.000000000000000000e+00
1.000000000000000000e+00 5.161632220455750764e-01 0.000000000000000000e+00 1.000000000000000000e+00
1.000000000000000000e+00 4.949655537890832457e-01 0.000000000000000000e+00 1.000000000000000000e+00
1.000000000000000000e+00 4.737678855325914151e-01 0.000000000000000000e+00 1.000000000000000000e+00
1.000000000000000000e+00 4.525702172760996955e-01 0.000000000000000000e+00 1.000000000000000000e+00
1.000000000000000000e+00 4.313725490196078649e-01 0.000000000000000000e+00 1.000000000000000000e+00
1.000000000000000000e+00 4.101748807631167004e-01 0.000000000000000000e+00 1.000000000000000000e+00
1.000000000000000000e+00 3.889772125066243147e-01 0.000000000000000000e+00 1.000000000000000000e+00
1.000000000000000000e+00 3.677795442501324841e-01 0.000000000000000000e+00 1.000000000000000000e+00
1.000000000000000000e+00 3.465818759936406535e-01 0.000000000000000000e+00 1.000000000000000000e+00
1.000000000000000000e+00 3.253842077371489339e-01 0.000000000000000000e+00 1.000000000000000000e+00
1.000000000000000000e+00 3.041865394806571032e-01 0.000000000000000000e+00 1.000000000000000000e+00
1.000000000000000000e+00 2.829888712241652726e-01 0.000000000000000000e+00 1.000000000000000000e+00
1.000000000000000000e+00 2.617912029676735530e-01 0.000000000000000000e+00 1.000000000000000000e+00
1.000000000000000000e+00 2.405935347111817224e-01 0.000000000000000000e+00 1.000000000000000000e+00
1.000000000000000000e+00 2.193958664546898918e-01 0.000000000000000000e+00 1.000000000000000000e+00
1.000000000000000000e+00 1.981981981981981722e-01 0.000000000000000000e+00 1.000000000000000000e+00
1.000000000000000000e+00 1.770005299417063416e-01 0.000000000000000000e+00 1.000000000000000000e+00
1.000000000000000000e+00 1.558028616852145110e-01 0.000000000000000000e+00 1.000000000000000000e+00
1.000000000000000000e+00 1.346051934287227914e-01 0.000000000000000000e+00 1.000000000000000000e+00
1.000000000000000000e+00 1.134075251722309607e-01 0.000000000000000000e+00 1.000000000000000000e+00
1.000000000000000000e+00 9.220985691573913012e-02 0.000000000000000000e+00 1.000000000000000000e+00
1.000000000000000000e+00 7.101218865924796564e-02 0.000000000000000000e+00 1.000000000000000000e+00
1.000000000000000000e+00 4.981452040275557991e-02 0.000000000000000000e+00 1.000000000000000000e+00
1.000000000000000000e+00 2.861685214626374929e-02 0.000000000000000000e+00 1.000000000000000000e+00
1.000000000000000000e+00 7.419183889772029694e-03 0.000000000000000000e+00 1.000000000000000000e+00
1.000000000000000000e+00 0.000000000000000000e+00 1.359477124183017423e-02 1.000000000000000000e+00
1.000000000000000000e+00 0.000000000000000000e+00 3.450980392156872273e-02 1.000000000000000000e+00
1.000000000000000000e+00 0.000000000000000000e+00 5.542483660130726603e-02 1.000000000000000000e+00
1.000000000000000000e+00 0.000000000000000000e+00 7.633986928104581626e-02 1.000000000000000000e+00
1.000000000000000000e+00 0.000000000000000000e+00 9.725490196078435956e-02 1.000000000000000000e+00
1.000000000000000000e+00 0.000000000000000000e+00 1.181699346405229029e-01 1.000000000000000000e+00
1.000000000000000000e+00 0.000000000000000000e+00 1.390849673202614600e-01 1.000000000000000000e+00
1.000000000000000000e+00 0.000000000000000000e+00 1.600000000000000033e-01 1.000000000000000000e+00
