3.137254901960784270e-02 2.509803921568627416e-01 5.058823529411764497e-01 1.000000000000000000e+00
3.137254901960784270e-02 2.559015763168012159e-01 5.111726259131103012e-01 1.000000000000000000e+00
3.137254901960784270e-02 2.608227604767396901e-01 5.164628988850441527e-01 1.000000000000000000e+00
3.137254901960784270e-02 2.657439446366782199e-01 5.217531718569781152e-01 1.000000000000000000e+00
3.137254901960784270e-02 2.706651287966166941e-01 5.270434448289119667e-01 1.000000000000000000e+00
3.137254901960784270e-02 2.755863129565551684e-01 5.323337178008458181e-01 1.000000000000000000e+00
3.137254901960784270e-02 2.805074971164936426e-01 5.376239907727796696e-01 1.000000000000000000e+00
3.137254901960784270e-02 2.854286812764321168e-01 5.429142637447135211e-01 1.000000000000000000e+00
3.137254901960784270e-02 2.903498654363706466e-01 5.482045367166474836e-01 1.000000000000000000e+00
3.137254901960784270e-02 2.952710495963091208e-01 5.534948096885813351e-01 1.000000000000000000e+00
3.137254901960784270e-02 3.001922337562475951e-01 5.587850826605151866e-01 1.000000000000000000e+00
3.137254901960784270e-02 3.051134179161860693e-01 5.640753556324490381e-01 1.000000000000000000e+00
3.137254901960784270e-02 3.100346020761245436e-01 5.693656286043828896e-01 1.000000000000000000e+00
3.137254901960784270e-02 3.149557862360630178e-01 5.746559015763168521e-01 1.000000000000000000e+00
3.137254901960784270e-02 3.198769703960015476e-01 5.799461745482507036e-01 1.000000000000000000e+00
3.137254901960784270e-02 3.247981545559400218e-01 5.852364475201845551e-01 1.000000000000000000e+00
3.137254901960784270e-02 3.297193387158784961e-01 5.905267204921184065e-01 1.000000000000000000e+00
3.137254901960784270e-02 3.346405228758169703e-01 5.958169934640522580e-01 1.000000000000000000e+00
3.137254901960784270e-02 3.395617070357555001e-01 6.011072664359862205e-01 1.000000000000000000e+00
3.137254901960784270e-02 3.444828911956939743e-01 6.063975394079200720e-01 1.000000000000000000e+00
3.137254901960784270e-02 3.494040753556324486e-01 6.116878123798539235e-01 1.000000000000000000e+00
3.137254901960784270e-02 3.543252595155709228e-01 6.169780853517877750e-01 1.000000000000000000e+00
3.137254901960784270e-02 3.592464436755093971e-01 6.222683583237216265e-01 1.000000000000000000e+00
3.137254901960784270e-02 3.641676278354478713e-01 6.275586312956555890e-01 1.000000000000000000e+00
3.137254901960784270e-02 3.690888119953864011e-01 6.328489042675894405e-01 1.000000000000000000e+00
3.137254901960784270e-02 3.740099961553248753e-01 6.381391772395232920e-01 1.000000000000000000e+00
3.137254901960784270e-02 3.789311803152633495e-01 6.434294502114571435e-01 1.000000000000000000e+00
3.137254901960784270e-02 3.838523644752018793e-01 6.487197231833909949e-01 1.000000000000000000e+00
3.137254901960784270e-02 3.887735486351403535e-01 6.540099961553249575e-01 1.000000000000000000e+00
3.137254901960784270e-02 3.936947327950788278e-01 6.593002691272588089e-01 1.000000000000000000e+00
3.137254901960784270e-02 3.986159169550173020e-01 6.645905420991926604e-01 1.000000000000000000e+00
3.137254901960784270e-02 4.035371011149557763e-01 6.698808150711265119e-01 1.000000000000000000e+00
3.191080353710111506e-02 4.083967704728950210e-01 6.747866205305652620e-01 1.000000000000000000e+00
3.621683967704725921e-02 4.128258362168396589e-01 6.770011534025375255e-01 1.000000000000000000e+00
4.052287581699346580e-02 4.172549019607842968e-01 6.792156862745099000e-01 1.000000000000000000e+00
4.482891195693963771e-02 4.216839677047289348e-01 6.814302191464821634e-01 1.000000000000000000e+00
4.913494809688581655e-02 4.261130334486735727e-01 6.836447520184545379e-01 1.000000000000000000e+00
5.344098423683196070e-02 4.305420991926182106e-01 6.858592848904268013e-01 1.000000000000000000e+00
5.774702037677816729e-02 4.349711649365628485e-01 6.880738177623990648e-01 1.000000000000000000e+00
6.205305651672433920e-02 4.394002306805074864e-01 6.902883506343714393e-01 1.000000000000000000e+00
6.635909265667050416e-02 4.438292964244521244e-01 6.925028835063437027e-01 1.000000000000000000e+00
7.066512879661665525e-02 4.482583621683967623e-01 6.947174163783160772e-01 1.000000000000000000e+00
7.497116493656286185e-02 4.526874279123414002e-01 6.969319492502883406e-01 1.000000000000000000e+00
7.927720107650904069e-02 4.571164936562860381e-01 6.991464821222607151e-01 1.000000000000000000e+00
8.358323721645521953e-02 4.615455594002306761e-01 7.013610149942329786e-01 1.000000000000000000e+00
8.788927335640135674e-02 4.659746251441753140e-01 7.035755478662053530e-01 1.000000000000000000e+00
9.219530949634756334e-02 4.704036908881199519e-01 7.057900807381776165e-01 1.000000000000000000e+00
9.650134563629374218e-02 4.748327566320645898e-01 7.080046136101499910e-01 1.000000000000000000e+00
1.008073817762399071e-01 4.792618223760092278e-01 7.102191464821222544e-01 1.000000000000000000e+00
1.051134179161860582e-01 4.836908881199538657e-01 7.124336793540946289e-01 1.000000000000000000e+00
1.094194540561322648e-01 4.881199538638985036e-01 7.146482122260668923e-01 1.000000000000000000e+00
1.137254901960784298e-01 4.925490196078431415e-01 7.168627450980392668e-01 1.000000000000000000e+00
1.180315263360246086e-01 4.969780853517877794e-01 7.190772779700115303e-01 1.000000000000000000e+00
1.223375624759707597e-01 5.014071510957324174e-01 7.212918108419839047e-01 1.000000000000000000e+00
1.266435986159169524e-01 5.058362168396770553e-01 7.235063437139561682e-01 1.000000000000000000e+00
1.309496347558631313e-01 5.102652825836216932e-01 7.257208765859285426e-01 1.000000000000000000e+00
1.352556708958093101e-01 5.146943483275663311e-01 7.279354094579008061e-01 1.000000000000000000e+00
1.395617070357554335e-01 5.191234140715109691e-01 7.301499423298731806e-01 1.000000000000000000e+00
1.438677431757016678e-01 5.235524798154556070e-01 7.323644752018454440e-01 1.000000000000000000e+00
1.481737793156478467e-01 5.279815455594002449e-01 7.345790080738178185e-01 1.000000000000000000e+00
1.524798154555940255e-01 5.324106113033448828e-01 7.367935409457900819e-01 1.000000000000000000e+00
1.567858515955401488e-01 5.368396770472895208e-01 7.390080738177624564e-01 1.000000000000000000e+00
1.610918877354863554e-01 5.412687427912341587e-01 7.412226066897347199e-01 1.000000000000000000e+00
1.653979238754325343e-01 5.456978085351787966e-01 7.434371395617070943e-01 1.000000000000000000e+00
1.697039600153787131e-01 5.502191464821223343e-01 7.457439446366782576e-01 1.000000000000000000e+00
1.740099961553248920e-01 5.550173010380623495e-01 7.483275663206458983e-01 1.000000000000000000e+00
1.783160322952709875e-01 5.598154555940022536e-01 7.509111880046135390e-01 1.000000000000000000e+00
1.826220684352172496e-01 5.646136101499423798e-01 7.534948096885812907e-01 1.000000000000000000e+00
1.869281045751634007e-01 5.694117647058823950e-01 7.560784313725490424e-01 1.000000000000000000e+00
1.912341407151095796e-01 5.742099192618224102e-01 7.586620530565166831e-01 1.000000000000000000e+00
1.955401768550557584e-01 5.790080738177624253e-01 7.612456747404844348e-01 1.000000000000000000e+00
1.998462129950019373e-01 5.838062283737024405e-01 7.638292964244521865e-01 1.000000000000000000e+00
2.041522491349481161e-01 5.886043829296424557e-01 7.664129181084198272e-01 1.000000000000000000e+00
2.084582852748942949e-01 5.934025374855824708e-01 7.689965397923875789e-01 1.000000000000000000e+00
2.127643214148404183e-01 5.982006920415224860e-01 7.715801614763552196e-01 1.000000000000000000e+00
2.170703575547866526e-01 6.029988465974625012e-01 7.741637831603229714e-01 1.000000000000000000e+00
2.213763936947328315e-01 6.077970011534025163e-01 7.767474048442906120e-01 1.000000000000000000e+00
2.256824298346789825e-01 6.125951557093425315e-01 7.793310265282583638e-01 1.000000000000000000e+00
2.299884659746251614e-01 6.173933102652825466e-01 7.819146482122260045e-01 1.000000000000000000e+00
2.342945021145713402e-01 6.221914648212225618e-01 7.844982698961937562e-01 1.000000000000000000e+00
2.386005382545174913e-01 6.269896193771625770e-01 7.870818915801613969e-01 1.000000000000000000e+00
2.429065743944636702e-01 6.317877739331025921e-01 7.896655132641291486e-01 1.000000000000000000e+00
2.472126105344097935e-01 6.365859284890426073e-01 7.922491349480967893e-01 1.000000000000000000e+00
2.515186466743560278e-01 6.413840830449826225e-01 7.948327566320645410e-01 1.000000000000000000e+00
2.558246828143022067e-01 6.461822376009227487e-01 7.974163783160322927e-01 1.000000000000000000e+00
2.601307189542483855e-01 6.509803921568627638e-01 7.999999999999999334e-01 1.000000000000000000e+00
2.644367550941945644e-01 6.557785467128027790e-01 8.025836216839676851e-01 1.000000000000000000e+00
2.687427912341407432e-01 6.605767012687427941e-01 8.051672433679353258e-01 1.000000000000000000e+00
2.730488273740869221e-01 6.653748558246828093e-01 8.077508650519030775e-01 1.000000000000000000e+00
2.773548635140330454e-01 6.701730103806228245e-01 8.103344867358708292e-01 1.000000000000000000e+00
2.816608996539792242e-01 6.749711649365627286e-01 8.129181084198384699e-01 1.000000000000000000e+00
2.859669357939254031e-01 6.797693194925028548e-01 8.155017301038062216e-01 1.000000000000000000e+00
2.902729719338715819e-01 6.845674740484428700e-01 8.180853517877738623e-01 1.000000000000000000e+00
2.945790080738177608e-01 6.893656286043828851e-01 8.206689734717416140e-01 1.000000000000000000e+00
2.988850442137639396e-01 6.941637831603229003e-01 8.232525951557092547e-01 1.000000000000000000e+00
3.031910803537101184e-01 6.989619377162629155e-01 8.258362168396770064e-01 1.000000000000000000e+00
3.079584775086505188e-01 7.031141868512110760e-01 8.267589388696654495e-01 1.000000000000000000e+00
3.134948096885813440e-01 7.061899269511725530e-01 8.249134948096885633e-01 1.000000000000000000e+00
3.190311418685120581e-01 7.092656670511341410e-01 8.230680507497116771e-01 1.000000000000000000e+00
3.245674740484429388e-01 7.123414071510957291e-01 8.212226066897346799e-01 1.000000000000000000e+00
3.301038062283737085e-01 7.154171472510572061e-01 8.193771626297577937e-01 1.000000000000000000e+00
3.356401384083045336e-01 7.184928873510187941e-01 8.175317185697807965e-01 1.000000000000000000e+00
3.411764705882353033e-01 7.215686274509803821e-01 8.156862745098039102e-01 1.000000000000000000e+00
3.467128027681661284e-01 7.246443675509419702e-01 8.138408304498269130e-01 1.000000000000000000e+00
3.522491349480968981e-01 7.277201076509034472e-01 8.119953863898500268e-01 1.000000000000000000e+00
3.577854671280277232e-01 7.307958477508650352e-01 8.101499423298731406e-01 1.000000000000000000e+00
3.633217993079584374e-01 7.338715878508265122e-01 8.083044982698961434e-01 1.000000000000000000e+00
3.688581314878892625e-01 7.369473279507881003e-01 8.064590542099192572e-01 1.000000000000000000e+00
3.743944636678200877e-01 7.400230680507496883e-01 8.046136101499423710e-01 1.000000000000000000e+00
3.799307958477509128e-01 7.430988081507112764e-01 8.027681660899653737e-01 1.000000000000000000e+00
3.854671280276816825e-01 7.461745482506727534e-01 8.009227220299884875e-01 1.000000000000000000e+00
3.910034602076124521e-01 7.492502883506343414e-01 7.990772779700114903e-01 1.000000000000000000e+00
3.965397923875432773e-01 7.523260284505959294e-01 7.972318339100346041e-01 1.000000000000000000e+00
4.020761245674740469e-01 7.554017685505575175e-01 7.953863898500577179e-01 1.000000000000000000e+00
4.076124567474047611e-01 7.584775086505189945e-01 7.935409457900807206e-01 1.000000000000000000e+00
4.131487889273356418e-01 7.615532487504805825e-01 7.916955017301038344e-01 1.000000000000000000e+00
4.186851211072664114e-01 7.646289888504421706e-01 7.898500576701268372e-01 1.000000000000000000e+00
4.242214532871972366e-01 7.677047289504037586e-01 7.880046136101499510e-01 1.000000000000000000e+00
4.297577854671280617e-01 7.707804690503652356e-01 7.861591695501730648e-01 1.000000000000000000e+00
4.352941176470588314e-01 7.738562091503268237e-01 7.843137254901960675e-01 1.000000000000000000e+00
4.408304498269896010e-01 7.769319492502884117e-01 7.824682814302191813e-01 1.000000000000000000e+00
4.463667820069204262e-01 7.800076893502498887e-01 7.806228373702421841e-01 1.000000000000000000e+00
4.519031141868511403e-01 7.830834294502114767e-01 7.787773933102652979e-01 1.000000000000000000e+00
4.574394463667820210e-01 7.861591695501730648e-01 7.769319492502884117e-01 1.000000000000000000e+00
4.629757785467127906e-01 7.892349096501345418e-01 7.750865051903114145e-01 1.000000000000000000e+00
4.685121107266435603e-01 7.923106497500961298e-01 7.732410611303345283e-01 1.000000000000000000e+00
4.740484429065743854e-01 7.953863898500577179e-01 7.713956170703576420e-01 1.000000000000000000e+00
4.851211072664359802e-01 8.010457516339869466e-01 7.677047289504037586e-01 1.000000000000000000e+00
4.906574394463668054e-01 8.031372549019608620e-01 7.658592848904267614e-01 1.000000000000000000e+00
4.961937716262975751e-01 8.052287581699346664e-01 7.640138408304498752e-01 1.000000000000000000e+00
5.017301038062284002e-01 8.073202614379085817e-01 7.621683967704729890e-01 1.000000000000000000e+00
5.072664359861590588e-01 8.094117647058823861e-01 7.603229527104961027e-01 1.000000000000000000e+00
5.128027681660899395e-01 8.115032679738563015e-01 7.584775086505191055e-01 1.000000000000000000e+00
5.183391003460207092e-01 8.135947712418301059e-01 7.566320645905421083e-01 1.000000000000000000e+00
5.238754325259515898e-01 8.156862745098039102e-01 7.547866205305652221e-01 1.000000000000000000e+00
5.294117647058823595e-01 8.177777777777778256e-01 7.529411764705882248e-01 1.000000000000000000e+00
5.349480968858131291e-01 8.198692810457516300e-01 7.510957324106113386e-01 1.000000000000000000e+00
5.404844290657438988e-01 8.219607843137255454e-01 7.492502883506344524e-01 1.000000000000000000e+00
5.460207612456747794e-01 8.240522875816993498e-01 7.474048442906574552e-01 1.000000000000000000e+00
5.515570934256055491e-01 8.261437908496732652e-01 7.455594002306805690e-01 1.000000000000000000e+00
5.570934256055363187e-01 8.282352941176470695e-01 7.437139561707035718e-01 1.000000000000000000e+00
5.626297577854670884e-01 8.303267973856209849e-01 7.418685121107266855e-01 1.000000000000000000e+00
5.681660899653979691e-01 8.324183006535947893e-01 7.400230680507497993e-01 1.000000000000000000e+00
5.737024221453287387e-01 8.345098039215687047e-01 7.381776239907728021e-01 1.000000000000000000e+00
5.792387543252595083e-01 8.366013071895425091e-01 7.363321799307959159e-01 1.000000000000000000e+00
5.847750865051902780e-01 8.386928104575164244e-01 7.344867358708189187e-01 1.000000000000000000e+00
5.903114186851211587e-01 8.407843137254902288e-01 7.326412918108420325e-01 1.000000000000000000e+00
5.958477508650517063e-01 8.428758169934640332e-01 7.307958477508651463e-01 1.000000000000000000e+00
6.013840830449826980e-01 8.449673202614379486e-01 7.289504036908881490e-01 1.000000000000000000e+00
6.069204152249134676e-01 8.470588235294117530e-01 7.271049596309112628e-01 1.000000000000000000e+00
6.124567474048443483e-01 8.491503267973856683e-01 7.252595155709342656e-01 1.000000000000000000e+00
6.179930795847751179e-01 8.512418300653594727e-01 7.234140715109573794e-01 1.000000000000000000e+00
6.235294117647058876e-01 8.533333333333333881e-01 7.215686274509803821e-01 1.000000000000000000e+00
6.290657439446366572e-01 8.554248366013071925e-01 7.197231833910034959e-01 1.000000000000000000e+00
6.346020761245674269e-01 8.575163398692811079e-01 7.178777393310266097e-01 1.000000000000000000e+00
6.401384083044983075e-01 8.596078431372549122e-01 7.160322952710496125e-01 1.000000000000000000e+00
6.456747404844290772e-01 8.616993464052288276e-01 7.141868512110727263e-01 1.000000000000000000e+00
6.512110726643598468e-01 8.637908496732026320e-01 7.123414071510957291e-01 1.000000000000000000e+00
6.567474048442906165e-01 8.658823529411765474e-01 7.104959630911188428e-01 1.000000000000000000e+00
6.615916955017301371e-01 8.677431757016532687e-01 7.110342176086120736e-01 1.000000000000000000e+00
6.660207612456747750e-01 8.694655901576316959e-01 7.130026912725875299e-01 1.000000000000000000e+00
6.704498269896194129e-01 8.711880046136101230e-01 7.149711649365628752e-01 1.000000000000000000e+00
6.748788927335640508e-01 8.729104190695886611e-01 7.169396386005383315e-01 1.000000000000000000e+00
6.793079584775085777e-01 8.746328335255670883e-01 7.189081122645136768e-01 1.000000000000000000e+00
6.837370242214533267e-01 8.763552479815456264e-01 7.208765859284890221e-01 1.000000000000000000e+00
6.881660899653979646e-01 8.780776624375240536e-01 7.228450595924644784e-01 1.000000000000000000e+00
6.925951557093426025e-01 8.798000768935024807e-01 7.248135332564398237e-01 1.000000000000000000e+00
6.970242214532872405e-01 8.815224913494810188e-01 7.267820069204152800e-01 1.000000000000000000e+00
7.014532871972318784e-01 8.832449058054594460e-01 7.287504805843906253e-01 1.000000000000000000e+00
7.058823529411765163e-01 8.849673202614378731e-01 7.307189542483660816e-01 1.000000000000000000e+00
7.103114186851211542e-01 8.866897347174164112e-01 7.326874279123414269e-01 1.000000000000000000e+00
7.147404844290657921e-01 8.884121491733948384e-01 7.346559015763168832e-01 1.000000000000000000e+00
7.191695501730104301e-01 8.901345636293732655e-01 7.366243752402922285e-01 1.000000000000000000e+00
7.235986159169550680e-01 8.918569780853518036e-01 7.385928489042675738e-01 1.000000000000000000e+00
7.280276816608997059e-01 8.935793925413302308e-01 7.405613225682430301e-01 1.000000000000000000e+00
7.324567474048443438e-01 8.953018069973086579e-01 7.425297962322183754e-01 1.000000000000000000e+00
7.368858131487889818e-01 8.970242214532871960e-01 7.444982698961938317e-01 1.000000000000000000e+00
7.413148788927336197e-01 8.987466359092656232e-01 7.464667435601691770e-01 1.000000000000000000e+00
7.457439446366782576e-01 9.004690503652441613e-01 7.484352172241446333e-01 1.000000000000000000e+00
7.501730103806227845e-01 9.021914648212225885e-01 7.504036908881199786e-01 1.000000000000000000e+00
7.546020761245675335e-01 9.039138792772010156e-01 7.523721645520953238e-01 1.000000000000000000e+00
7.590311418685121714e-01 9.056362937331795537e-01 7.543406382160707802e-01 1.000000000000000000e+00
7.634602076124568093e-01 9.073587081891579809e-01 7.563091118800461254e-01 1.000000000000000000e+00
7.678892733564014472e-01 9.090811226451364080e-01 7.582775855440215818e-01 1.000000000000000000e+00
7.723183391003460851e-01 9.108035371011149461e-01 7.602460592079969270e-01 1.000000000000000000e+00
7.767474048442907231e-01 9.125259515570933733e-01 7.622145328719723834e-01 1.000000000000000000e+00
7.811764705882353610e-01 9.142483660130718004e-01 7.641830065359477286e-01 1.000000000000000000e+00
7.856055363321799989e-01 9.159707804690503385e-01 7.661514801999231850e-01 1.000000000000000000e+00
7.900346020761246368e-01 9.176931949250287657e-01 7.681199538638985302e-01 1.000000000000000000e+00
7.944636678200692748e-01 9.194156093810073038e-01 7.700884275278738755e-01 1.000000000000000000e+00
7.988927335640139127e-01 9.211380238369857310e-01 7.720569011918493318e-01 1.000000000000000000e+00
8.018454440599769306e-01 9.223068050749710922e-01 7.745790080738177430e-01 1.000000000000000000e+00
8.043060361399462233e-01 9.232910419069587649e-01 7.772856593617839538e-01 1.000000000000000000e+00
8.067666282199154049e-01 9.242752787389465485e-01 7.799923106497501646e-01 1.000000000000000000e+00
8.092272202998846975e-01 9.252595155709342212e-01 7.826989619377162644e-01 1.000000000000000000e+00
8.116878123798538791e-01 9.262437524029218938e-01 7.854056132256823641e-01 1.000000000000000000e+00
8.141484044598231717e-01 9.272279892349095665e-01 7.881122645136485749e-01 1.000000000000000000e+00
8.166089965397924644e-01 9.282122260668972391e-01 7.908189158016147857e-01 1.000000000000000000e+00
8.190695886197616460e-01 9.291964628988850228e-01 7.935255670895808855e-01 1.000000000000000000e+00
8.215301806997309386e-01 9.301806997308726954e-01 7.962322183775470963e-01 1.000000000000000000e+00
8.239907727797001202e-01 9.311649365628603681e-01 7.989388696655133071e-01 1.000000000000000000e+00
8.264513648596694129e-01 9.321491733948480407e-01 8.016455209534794069e-01 1.000000000000000000e+00
8.289119569396385945e-01 9.331334102268358244e-01 8.043521722414456177e-01 1.000000000000000000e+00
8.313725490196078871e-01 9.341176470588234970e-01 8.070588235294117174e-01 1.000000000000000000e+00
8.338331410995770687e-01 9.351018838908111697e-01 8.097654748173779282e-01 1.000000000000000000e+00
8.362937331795463614e-01 9.360861207227988423e-01 8.124721261053441390e-01 1.000000000000000000e+00
8.387543252595155430e-01 9.370703575547865150e-01 8.151787773933102388e-01 1.000000000000000000e+00
8.412149173394848356e-01 9.380545943867742986e-01 8.178854286812764496e-01 1.000000000000000000e+00
8.436755094194541282e-01 9.390388312187619713e-01 8.205920799692425494e-01 1.000000000000000000e+00
8.461361014994233098e-01 9.400230680507496439e-01 8.232987312572087601e-01 1.000000000000000000e+00
8.485966935793926025e-01 9.410073048827373166e-01 8.260053825451749709e-01 1.000000000000000000e+00
8.510572856593616731e-01 9.419915417147249892e-01 8.287120338331409597e-01 1.000000000000000000e+00
8.535178777393310767e-01 9.429757785467127729e-01 8.314186851211072815e-01 1.000000000000000000e+00
8.559784698193002583e-01 9.439600153787004455e-01 8.341253364090733813e-01 1.000000000000000000e+00
8.584390618992695510e-01 9.449442522106881182e-01 8.368319876970395921e-01 1.000000000000000000e+00
8.608996539792387326e-01 9.459284890426757908e-01 8.395386389850056919e-01 1.000000000000000000e+00
8.633602460592080252e-01 9.469127258746635745e-01 8.422452902729719026e-01 1.000000000000000000e+00
8.658208381391772068e-01 9.478969627066512471e-01 8.449519415609381134e-01 1.000000000000000000e+00
8.682814302191464995e-01 9.488811995386389198e-01 8.476585928489042132e-01 1.000000000000000000e+00
8.707420222991156811e-01 9.498654363706265924e-01 8.503652441368704240e-01 1.000000000000000000e+00
8.732026143790849737e-01 9.508496732026143761e-01 8.530718954248365238e-01 1.000000000000000000e+00
8.756632064590541553e-01 9.518339100346020487e-01 8.557785467128027346e-01 1.000000000000000000e+00
8.781237985390234480e-01 9.528181468665897214e-01 8.584851980007688343e-01 1.000000000000000000e+00
8.809073433294886124e-01 9.539100346020760179e-01 8.610841983852364212e-01 1.000000000000000000e+00
8.837370242214532823e-01 9.550173010380622607e-01 8.636678200692040619e-01 1.000000000000000000e+00
8.865667051134179522e-01 9.561245674740483924e-01 8.662514417531718136e-01 1.000000000000000000e+00
8.893963860053825110e-01 9.572318339100345241e-01 8.688350634371395653e-01 1.000000000000000000e+00
8.922260668973470699e-01 9.583391003460206559e-01 8.714186851211070950e-01 1.000000000000000000e+00
8.950557477893117397e-01 9.594463667820068986e-01 8.740023068050749577e-01 1.000000000000000000e+00
8.978854286812764096e-01 9.605536332179930303e-01 8.765859284890425984e-01 1.000000000000000000e+00
9.007151095732410795e-01 9.616608996539791621e-01 8.791695501730103501e-01 1.000000000000000000e+00
9.035447904652056383e-01 9.627681660899654048e-01 8.817531718569779908e-01 1.000000000000000000e+00
9.063744713571703082e-01 9.638754325259515365e-01 8.843367935409457425e-01 1.000000000000000000e+00
9.092041522491349781e-01 9.649826989619376683e-01 8.869204152249134943e-01 1.000000000000000000e+00
9.120338331410995369e-01 9.660899653979239110e-01 8.895040369088811349e-01 1.000000000000000000e+00
9.148635140330642068e-01 9.671972318339100427e-01 8.920876585928488867e-01 1.000000000000000000e+00
9.176931949250288767e-01 9.683044982698961745e-01 8.946712802768165274e-01 1.000000000000000000e+00
9.205228758169934355e-01 9.694117647058823062e-01 8.972549019607842791e-01 1.000000000000000000e+00
9.233525567089581054e-01 9.705190311418685489e-01 8.998385236447520308e-01 1.000000000000000000e+00
9.261822376009227753e-01 9.716262975778546807e-01 9.024221453287196715e-01 1.000000000000000000e+00
9.290119184928873342e-01 9.727335640138408124e-01 9.050057670126874232e-01 1.000000000000000000e+00
9.318415993848520040e-01 9.738408304498269441e-01 9.075893886966550639e-01 1.000000000000000000e+00
9.346712802768165629e-01 9.749480968858131869e-01 9.101730103806228156e-01 1.000000000000000000e+00
9.375009611687811217e-01 9.760553633217993186e-01 9.127566320645904563e-01 1.000000000000000000e+00
9.403306420607459026e-01 9.771626297577854503e-01 9.153402537485582080e-01 1.000000000000000000e+00
9.431603229527104615e-01 9.782698961937716930e-01 9.179238754325259597e-01 1.000000000000000000e+00
9.459900038446751314e-01 9.793771626297578248e-01 9.205074971164936004e-01 1.000000000000000000e+00
9.488196847366396902e-01 9.804844290657439565e-01 9.230911188004613521e-01 1.000000000000000000e+00
9.516493656286043601e-01 9.815916955017300882e-01 9.256747404844289928e-01 1.000000000000000000e+00
9.544790465205690300e-01 9.826989619377163310e-01 9.282583621683967445e-01 1.000000000000000000e+00
9.573087274125335888e-01 9.838062283737024627e-01 9.308419838523644962e-01 1.000000000000000000e+00
9.601384083044982587e-01 9.849134948096885944e-01 9.334256055363321369e-01 1.000000000000000000e+00
9.629680891964629286e-01 9.860207612456747261e-01 9.360092272202998886e-01 1.000000000000000000e+00
9.657977700884274874e-01 9.871280276816609689e-01 9.385928489042675293e-01 1.000000000000000000e+00
9.686274509803921573e-01 9.882352941176471006e-01 9.411764705882352811e-01 1.000000000000000000e+00
