1.000000000000000000e+00 1.000000000000000000e+00 0.000000000000000000e+00 1.000000000000000000e+00
9.980372895701588032e-01 9.882813699105170713e-01 0.000000000000000000e+00 1.000000000000000000e+00
9.960707117193527971e-01 9.766546501722566109e-01 0.000000000000000000e+00 1.000000000000000000e+00
9.941002434954168132e-01 9.651194789334419655e-01 0.000000000000000000e+00 1.000000000000000000e+00
9.921258617182581174e-01 9.536754943422968145e-01 0.000000000000000000e+00 1.000000000000000000e+00
9.901475429766742886e-01 9.423223345470443935e-01 0.000000000000000000e+00 1.000000000000000000e+00
9.881652636251155863e-01 9.310596376959087150e-01 0.000000000000000000e+00 1.000000000000000000e+00
9.861789997803862562e-01 9.198870419371131257e-01 0.000000000000000000e+00 1.000000000000000000e+00
9.841887273182883256e-01 9.088041854188810831e-01 0.000000000000000000e+00 1.000000000000000000e+00
9.821944218702024498e-01 8.978107062894362667e-01 0.000000000000000000e+00 1.000000000000000000e+00
9.801960588196069191e-01 8.869062426970020230e-01 0.000000000000000000e+00 1.000000000000000000e+00
9.781936132985327159e-01 8.760904327898019206e-01 0.000000000000000000e+00 1.000000000000000000e+00
9.761870601839527373e-01 8.653629147160593060e-01 0.000000000000000000e+00 1.000000000000000000e+00
9.741763740941048466e-01 8.547233266239981919e-01 0.000000000000000000e+00 1.000000000000000000e+00
9.721615293847448713e-01 8.441713066618419248e-01 0.000000000000000000e+00 1.000000000000000000e+00
9.701425001453318764e-01 8.337064929778139621e-01 0.000000000000000000e+00 1.000000000000000000e+00
9.681192601951394971e-01 8.233285237201377615e-01 0.000000000000000000e+00 1.000000000000000000e+00
9.660917830792958849e-01 8.130370370370371136e-01 0.000000000000000000e+00 1.000000000000000000e+00
9.640600420647473801e-01 8.028316710767352538e-01 0.000000000000000000e+00 1.000000000000000000e+00
9.620240101361459129e-01 7.927120639874558616e-01 0.000000000000000000e+00 1.000000000000000000e+00
9.599836599916586888e-01 7.826778539174225058e-01 0.000000000000000000e+00 1.000000000000000000e+00
9.579389640386956062e-01 7.727286790148584217e-01 0.000000000000000000e+00 1.000000000000000000e+00
9.558898943895569600e-01 7.628641774279876220e-01 0.000000000000000000e+00 1.000000000000000000e+00
9.538364228569946590e-01 7.530839873050334532e-01 0.000000000000000000e+00 1.000000000000000000e+00
9.517785209496884002e-01 7.433877467942193729e-01 0.000000000000000000e+00 1.000000000000000000e+00
9.497161598676341354e-01 7.337750940437690605e-01 0.000000000000000000e+00 1.000000000000000000e+00
9.476493104974406112e-01 7.242456672019058628e-01 0.000000000000000000e+00 1.000000000000000000e+00
9.455779434075350931e-01 7.147991044168533481e-01 0.000000000000000000e+00 1.000000000000000000e+00
9.435020288432730551e-01 7.054350438368348630e-01 0.000000000000000000e+00 1.000000000000000000e+00
9.414215367219519459e-01 6.961531236100744202e-01 0.000000000000000000e+00 1.000000000000000000e+00
9.393364366277242583e-01 6.869529818847953662e-01 0.000000000000000000e+00 1.000000000000000000e+00
9.372466978064097898e-01 6.778342568092211584e-01 0.000000000000000000e+00 1.000000000000000000e+00
9.351522891602034315e-01 6.687965865315753655e-01 0.000000000000000000e+00 1.000000000000000000e+00
9.330531792422753767e-01 6.598396092000814450e-01 0.000000000000000000e+00 1.000000000000000000e+00
9.309493362512627490e-01 6.509629629629630765e-01 0.000000000000000000e+00 1.000000000000000000e+00
9.288407280256479881e-01 6.421662859684436064e-01 0.000000000000000000e+00 1.000000000000000000e+00
9.267273220380225496e-01 6.334492163647467144e-01 0.000000000000000000e+00 1.000000000000000000e+00
9.246090853892329209e-01 6.248113923000958581e-01 0.000000000000000000e+00 1.000000000000000000e+00
9.224859848024048459e-01 6.162524519227143838e-01 0.000000000000000000e+00 1.000000000000000000e+00
9.203579866168445367e-01 6.077720333808263042e-01 0.000000000000000000e+00 1.000000000000000000e+00
9.182250567818114328e-01 5.993697748226549660e-01 0.000000000000000000e+00 1.000000000000000000e+00
9.160871608501616192e-01 5.910453143964237155e-01 0.000000000000000000e+00 1.000000000000000000e+00
9.139442639718566852e-01 5.827982902503562324e-01 0.000000000000000000e+00 1.000000000000000000e+00
9.117963308873356931e-01 5.746283405326758631e-01 0.000000000000000000e+00 1.000000000000000000e+00
9.096433259207461486e-01 5.665351033916063983e-01 0.000000000000000000e+00 1.000000000000000000e+00
9.074852129730300865e-01 5.585182169753714065e-01 0.000000000000000000e+00 1.000000000000000000e+00
9.053219555148626085e-01 5.505773194321942343e-01 0.000000000000000000e+00 1.000000000000000000e+00
9.031535165794373210e-01 5.427120489102984502e-01 0.000000000000000000e+00 1.000000000000000000e+00
9.009798587550961191e-01 5.349220435579076227e-01 0.000000000000000000e+00 1.000000000000000000e+00
8.988009441777984332e-01 5.272069415232452094e-01 0.000000000000000000e+00 1.000000000000000000e+00
8.966167345234256070e-01 5.195663809545348899e-01 0.000000000000000000e+00 1.000000000000000000e+00
8.944271909999158554e-01 5.120000000000001217e-01 0.000000000000000000e+00 1.000000000000000000e+00
8.922322743392266942e-01 5.045074368078643623e-01 0.000000000000000000e+00 1.000000000000000000e+00
8.900319447891171798e-01 4.970883295263512358e-01 0.000000000000000000e+00 1.000000000000000000e+00
8.878261621047484065e-01 4.897423163036840332e-01 0.000000000000000000e+00 1.000000000000000000e+00
8.856148855400952646e-01 4.824690352880867672e-01 0.000000000000000000e+00 1.000000000000000000e+00
8.833980738391640219e-01 4.752681246277826732e-01 0.000000000000000000e+00 1.000000000000000000e+00
8.811756852270119511e-01 4.681392224709953753e-01 0.000000000000000000e+00 1.000000000000000000e+00
8.789476774005624549e-01 4.610819669659482756e-01 0.000000000000000000e+00 1.000000000000000000e+00
8.767140075192092485e-01 4.540959962608648315e-01 0.000000000000000000e+00 1.000000000000000000e+00
8.744746321952061585e-01 4.471809485039689447e-01 0.000000000000000000e+00 1.000000000000000000e+00
8.722295074838330997e-01 4.403364618434839617e-01 0.000000000000000000e+00 1.000000000000000000e+00
8.699785888733350125e-01 4.335621744276333955e-01 0.000000000000000000e+00 1.000000000000000000e+00
8.677218312746246554e-01 4.268577244046407038e-01 0.000000000000000000e+00 1.000000000000000000e+00
8.654591890107454777e-01 4.202227499227295660e-01 0.000000000000000000e+00 1.000000000000000000e+00
8.631906158060839163e-01 4.136568891301234396e-01 0.000000000000000000e+00 1.000000000000000000e+00
8.609160647753271167e-01 4.071597801750458379e-01 0.000000000000000000e+00 1.000000000000000000e+00
8.586354884121575326e-01 4.007310612057203292e-01 0.000000000000000000e+00 1.000000000000000000e+00
8.563488385776752976e-01 3.943703703703704821e-01 0.000000000000000000e+00 1.000000000000000000e+00
8.540560664885429309e-01 3.880773458172197543e-01 0.000000000000000000e+00 1.000000000000000000e+00
8.517571227048420512e-01 3.818516256944915477e-01 0.000000000000000000e+00 1.000000000000000000e+00
8.494519571176349926e-01 3.756928481504097084e-01 0.000000000000000000e+00 1.000000000000000000e+00
8.471405189362207766e-01 3.696006513331976384e-01 0.000000000000000000e+00 1.000000000000000000e+00
8.448227566750782236e-01 3.635746733910788508e-01 0.000000000000000000e+00 1.000000000000000000e+00
8.424986181404854335e-01 3.576145524722769142e-01 0.000000000000000000e+00 1.000000000000000000e+00
8.401680504168058672e-01 3.517199267250151751e-01 0.000000000000000000e+00 1.000000000000000000e+00
8.378309998524317015e-01 3.458904342975174795e-01 0.000000000000000000e+00 1.000000000000000000e+00
8.354874120453728015e-01 3.401257133380071740e-01 0.000000000000000000e+00 1.000000000000000000e+00
8.331372318284806511e-01 3.344254019947078826e-01 0.000000000000000000e+00 1.000000000000000000e+00
8.307804032542971395e-01 3.287891384158430630e-01 0.000000000000000000e+00 1.000000000000000000e+00
8.284168695795139925e-01 3.232165607496362836e-01 0.000000000000000000e+00 1.000000000000000000e+00
8.260465732490333002e-01 3.177073071443110575e-01 0.000000000000000000e+00 1.000000000000000000e+00
8.236694558796141541e-01 3.122610157480908977e-01 0.000000000000000000e+00 1.000000000000000000e+00
8.212854582430938466e-01 3.068773247091993728e-01 0.000000000000000000e+00 1.000000000000000000e+00
8.188945202491696440e-01 3.015558721758600513e-01 0.000000000000000000e+00 1.000000000000000000e+00
8.164965809277260345e-01 2.962962962962963909e-01 0.000000000000000000e+00 1.000000000000000000e+00
8.140915784106943498e-01 2.910982352187318489e-01 0.000000000000000000e+00 1.000000000000000000e+00
8.116794499134277752e-01 2.859613270913901606e-01 0.000000000000000000e+00 1.000000000000000000e+00
8.092601317155774243e-01 2.808852100624948389e-01 0.000000000000000000e+00 1.000000000000000000e+00
8.068335591414519392e-01 2.758695222802692859e-01 0.000000000000000000e+00 1.000000000000000000e+00
8.043996665398437385e-01 2.709139018929371256e-01 0.000000000000000000e+00 1.000000000000000000e+00
8.019583872633048172e-01 2.660179870487217602e-01 0.000000000000000000e+00 1.000000000000000000e+00
7.995096536468523363e-01 2.611814158958469245e-01 0.000000000000000000e+00 1.000000000000000000e+00
7.970533969860856827e-01 2.564038265825360763e-01 0.000000000000000000e+00 1.000000000000000000e+00
7.945895475146950160e-01 2.516848572570127285e-01 0.000000000000000000e+00 1.000000000000000000e+00
7.921180343813394309e-01 2.470241460675004219e-01 0.000000000000000000e+00 1.000000000000000000e+00
7.896387856258745286e-01 2.424213311622226696e-01 0.000000000000000000e+00 1.000000000000000000e+00
7.871517281549059719e-01 2.378760506894030402e-01 0.000000000000000000e+00 1.000000000000000000e+00
7.846567877166449323e-01 2.333879427972650467e-01 0.000000000000000000e+00 1.000000000000000000e+00
7.821538888750428908e-01 2.289566456340322020e-01 0.000000000000000000e+00 1.000000000000000000e+00
7.796429549831781491e-01 2.245817973479281027e-01 0.000000000000000000e+00 1.000000000000000000e+00
7.771239081558687367e-01 2.202630360871762061e-01 0.000000000000000000e+00 1.000000000000000000e+00
7.745966692414834043e-01 2.159999999999999698e-01 0.000000000000000000e+00 1.000000000000000000e+00
7.720611577929231695e-01 2.117923272346231844e-01 0.000000000000000000e+00 1.000000000000000000e+00
7.695172920377409964e-01 2.076396559392692243e-01 0.000000000000000000e+00 1.000000000000000000e+00
7.669649888473704102e-01 2.035416242621616301e-01 0.000000000000000000e+00 1.000000000000000000e+00
7.644041637054288518e-01 1.994978703515239704e-01 0.000000000000000000e+00 1.000000000000000000e+00
7.618347306750624659e-01 1.955080323555796196e-01 0.000000000000000000e+00 1.000000000000000000e+00
7.592566023652965734e-01 1.915717484225523681e-01 0.000000000000000000e+00 1.000000000000000000e+00
7.566696898963530815e-01 1.876886567006656181e-01 0.000000000000000000e+00 1.000000000000000000e+00
7.540739028638984154e-01 1.838583953381429381e-01 0.000000000000000000e+00 1.000000000000000000e+00
7.514691493021793400e-01 1.800806024832078134e-01 0.000000000000000000e+00 1.000000000000000000e+00
7.488553356460045940e-01 1.763549162840838125e-01 0.000000000000000000e+00 1.000000000000000000e+00
7.462323666915280374e-01 1.726809748889944485e-01 0.000000000000000000e+00 1.000000000000000000e+00
7.436001455557874618e-01 1.690584164461632621e-01 0.000000000000000000e+00 1.000000000000000000e+00
7.409585736349484364e-01 1.654868791038138220e-01 0.000000000000000000e+00 1.000000000000000000e+00
7.383075505612050060e-01 1.619660010101695857e-01 0.000000000000000000e+00 1.000000000000000000e+00
7.356469741582815081e-01 1.584954203134541773e-01 0.000000000000000000e+00 1.000000000000000000e+00
7.329767403954809968e-01 1.550747751618909709e-01 0.000000000000000000e+00 1.000000000000000000e+00
7.302967433402214326e-01 1.517037037037037017e-01 0.000000000000000000e+00 1.000000000000000000e+00
7.276068751089989073e-01 1.483818440871158273e-01 0.000000000000000000e+00 1.000000000000000000e+00
7.249070258167121805e-01 1.451088344603508606e-01 0.000000000000000000e+00 1.000000000000000000e+00
7.221970835242831344e-01 1.418843129716323426e-01 0.000000000000000000e+00 1.000000000000000000e+00
7.194769341845014266e-01 1.387079177691837584e-01 0.000000000000000000e+00 1.000000000000000000e+00
7.167464615860188459e-01 1.355792870012287599e-01 0.000000000000000000e+00 1.000000000000000000e+00
7.140055472954166538e-01 1.324980588159908046e-01 0.000000000000000000e+00 1.000000000000000000e+00
7.112540705972630883e-01 1.294638713616934611e-01 0.000000000000000000e+00 1.000000000000000000e+00
7.057189353321012826e-01 1.235351712388146339e-01 1.231965953523852901e-02 1.000000000000000000e+00
7.029350233548073978e-01 1.206399348666802457e-01 3.695149938914490950e-02 1.000000000000000000e+00
7.001400420140049263e-01 1.177902918183805908e-01 6.156090613394278599e-02 1.000000000000000000e+00
6.973338582084779302e-01 1.149858802421391824e-01 8.613293949614587997e-02 1.000000000000000000e+00
6.945163361480207742e-01 1.122263382861795611e-01 1.106526818915006538e-01 1.000000000000000000e+00
6.916873372767637917e-01 1.095113040987251984e-01 1.351052474813931314e-01 1.000000000000000000e+00
6.888467201936644413e-01 1.068404158279997740e-01 1.594757912099808994e-01 1.000000000000000000e+00
6.859943405700353880e-01 1.042133116222267453e-01 1.837495178165703680e-01 1.000000000000000000e+00
6.831300510639731760e-01 1.016296296296296392e-01 2.079116908177593148e-01 1.000000000000000000e+00
6.802537012315447162e-01 9.908900799843198270e-02 2.319476414538980402e-01 1.000000000000000000e+00
6.773651374345780463e-01 9.659108487685734434e-02 2.558427775944354110e-01 1.000000000000000000e+00
6.744642027449001542e-01 9.413549841312922328e-02 2.795825925967435621e-01 1.000000000000000000e+00
6.715507368448513370e-01 9.172188675547109094e-02 3.031526741130440294e-01 1.000000000000000000e+00
6.686245759238974573e-01 8.934988805210664076e-02 3.265387128400837891e-01 1.000000000000000000e+00
6.656855525711525834e-01 8.701914045125930253e-02 3.497265112062615811e-01 1.000000000000000000e+00
6.627334956636111718e-01 8.472928210115264480e-02 3.727019919909143608e-01 1.000000000000000000e+00
6.597682302498800722e-01 8.247995115001018063e-02 3.954512068705424155e-01 1.000000000000000000e+00
6.567895774291853117e-01 8.027078574605545080e-02 4.179603448867832416e-01 1.000000000000000000e+00
6.537973542254181814e-01 7.810142403751198226e-02 4.402157408309870790e-01 1.000000000000000000e+00
6.507913734559686025e-01 7.597150417260332966e-02 4.622038835403128321e-01 1.000000000000000000e+00
6.477714435950807648e-01 7.388066429955299219e-02 4.839114241003011907e-01 1.000000000000000000e+00
6.447373686314481489e-01 7.182854256658448289e-02 5.053251839489484309e-01 1.000000000000000000e+00
6.416889479197478430e-01 6.981477712192142582e-02 5.264321628773560580e-01 1.000000000000000000e+00
6.386259760257970708e-01 6.783900611378730627e-02 5.472195469221113884e-01 1.000000000000000000e+00
6.355482425649928713e-01 6.590086769040565118e-02 5.676747161445903078e-01 1.000000000000000000e+00
6.324555320336758824e-01 6.400000000000001521e-02 5.877852522924732481e-01 1.000000000000000000e+00
6.293476236330356466e-01 6.213604119079390448e-02 6.075389463388168876e-01 1.000000000000000000e+00
6.262242910851495425e-01 6.030862941101087366e-02 6.269238058941064562e-01 1.000000000000000000e+00
6.230853024407227991e-01 5.851740280887439416e-02 6.459280624867875797e-01 1.000000000000000000e+00
6.199304198780666297e-01 5.676199953260810394e-02 6.645401787078581979e-01 1.000000000000000000e+00
6.167593994928208812e-01 5.504205773043549521e-02 6.827488552151855794e-01 1.000000000000000000e+00
6.135719910778963948e-01 5.335721555058008797e-02 7.005430375932910625e-01 1.000000000000000000e+00
6.103679378930737531e-01 5.170711114126542995e-02 7.179119230644419591e-01 1.000000000000000000e+00
6.071469764236598898e-01 5.009138265071504115e-02 7.348449670469756612e-01 1.000000000000000000e+00
6.039088361275576355e-01 4.850966822715246929e-02 7.513318895568732447e-01 1.000000000000000000e+00
6.006532391700640794e-01 4.696160601880123436e-02 7.673626814486967929e-01 1.000000000000000000e+00
5.973799001456604474e-01 4.544683417388487717e-02 7.829276104921026880e-01 1.000000000000000000e+00
5.940885257860045732e-01 4.396499084062689688e-02 7.980172272802396050e-01 1.000000000000000000e+00
5.907788146532823026e-01 4.251571416725089675e-02 8.126223709664456285e-01 1.000000000000000000e+00
5.874504568180080044e-01 4.109864230198038287e-02 8.267341748257635015e-01 1.000000000000000000e+00
5.841031335203016317e-01 3.971341339303888218e-02 8.403440716378927089e-01 1.000000000000000000e+00
5.807365168135928402e-01 3.835966558864992160e-02 8.534437988883158965e-01 1.000000000000000000e+00
5.773502691896258421e-01 3.703703703703704886e-02 8.660254037844385966e-01 1.000000000000000000e+00
5.739440431835515222e-01 3.574516588642379089e-02 8.780812480836978073e-01 1.000000000000000000e+00
5.705174809577979733e-01 3.448369028503364686e-02 8.896040127307097700e-01 1.000000000000000000e+00
5.670702138633102463e-01 3.325224838109022002e-02 9.005867023006376426e-01 1.000000000000000000e+00
5.636018619766345328e-01 3.205047832281700954e-02 9.110226492460884451e-01 1.000000000000000000e+00
5.601120336112038745e-01 3.087801825843755274e-02 9.209055179449536777e-01 1.000000000000000000e+00
5.566003248010438220e-01 2.973450633617538003e-02 9.302293085467403522e-01 1.000000000000000000e+00
5.530663187549721416e-01 2.861958070425402526e-02 9.389883606150565276e-01 1.000000000000000000e+00
5.495095852792064584e-01 2.753287951089702576e-02 9.471773565640402293e-01 1.000000000000000000e+00
5.459296801661130960e-01 2.647404090432791193e-02 9.547913248866443103e-01 1.000000000000000000e+00
5.423261445466405206e-01 2.544270303277021764e-02 9.618256431728190448e-01 1.000000000000000000e+00
5.386985042037637506e-01 2.443850404444745245e-02 9.682760409157589176e-01 1.000000000000000000e+00
5.350462688440332792e-01 2.346108208758320227e-02 9.741386021045101984e-01 1.000000000000000000e+00
5.313689313240571588e-01 2.251007531040097667e-02 9.794097676013658882e-01 1.000000000000000000e+00
5.276659668284658933e-01 2.158512186112430606e-02 9.840863373026044192e-01 1.000000000000000000e+00
5.239368319955838293e-01 2.068585988797672776e-02 9.881654720812593773e-01 1.000000000000000000e+00
5.201809639866857848e-01 1.981192753918177216e-02 9.916446955107427463e-01 1.000000000000000000e+00
5.163977794943223065e-01 1.896296296296297312e-02 9.945218953682732899e-01 1.000000000000000000e+00
5.125866736847687344e-01 1.813860430754384717e-02 9.967953249171991326e-01 1.000000000000000000e+00
5.087470190691683047e-01 1.733848972114796980e-02 9.984636039674339436e-01 1.000000000000000000e+00
5.048781642974012884e-01 1.656225735199885057e-02 9.995257197133659011e-01 1.000000000000000000e+00
5.009794328681196340e-01 1.580954534832002684e-02 9.999810273487268475e-01 1.000000000000000000e+00
4.970501217477084066e-01 1.507999185833503071e-02 9.998292504580527096e-01 1.000000000000000000e+00
4.930894998901931836e-01 1.437323503026739779e-02 9.990704811844931532e-01 1.000000000000000000e+00
4.890968066492663580e-01 1.368891301234066021e-02 9.977051801738728853e-01 1.000000000000000000e+00
4.850712500726659937e-01 1.302666395277835183e-02 9.957341762950345787e-01 1.000000000000000000e+00
4.810120050680730119e-01 1.238612599980400825e-02 9.931586661366361701e-01 1.000000000000000000e+00
4.769182114284972740e-01 1.176693730164114424e-02 9.899802132807069555e-01 1.000000000000000000e+00
4.727889717037674910e-01 1.116873600651333009e-02 9.862007473534025737e-01 1.000000000000000000e+00
4.686233489032048949e-01 1.059116026264408060e-02 9.818225628535368621e-01 1.000000000000000000e+00
4.644203640128239940e-01 1.003384821825693135e-02 9.768483177596006817e-01 1.000000000000000000e+00
4.601789933084222683e-01 9.496438021575416208e-03 9.712810319161139239e-01 1.000000000000000000e+00
4.558981654436679021e-01 8.978567820823067300e-03 9.651240852002891391e-01 1.000000000000000000e+00
4.515767582897187160e-01 8.479875764223420223e-03 9.583812154701223385e-01 1.000000000000000000e+00
4.472135954999578722e-01 7.999999999999994962e-03 9.510565162951535312e-01 1.000000000000000000e+00
4.428074427700476323e-01 7.538578676376352268e-03 9.431544344712774475e-01 1.000000000000000000e+00
4.383570037596046243e-01 7.095249941576012992e-03 9.346797673211105772e-01 1.000000000000000000e+00
4.338609156373123277e-01 6.669651943822510996e-03 9.256376597815562102e-01 1.000000000000000000e+00
4.293177442060787663e-01 6.261422831339380143e-03 9.160336012803335093e-01 1.000000000000000000e+00
4.247259785588175518e-01 5.870200752350154295e-03 9.058734224033671012e-01 1.000000000000000000e+00
4.200840252084029891e-01 5.495623855078367315e-03 8.951632913550623405e-01 1.000000000000000000e+00
4.153902016271486253e-01 5.137330287747553063e-03 8.839097102136120876e-01 1.000000000000000000e+00
4.106427291215469788e-01 4.794958198581245404e-03 8.721195109836109571e-01 1.000000000000000000e+00
4.058397249567138321e-01 4.468145735802969525e-03 8.597998514483722321e-01 1.000000000000000000e+00
4.009791936316524086e-01 4.156531047636277502e-03 8.469582108244669838e-01 1.000000000000000000e+00
3.960590171906697154e-01 3.859752282304694092e-03 8.336023852211195129e-01 1.000000000000000000e+00
3.910769444375214454e-01 3.577447588031753157e-03 8.197404829072211241e-01 1.000000000000000000e+00
3.860305788964616402e-01 3.309255113040988992e-03 8.053809193888327167e-01 1.000000000000000000e+00
3.809173653375313440e-01 3.054813005555935025e-03 7.905324123001634673e-01 1.000000000000000000e+00
3.757345746510897810e-01 2.813759413800125120e-03 7.752039761111300109e-01 1.000000000000000000e+00
3.704792868174741627e-01 2.585732485997087500e-03 7.594049166547068852e-01 1.000000000000000000e+00
3.651483716701107163e-01 2.370370370370368605e-03 7.431448254773941331e-01 1.000000000000000000e+00
3.597384670922507133e-01 2.167311215143496225e-03 7.264335740162241040e-01 1.000000000000000000e+00
3.542459542160381059e-01 1.976193168540003355e-03 7.092813076058535060e-01 1.000000000000000000e+00
3.486669291042389651e-01 1.796654378783424724e-03 6.916984393193700287e-01 1.000000000000000000e+00
3.429971702850176940e-01 1.628332994097293979e-03 6.736956436465573184e-01 1.000000000000000000e+00
3.372321013724501326e-01 1.470867162705145198e-03 6.552838500134536837e-01 1.000000000000000000e+00
3.313667478318056969e-01 1.323895032830512027e-03 6.364742361471417142e-01 1.000000000000000000e+00
3.253956867279843568e-01 1.187054752696928761e-03 6.172782212897932608e-01 1.000000000000000000e+00
3.193129880128984799e-01 1.059984470527925793e-03 5.977074592660934771e-01 1.000000000000000000e+00
3.131121455425747158e-01 9.423223345470440335e-04 5.777738314082510040e-01 1.000000000000000000e+00
3.067859955389481974e-01 8.337064929778139830e-04 5.574894393428855288e-01 1.000000000000000000e+00
3.003266195850320397e-01 7.337750940437692869e-04 5.368665976441799881e-01 1.000000000000000000e+00
2.937252284090040577e-01 6.421662859684441329e-04 5.159178263577511858e-01 1.000000000000000000e+00
2.869720215917757611e-01 5.585182169753722748e-04 4.946558433997789717e-01 1.000000000000000000e+00
2.800560168056020482e-01 4.824690352880877916e-04 4.730935568360103427e-01 1.000000000000000000e+00
2.729648400830564370e-01 4.136568891301227024e-04 4.512440570453225552e-01 1.000000000000000000e+00
2.656844656620285239e-01 3.517199267250148268e-04 4.291206087726087692e-01 1.000000000000000000e+00
2.581988897471610978e-01 2.962962962962960756e-04 4.067366430758001528e-01 1.000000000000000000e+00
2.504897164340598170e-01 2.470241460675004193e-04 3.841057491719258588e-01 1.000000000000000000e+00
2.425356250363329969e-01 2.035416242621617474e-04 3.612416661871529766e-01 1.000000000000000000e+00
2.343116744516025030e-01 1.654868791038140033e-04 3.381582748158172835e-01 1.000000000000000000e+00
2.257883791448594135e-01 1.324980588159911578e-04 3.148695888935080789e-01 1.000000000000000000e+00
2.169304578186563026e-01 1.042133116222271138e-04 2.913897468893249521e-01 1.000000000000000000e+00
2.076951008135744514e-01 8.027078574605582832e-05 2.677330033224683548e-01 1.000000000000000000e+00
1.980295085953348022e-01 6.030862941101071645e-05 2.439137201083769746e-01 1.000000000000000000e+00
1.878672873255448073e-01 4.396499084062685335e-05 2.199463578396685104e-01 1.000000000000000000e+00
1.771229771080190529e-01 3.087801825843755241e-05 1.958454670071669568e-01 1.000000000000000000e+00
1.656833739159028485e-01 2.068585988797675042e-05 1.716256791663597070e-01 1.000000000000000000e+00
1.533929977694741820e-01 1.302666395277838922e-05 1.473016980546376642e-01 1.000000000000000000e+00
1.400280084028011351e-01 7.538578676376403930e-06 1.228882906647143780e-01 1.000000000000000000e+00
1.252448582170301306e-01 3.859752282304734709e-06 9.840027827964305251e-02 1.000000000000000000e+00
1.084652289093278876e-01 1.628332994097275571e-06 7.385252747487369707e-02 1.000000000000000000e+00
8.856148855400937381e-02 4.824690352880816743e-07 4.925994109281667949e-02 1.000000000000000000e+00
6.262242910851484323e-02 6.030862941101020929e-08 2.463744919538188305e-02 1.000000000000000000e+00
0.000000000000000000e+00 0.000000000000000000e+00 0.000000000000000000e+00 1.000000000000000000e+00
