0.000000000000000000e+00 0.000000000000000000e+00 0.000000000000000000e+00 1.000000000000000000e+00
0.000000000000000000e+00 0.000000000000000000e+00 1.568627450980392135e-02 1.000000000000000000e+00
0.000000000000000000e+00 0.000000000000000000e+00 3.137254901960784270e-02 1.000000000000000000e+00
0.000000000000000000e+00 0.000000000000000000e+00 4.705882352941176405e-02 1.000000000000000000e+00
0.000000000000000000e+00 0.000000000000000000e+00 6.274509803921568540e-02 1.000000000000000000e+00
0.000000000000000000e+00 0.000000000000000000e+00 7.843137254901960675e-02 1.000000000000000000e+00
0.000000000000000000e+00 0.000000000000000000e+00 9.411764705882352811e-02 1.000000000000000000e+00
0.000000000000000000e+00 0.000000000000000000e+00 1.098039215686274495e-01 1.000000000000000000e+00
0.000000000000000000e+00 0.000000000000000000e+00 1.254901960784313708e-01 1.000000000000000000e+00
0.000000000000000000e+00 0.000000000000000000e+00 1.411764705882352922e-01 1.000000000000000000e+00
0.000000000000000000e+00 0.000000000000000000e+00 1.568627450980392135e-01 1.000000000000000000e+00
0.000000000000000000e+00 0.000000000000000000e+00 1.725490196078431349e-01 1.000000000000000000e+00
0.000000000000000000e+00 0.000000000000000000e+00 1.882352941176470562e-01 1.000000000000000000e+00
0.000000000000000000e+00 0.000000000000000000e+00 2.039215686274509776e-01 1.000000000000000000e+00
0.000000000000000000e+00 0.000000000000000000e+00 2.196078431372548989e-01 1.000000000000000000e+00
0.000000000000000000e+00 0.000000000000000000e+00 2.352941176470588203e-01 1.000000000000000000e+00
0.000000000000000000e+00 0.000000000000000000e+00 2.509803921568627416e-01 1.000000000000000000e+00
0.000000000000000000e+00 0.000000000000000000e+00 2.666666666666666630e-01 1.000000000000000000e+00
0.000000000000000000e+00 0.000000000000000000e+00 2.823529411764705843e-01 1.000000000000000000e+00
0.000000000000000000e+00 0.000000000000000000e+00 2.980392156862745057e-01 1.000000000000000000e+00
0.000000000000000000e+00 0.000000000000000000e+00 3.137254901960784270e-01 1.000000000000000000e+00
0.000000000000000000e+00 0.000000000000000000e+00 3.294117647058823484e-01 1.000000000000000000e+00
0.000000000000000000e+00 0.000000000000000000e+00 3.450980392156862697e-01 1.000000000000000000e+00
0.000000000000000000e+00 0.000000000000000000e+00 3.607843137254901911e-01 1.000000000000000000e+00
0.000000000000000000e+00 0.000000000000000000e+00 3.764705882352941124e-01 1.000000000000000000e+00
0.000000000000000000e+00 0.000000000000000000e+00 3.921568627450980338e-01 1.000000000000000000e+00
0.000000000000000000e+00 0.000000000000000000e+00 4.078431372549019551e-01 1.000000000000000000e+00
0.000000000000000000e+00 0.000000000000000000e+00 4.235294117647058765e-01 1.000000000000000000e+00
0.000000000000000000e+00 0.000000000000000000e+00 4.392156862745097978e-01 1.000000000000000000e+00
0.000000000000000000e+00 0.000000000000000000e+00 4.549019607843137192e-01 1.000000000000000000e+00
0.000000000000000000e+00 0.000000000000000000e+00 4.705882352941176405e-01 1.000000000000000000e+00
0.000000000000000000e+00 0.000000000000000000e+00 4.862745098039215619e-01 1.000000000000000000e+00
0.000000000000000000e+00 0.000000000000000000e+00 5.019607843137254832e-01 1.000000000000000000e+00
0.000000000000000000e+00 0.000000000000000000e+00 5.176470588235293491e-01 1.000000000000000000e+00
0.000000000000000000e+00 0.000000000000000000e+00 5.333333333333333259e-01 1.000000000000000000e+00
0.000000000000000000e+00 0.000000000000000000e+00 5.490196078431373028e-01 1.000000000000000000e+00
0.000000000000000000e+00 0.000000000000000000e+00 5.647058823529411686e-01 1.000000000000000000e+00
0.000000000000000000e+00 0.000000000000000000e+00 5.803921568627450345e-01 1.000000000000000000e+00
0.000000000000000000e+00 0.000000000000000000e+00 5.960784313725490113e-01 1.000000000000000000e+00
0.000000000000000000e+00 0.000000000000000000e+00 6.117647058823529882e-01 1.000000000000000000e+00
0.000000000000000000e+00 0.000000000000000000e+00 6.274509803921568540e-01 1.000000000000000000e+00
0.000000000000000000e+00 0.000000000000000000e+00 6.431372549019607199e-01 1.000000000000000000e+00
0.000000000000000000e+00 0.000000000000000000e+00 6.588235294117646967e-01 1.000000000000000000e+00
0.000000000000000000e+00 0.000000000000000000e+00 6.745098039215686736e-01 1.000000000000000000e+00
0.000000000000000000e+00 0.000000000000000000e+00 6.901960784313725394e-01 1.000000000000000000e+00
0.000000000000000000e+00 0.000000000000000000e+00 7.058823529411764053e-01 1.000000000000000000e+00
0.000000000000000000e+00 0.000000000000000000e+00 7.215686274509803821e-01 1.000000000000000000e+00
0.000000000000000000e+00 0.000000000000000000e+00 7.372549019607843590e-01 1.000000000000000000e+00
0.000000000000000000e+00 0.000000000000000000e+00 7.529411764705882248e-01 1.000000000000000000e+00
0.000000000000000000e+00 0.000000000000000000e+00 7.686274509803920907e-01 1.000000000000000000e+00
0.000000000000000000e+00 0.000000000000000000e+00 7.843137254901960675e-01 1.000000000000000000e+00
0.000000000000000000e+00 0.000000000000000000e+00 8.000000000000000444e-01 1.000000000000000000e+00
0.000000000000000000e+00 0.000000000000000000e+00 8.156862745098039102e-01 1.000000000000000000e+00
0.000000000000000000e+00 0.000000000000000000e+00 8.313725490196077761e-01 1.000000000000000000e+00
0.000000000000000000e+00 0.000000000000000000e+00 8.470588235294117530e-01 1.000000000000000000e+00
0.000000000000000000e+00 0.000000000000000000e+00 8.627450980392157298e-01 1.000000000000000000e+00
0.000000000000000000e+00 0.000000000000000000e+00 8.784313725490195957e-01 1.000000000000000000e+00
0.000000000000000000e+00 0.000000000000000000e+00 8.941176470588234615e-01 1.000000000000000000e+00
0.000000000000000000e+00 0.000000000000000000e+00 9.098039215686274384e-01 1.000000000000000000e+00
0.000000000000000000e+00 0.000000000000000000e+00 9.254901960784314152e-01 1.000000000000000000e+00
0.000000000000000000e+00 0.000000000000000000e+00 9.411764705882352811e-01 1.000000000000000000e+00
0.000000000000000000e+00 0.000000000000000000e+00 9.568627450980391469e-01 1.000000000000000000e+00
0.000000000000000000e+00 0.000000000000000000e+00 9.725490196078431238e-01 1.000000000000000000e+00
0.000000000000000000e+00 0.000000000000000000e+00 9.882352941176471006e-01 1.000000000000000000e+00
3.063725490196067547e-03 0.000000000000000000e+00 1.000000000000000000e+00 1.000000000000000000e+00
1.531862745098033773e-02 0.000000000000000000e+00 1.000000000000000000e+00 1.000000000000000000e+00
2.757352941176460792e-02 0.000000000000000000e+00 1.000000000000000000e+00 1.000000000000000000e+00
3.982843137254898913e-02 0.000000000000000000e+00 1.000000000000000000e+00 1.000000000000000000e+00
5.208333333333325932e-02 0.000000000000000000e+00 1.000000000000000000e+00 1.000000000000000000e+00
6.433823529411752951e-02 0.000000000000000000e+00 1.000000000000000000e+00 1.000000000000000000e+00
7.659313725490202174e-02 0.000000000000000000e+00 1.000000000000000000e+00 1.000000000000000000e+00
8.884803921568629193e-02 0.000000000000000000e+00 1.000000000000000000e+00 1.000000000000000000e+00
1.011029411764705621e-01 0.000000000000000000e+00 1.000000000000000000e+00 1.000000000000000000e+00
1.133578431372548323e-01 0.000000000000000000e+00 1.000000000000000000e+00 1.000000000000000000e+00
1.256127450980391025e-01 0.000000000000000000e+00 1.000000000000000000e+00 1.000000000000000000e+00
1.378676470588235947e-01 0.000000000000000000e+00 1.000000000000000000e+00 1.000000000000000000e+00
1.501225490196078649e-01 0.000000000000000000e+00 1.000000000000000000e+00 1.000000000000000000e+00
1.623774509803921351e-01 0.000000000000000000e+00 1.000000000000000000e+00 1.000000000000000000e+00
1.746323529411765163e-01 0.000000000000000000e+00 1.000000000000000000e+00 1.000000000000000000e+00
1.868872549019607865e-01 0.000000000000000000e+00 1.000000000000000000e+00 1.000000000000000000e+00
1.991421568627450567e-01 0.000000000000000000e+00 1.000000000000000000e+00 1.000000000000000000e+00
2.113970588235293269e-01 0.000000000000000000e+00 1.000000000000000000e+00 1.000000000000000000e+00
2.236519607843137081e-01 0.000000000000000000e+00 1.000000000000000000e+00 1.000000000000000000e+00
2.359068627450979783e-01 0.000000000000000000e+00 1.000000000000000000e+00 1.000000000000000000e+00
2.481617647058822484e-01 0.000000000000000000e+00 1.000000000000000000e+00 1.000000000000000000e+00
2.604166666666665186e-01 0.000000000000000000e+00 1.000000000000000000e+00 1.000000000000000000e+00
2.726715686274510109e-01 0.000000000000000000e+00 1.000000000000000000e+00 1.000000000000000000e+00
2.849264705882352811e-01 0.000000000000000000e+00 1.000000000000000000e+00 1.000000000000000000e+00
2.971813725490195512e-01 0.000000000000000000e+00 1.000000000000000000e+00 1.000000000000000000e+00
3.094362745098038214e-01 0.000000000000000000e+00 1.000000000000000000e+00 1.000000000000000000e+00
3.216911764705880916e-01 0.000000000000000000e+00 1.000000000000000000e+00 1.000000000000000000e+00
3.339460784313725839e-01 0.000000000000000000e+00 1.000000000000000000e+00 1.000000000000000000e+00
3.462009803921568540e-01 0.000000000000000000e+00 1.000000000000000000e+00 1.000000000000000000e+00
3.584558823529411242e-01 0.000000000000000000e+00 1.000000000000000000e+00 1.000000000000000000e+00
3.707107843137256165e-01 0.000000000000000000e+00 1.000000000000000000e+00 1.000000000000000000e+00
3.829656862745098866e-01 0.000000000000000000e+00 1.000000000000000000e+00 1.000000000000000000e+00
3.952205882352941568e-01 0.000000000000000000e+00 1.000000000000000000e+00 1.000000000000000000e+00
4.074754901960784270e-01 0.000000000000000000e+00 1.000000000000000000e+00 1.000000000000000000e+00
4.197303921568626972e-01 0.000000000000000000e+00 1.000000000000000000e+00 1.000000000000000000e+00
4.319852941176469674e-01 0.000000000000000000e+00 1.000000000000000000e+00 1.000000000000000000e+00
4.442401960784312376e-01 0.000000000000000000e+00 1.000000000000000000e+00 1.000000000000000000e+00
4.564950980392155078e-01 0.000000000000000000e+00 1.000000000000000000e+00 1.000000000000000000e+00
4.687500000000000000e-01 0.000000000000000000e+00 1.000000000000000000e+00 1.000000000000000000e+00
4.810049019607842702e-01 0.000000000000000000e+00 1.000000000000000000e+00 1.000000000000000000e+00
4.932598039215685404e-01 0.000000000000000000e+00 1.000000000000000000e+00 1.000000000000000000e+00
5.055147058823528106e-01 0.000000000000000000e+00 1.000000000000000000e+00 1.000000000000000000e+00
5.177696078431370807e-01 0.000000000000000000e+00 1.000000000000000000e+00 1.000000000000000000e+00
5.300245098039215730e-01 0.000000000000000000e+00 1.000000000000000000e+00 1.000000000000000000e+00
5.422794117647058432e-01 7.058823529411784037e-03 9.929411764705883270e-01 1.000000000000000000e+00
5.545343137254901134e-01 1.490196078431371696e-02 9.850980392156863941e-01 1.000000000000000000e+00
5.667892156862746056e-01 2.274509803921576090e-02 9.772549019607843501e-01 1.000000000000000000e+00
5.790441176470588758e-01 3.058823529411769382e-02 9.694117647058824172e-01 1.000000000000000000e+00
5.912990196078431460e-01 3.843137254901962674e-02 9.615686274509804843e-01 1.000000000000000000e+00
6.035539215686274161e-01 4.627450980392155966e-02 9.537254901960785514e-01 1.000000000000000000e+00
6.158088235294116863e-01 5.411764705882349258e-02 9.458823529411766184e-01 1.000000000000000000e+00
6.280637254901961786e-01 6.196078431372553652e-02 9.380392156862745745e-01 1.000000000000000000e+00
6.403186274509804488e-01 6.980392156862746944e-02 9.301960784313726416e-01 1.000000000000000000e+00
6.525735294117647189e-01 7.764705882352940236e-02 9.223529411764707087e-01 1.000000000000000000e+00
6.648284313725489891e-01 8.549019607843144630e-02 9.145098039215686647e-01 1.000000000000000000e+00
6.770833333333332593e-01 9.333333333333337922e-02 9.066666666666667318e-01 1.000000000000000000e+00
6.893382352941175295e-01 1.011764705882353121e-01 8.988235294117647989e-01 1.000000000000000000e+00
7.015931372549017997e-01 1.090196078431372451e-01 8.909803921568628660e-01 1.000000000000000000e+00
7.138480392156860699e-01 1.168627450980391780e-01 8.831372549019609330e-01 1.000000000000000000e+00
7.261029411764705621e-01 1.247058823529412219e-01 8.752941176470588891e-01 1.000000000000000000e+00
7.383578431372548323e-01 1.325490196078431548e-01 8.674509803921569562e-01 1.000000000000000000e+00
7.506127450980391025e-01 1.403921568627450878e-01 8.596078431372550233e-01 1.000000000000000000e+00
7.628676470588235947e-01 1.482352941176471317e-01 8.517647058823529793e-01 1.000000000000000000e+00
7.873774509803921351e-01 1.639215686274509975e-01 8.360784313725491135e-01 1.000000000000000000e+00
7.996323529411764053e-01 1.717647058823529305e-01 8.282352941176471806e-01 1.000000000000000000e+00
8.118872549019606755e-01 1.796078431372548634e-01 8.203921568627452476e-01 1.000000000000000000e+00
8.241421568627449457e-01 1.874509803921567963e-01 8.125490196078433147e-01 1.000000000000000000e+00
8.363970588235292158e-01 1.952941176470587292e-01 8.047058823529413818e-01 1.000000000000000000e+00
8.486519607843137081e-01 2.031372549019608842e-01 7.968627450980392268e-01 1.000000000000000000e+00
8.609068627450979783e-01 2.109803921568628171e-01 7.890196078431372939e-01 1.000000000000000000e+00
8.731617647058822484e-01 2.188235294117647500e-01 7.811764705882353610e-01 1.000000000000000000e+00
8.854166666666665186e-01 2.266666666666666829e-01 7.733333333333334281e-01 1.000000000000000000e+00
8.976715686274507888e-01 2.345098039215686159e-01 7.654901960784314952e-01 1.000000000000000000e+00
9.099264705882350590e-01 2.423529411764705488e-01 7.576470588235295622e-01 1.000000000000000000e+00
9.221813725490193292e-01 2.501960784313724817e-01 7.498039215686276293e-01 1.000000000000000000e+00
9.344362745098040435e-01 2.580392156862746367e-01 7.419607843137254743e-01 1.000000000000000000e+00
9.466911764705883137e-01 2.658823529411765696e-01 7.341176470588235414e-01 1.000000000000000000e+00
9.589460784313725839e-01 2.737254901960785025e-01 7.262745098039216085e-01 1.000000000000000000e+00
9.712009803921568540e-01 2.815686274509804354e-01 7.184313725490196756e-01 1.000000000000000000e+00
9.834558823529411242e-01 2.894117647058823684e-01 7.105882352941177427e-01 1.000000000000000000e+00
9.957107843137253944e-01 2.972549019607843013e-01 7.027450980392158097e-01 1.000000000000000000e+00
1.000000000000000000e+00 3.050980392156862342e-01 6.949019607843138768e-01 1.000000000000000000e+00
1.000000000000000000e+00 3.129411764705881671e-01 6.870588235294119439e-01 1.000000000000000000e+00
1.000000000000000000e+00 3.207843137254901000e-01 6.792156862745100110e-01 1.000000000000000000e+00
1.000000000000000000e+00 3.286274509803922550e-01 6.713725490196078560e-01 1.000000000000000000e+00
1.000000000000000000e+00 3.364705882352941879e-01 6.635294117647059231e-01 1.000000000000000000e+00
1.000000000000000000e+00 3.443137254901961208e-01 6.556862745098039902e-01 1.000000000000000000e+00
1.000000000000000000e+00 3.521568627450980538e-01 6.478431372549020573e-01 1.000000000000000000e+00
1.000000000000000000e+00 3.599999999999999867e-01 6.400000000000001243e-01 1.000000000000000000e+00
1.000000000000000000e+00 3.678431372549019196e-01 6.321568627450981914e-01 1.000000000000000000e+00
1.000000000000000000e+00 3.756862745098038525e-01 6.243137254901962585e-01 1.000000000000000000e+00
1.000000000000000000e+00 3.835294117647060075e-01 6.164705882352941035e-01 1.000000000000000000e+00
1.000000000000000000e+00 3.913725490196079404e-01 6.086274509803921706e-01 1.000000000000000000e+00
1.000000000000000000e+00 3.992156862745098733e-01 6.007843137254902377e-01 1.000000000000000000e+00
1.000000000000000000e+00 4.070588235294118062e-01 5.929411764705883048e-01 1.000000000000000000e+00
1.000000000000000000e+00 4.149019607843137392e-01 5.850980392156863719e-01 1.000000000000000000e+00
1.000000000000000000e+00 4.227450980392156721e-01 5.772549019607844389e-01 1.000000000000000000e+00
1.000000000000000000e+00 4.305882352941176050e-01 5.694117647058825060e-01 1.000000000000000000e+00
1.000000000000000000e+00 4.384313725490195379e-01 5.615686274509805731e-01 1.000000000000000000e+00
1.000000000000000000e+00 4.462745098039214708e-01 5.537254901960786402e-01 1.000000000000000000e+00
1.000000000000000000e+00 4.541176470588236258e-01 5.458823529411764852e-01 1.000000000000000000e+00
1.000000000000000000e+00 4.619607843137255587e-01 5.380392156862745523e-01 1.000000000000000000e+00
1.000000000000000000e+00 4.698039215686274916e-01 5.301960784313726194e-01 1.000000000000000000e+00
1.000000000000000000e+00 4.776470588235294246e-01 5.223529411764706865e-01 1.000000000000000000e+00
1.000000000000000000e+00 4.854901960784313575e-01 5.145098039215687535e-01 1.000000000000000000e+00
1.000000000000000000e+00 4.933333333333332904e-01 5.066666666666668206e-01 1.000000000000000000e+00
1.000000000000000000e+00 5.011764705882352233e-01 4.988235294117648877e-01 1.000000000000000000e+00
1.000000000000000000e+00 5.090196078431373783e-01 4.909803921568627327e-01 1.000000000000000000e+00
1.000000000000000000e+00 5.168627450980393112e-01 4.831372549019607998e-01 1.000000000000000000e+00
1.000000000000000000e+00 5.247058823529412441e-01 4.752941176470588669e-01 1.000000000000000000e+00
1.000000000000000000e+00 5.325490196078431770e-01 4.674509803921569340e-01 1.000000000000000000e+00
1.000000000000000000e+00 5.403921568627451100e-01 4.596078431372550011e-01 1.000000000000000000e+00
1.000000000000000000e+00 5.482352941176470429e-01 4.517647058823530681e-01 1.000000000000000000e+00
1.000000000000000000e+00 5.560784313725489758e-01 4.439215686274511352e-01 1.000000000000000000e+00
1.000000000000000000e+00 5.639215686274509087e-01 4.360784313725492023e-01 1.000000000000000000e+00
1.000000000000000000e+00 5.717647058823528416e-01 4.282352941176472694e-01 1.000000000000000000e+00
1.000000000000000000e+00 5.796078431372549966e-01 4.203921568627451144e-01 1.000000000000000000e+00
1.000000000000000000e+00 5.874509803921569295e-01 4.125490196078431815e-01 1.000000000000000000e+00
1.000000000000000000e+00 5.952941176470588625e-01 4.047058823529412486e-01 1.000000000000000000e+00
1.000000000000000000e+00 6.031372549019607954e-01 3.968627450980393156e-01 1.000000000000000000e+00
1.000000000000000000e+00 6.109803921568627283e-01 3.890196078431373827e-01 1.000000000000000000e+00
1.000000000000000000e+00 6.188235294117646612e-01 3.811764705882354498e-01 1.000000000000000000e+00
1.000000000000000000e+00 6.266666666666665941e-01 3.733333333333335169e-01 1.000000000000000000e+00
1.000000000000000000e+00 6.345098039215687491e-01 3.654901960784313619e-01 1.000000000000000000e+00
1.000000000000000000e+00 6.423529411764706820e-01 3.576470588235294290e-01 1.000000000000000000e+00
1.000000000000000000e+00 6.501960784313726149e-01 3.498039215686274961e-01 1.000000000000000000e+00
1.000000000000000000e+00 6.580392156862745479e-01 3.419607843137255632e-01 1.000000000000000000e+00
1.000000000000000000e+00 6.658823529411764808e-01 3.341176470588236302e-01 1.000000000000000000e+00
1.000000000000000000e+00 6.737254901960784137e-01 3.262745098039216973e-01 1.000000000000000000e+00
1.000000000000000000e+00 6.815686274509803466e-01 3.184313725490197644e-01 1.000000000000000000e+00
1.000000000000000000e+00 6.894117647058822795e-01 3.105882352941178315e-01 1.000000000000000000e+00
1.000000000000000000e+00 6.972549019607842125e-01 3.027450980392158986e-01 1.000000000000000000e+00
1.000000000000000000e+00 7.050980392156863674e-01 2.949019607843137436e-01 1.000000000000000000e+00
1.000000000000000000e+00 7.129411764705883003e-01 2.870588235294118107e-01 1.000000000000000000e+00
1.000000000000000000e+00 7.207843137254902333e-01 2.792156862745098778e-01 1.000000000000000000e+00
1.000000000000000000e+00 7.286274509803921662e-01 2.713725490196079448e-01 1.000000000000000000e+00
1.000000000000000000e+00 7.364705882352940991e-01 2.635294117647060119e-01 1.000000000000000000e+00
1.000000000000000000e+00 7.443137254901960320e-01 2.556862745098040790e-01 1.000000000000000000e+00
1.000000000000000000e+00 7.521568627450979649e-01 2.478431372549021461e-01 1.000000000000000000e+00
1.000000000000000000e+00 7.600000000000001199e-01 2.399999999999999911e-01 1.000000000000000000e+00
1.000000000000000000e+00 7.678431372549020528e-01 2.321568627450980582e-01 1.000000000000000000e+00
1.000000000000000000e+00 7.756862745098039857e-01 2.243137254901961253e-01 1.000000000000000000e+00
1.000000000000000000e+00 7.835294117647059187e-01 2.164705882352941924e-01 1.000000000000000000e+00
1.000000000000000000e+00 7.913725490196078516e-01 2.086274509803922594e-01 1.000000000000000000e+00
1.000000000000000000e+00 7.992156862745097845e-01 2.007843137254903265e-01 1.000000000000000000e+00
1.000000000000000000e+00 8.070588235294117174e-01 1.929411764705883936e-01 1.000000000000000000e+00
1.000000000000000000e+00 8.149019607843136503e-01 1.850980392156864607e-01 1.000000000000000000e+00
1.000000000000000000e+00 8.227450980392155833e-01 1.772549019607845278e-01 1.000000000000000000e+00
1.000000000000000000e+00 8.305882352941177382e-01 1.694117647058823728e-01 1.000000000000000000e+00
1.000000000000000000e+00 8.384313725490196711e-01 1.615686274509804399e-01 1.000000000000000000e+00
1.000000000000000000e+00 8.462745098039216041e-01 1.537254901960785070e-01 1.000000000000000000e+00
1.000000000000000000e+00 8.541176470588235370e-01 1.458823529411765740e-01 1.000000000000000000e+00
1.000000000000000000e+00 8.619607843137254699e-01 1.380392156862746411e-01 1.000000000000000000e+00
1.000000000000000000e+00 8.698039215686274028e-01 1.301960784313727082e-01 1.000000000000000000e+00
1.000000000000000000e+00 8.776470588235293357e-01 1.223529411764707753e-01 1.000000000000000000e+00
1.000000000000000000e+00 8.854901960784314907e-01 1.145098039215686203e-01 1.000000000000000000e+00
1.000000000000000000e+00 8.933333333333334236e-01 1.066666666666666874e-01 1.000000000000000000e+00
1.000000000000000000e+00 9.011764705882353566e-01 9.882352941176475447e-02 1.000000000000000000e+00
1.000000000000000000e+00 9.090196078431372895e-01 9.098039215686282155e-02 1.000000000000000000e+00
1.000000000000000000e+00 9.168627450980392224e-01 8.313725490196088863e-02 1.000000000000000000e+00
1.000000000000000000e+00 9.247058823529411553e-01 7.529411764705895571e-02 1.000000000000000000e+00
1.000000000000000000e+00 9.325490196078430882e-01 6.745098039215702279e-02 1.000000000000000000e+00
1.000000000000000000e+00 9.403921568627450212e-01 5.960784313725508987e-02 1.000000000000000000e+00
1.000000000000000000e+00 9.482352941176469541e-01 5.176470588235315695e-02 1.000000000000000000e+00
1.000000000000000000e+00 9.560784313725491090e-01 4.392156862745100199e-02 1.000000000000000000e+00
1.000000000000000000e+00 9.639215686274510420e-01 3.607843137254906907e-02 1.000000000000000000e+00
1.000000000000000000e+00 9.717647058823529749e-01 2.823529411764713615e-02 1.000000000000000000e+00
1.000000000000000000e+00 9.796078431372549078e-01 2.039215686274520323e-02 1.000000000000000000e+00
1.000000000000000000e+00 9.874509803921568407e-01 1.254901960784327031e-02 1.000000000000000000e+00
1.000000000000000000e+00 9.952941176470587736e-01 4.705882352941337388e-03 1.000000000000000000e+00
1.000000000000000000e+00 1.000000000000000000e+00 1.960784313725483230e-02 1.000000000000000000e+00
1.000000000000000000e+00 1.000000000000000000e+00 6.862745098039191305e-02 1.000000000000000000e+00
1.000000000000000000e+00 1.000000000000000000e+00 1.176470588235289938e-01 1.000000000000000000e+00
1.000000000000000000e+00 1.000000000000000000e+00 1.666666666666660745e-01 1.000000000000000000e+00
1.000000000000000000e+00 1.000000000000000000e+00 2.156862745098031553e-01 1.000000000000000000e+00
1.000000000000000000e+00 1.000000000000000000e+00 2.647058823529402360e-01 1.000000000000000000e+00
1.000000000000000000e+00 1.000000000000000000e+00 3.137254901960773168e-01 1.000000000000000000e+00
1.000000000000000000e+00 1.000000000000000000e+00 3.627450980392143975e-01 1.000000000000000000e+00
1.000000000000000000e+00 1.000000000000000000e+00 4.117647058823514783e-01 1.000000000000000000e+00
1.000000000000000000e+00 1.000000000000000000e+00 4.607843137254885590e-01 1.000000000000000000e+00
1.000000000000000000e+00 1.000000000000000000e+00 5.098039215686274161e-01 1.000000000000000000e+00
1.000000000000000000e+00 1.000000000000000000e+00 5.588235294117644969e-01 1.000000000000000000e+00
1.000000000000000000e+00 1.000000000000000000e+00 6.078431372549015776e-01 1.000000000000000000e+00
1.000000000000000000e+00 1.000000000000000000e+00 6.568627450980386584e-01 1.000000000000000000e+00
1.000000000000000000e+00 1.000000000000000000e+00 7.058823529411757391e-01 1.000000000000000000e+00
1.000000000000000000e+00 1.000000000000000000e+00 7.549019607843128199e-01 1.000000000000000000e+00
1.000000000000000000e+00 1.000000000000000000e+00 8.039215686274499006e-01 1.000000000000000000e+00
1.000000000000000000e+00 1.000000000000000000e+00 8.529411764705887578e-01 1.000000000000000000e+00
1.000000000000000000e+00 1.000000000000000000e+00 9.019607843137258385e-01 1.000000000000000000e+00
1.000000000000000000e+00 1.000000000000000000e+00 9.509803921568629193e-01 1.000000000000000000e+00
1.000000000000000000e+00 1.000000000000000000e+00 1.000000000000000000e+00 1.000000000000000000e+00
