0.000000000000000000e+00 2.666666666666666630e-01 1.058823529411764691e-01 1.000000000000000000e+00
0.000000000000000000e+00 2.717108804306035963e-01 1.079738562091503290e-01 1.000000000000000000e+00
0.000000000000000000e+00 2.767550941945405296e-01 1.100653594771241750e-01 1.000000000000000000e+00
0.000000000000000000e+00 2.817993079584775185e-01 1.121568627450980349e-01 1.000000000000000000e+00
0.000000000000000000e+00 2.868435217224144518e-01 1.142483660130718948e-01 1.000000000000000000e+00
0.000000000000000000e+00 2.918877354863513851e-01 1.163398692810457546e-01 1.000000000000000000e+00
0.000000000000000000e+00 2.969319492502883184e-01 1.184313725490196006e-01 1.000000000000000000e+00
0.000000000000000000e+00 3.019761630142253073e-01 1.205228758169934605e-01 1.000000000000000000e+00
0.000000000000000000e+00 3.070203767781622406e-01 1.226143790849673204e-01 1.000000000000000000e+00
0.000000000000000000e+00 3.120645905420991739e-01 1.247058823529411664e-01 1.000000000000000000e+00
0.000000000000000000e+00 3.171088043060361072e-01 1.267973856209150263e-01 1.000000000000000000e+00
0.000000000000000000e+00 3.221530180699730961e-01 1.288888888888888862e-01 1.000000000000000000e+00
0.000000000000000000e+00 3.271972318339100294e-01 1.309803921568627461e-01 1.000000000000000000e+00
0.000000000000000000e+00 3.322414455978469627e-01 1.330718954248366059e-01 1.000000000000000000e+00
0.000000000000000000e+00 3.372856593617838961e-01 1.351633986928104658e-01 1.000000000000000000e+00
0.000000000000000000e+00 3.423298731257208849e-01 1.372549019607843257e-01 1.000000000000000000e+00
0.000000000000000000e+00 3.473740868896578182e-01 1.393464052287581578e-01 1.000000000000000000e+00
0.000000000000000000e+00 3.524183006535947515e-01 1.414379084967320177e-01 1.000000000000000000e+00
0.000000000000000000e+00 3.574625144175316849e-01 1.435294117647058776e-01 1.000000000000000000e+00
0.000000000000000000e+00 3.625067281814686737e-01 1.456209150326797375e-01 1.000000000000000000e+00
0.000000000000000000e+00 3.675509419454056070e-01 1.477124183006535973e-01 1.000000000000000000e+00
0.000000000000000000e+00 3.725951557093425404e-01 1.498039215686274572e-01 1.000000000000000000e+00
0.000000000000000000e+00 3.776393694732794737e-01 1.518954248366012894e-01 1.000000000000000000e+00
0.000000000000000000e+00 3.826835832372164070e-01 1.539869281045751492e-01 1.000000000000000000e+00
0.000000000000000000e+00 3.877277970011533959e-01 1.560784313725490091e-01 1.000000000000000000e+00
0.000000000000000000e+00 3.927720107650903292e-01 1.581699346405228690e-01 1.000000000000000000e+00
0.000000000000000000e+00 3.978162245290273180e-01 1.602614379084967289e-01 1.000000000000000000e+00
0.000000000000000000e+00 4.028604382929642513e-01 1.623529411764705888e-01 1.000000000000000000e+00
0.000000000000000000e+00 4.079046520569011847e-01 1.644444444444444486e-01 1.000000000000000000e+00
0.000000000000000000e+00 4.129488658208381180e-01 1.665359477124183085e-01 1.000000000000000000e+00
0.000000000000000000e+00 4.179930795847750513e-01 1.686274509803921684e-01 1.000000000000000000e+00
0.000000000000000000e+00 4.230372933487119846e-01 1.707189542483660283e-01 1.000000000000000000e+00
5.382545174932718132e-04 4.279123414071510645e-01 1.729334871203383195e-01 1.000000000000000000e+00
4.844290657439416503e-03 4.316032295271048924e-01 1.760092272202998520e-01 1.000000000000000000e+00
9.150326797385621366e-03 4.352941176470587759e-01 1.790849673202614400e-01 1.000000000000000000e+00
1.345636293733179674e-02 4.389850057670126593e-01 1.821607074202230003e-01 1.000000000000000000e+00
1.776239907727797385e-02 4.426758938869665427e-01 1.852364475201845329e-01 1.000000000000000000e+00
2.206843521722411799e-02 4.463667820069203707e-01 1.883121876201460654e-01 1.000000000000000000e+00
2.637447135717032459e-02 4.500576701268742541e-01 1.913879277201076534e-01 1.000000000000000000e+00
3.068050749711649650e-02 4.537485582468281375e-01 1.944636678200691859e-01 1.000000000000000000e+00
3.498654363706266840e-02 4.574394463667819655e-01 1.975394079200307462e-01 1.000000000000000000e+00
3.929257977700881255e-02 4.611303344867357934e-01 2.006151480199922787e-01 1.000000000000000000e+00
4.359861591695501915e-02 4.648212226066896768e-01 2.036908881199538668e-01 1.000000000000000000e+00
4.790465205690119105e-02 4.685121107266435603e-01 2.067666282199153993e-01 1.000000000000000000e+00
5.221068819684736989e-02 4.722029988465974437e-01 2.098423683198769596e-01 1.000000000000000000e+00
5.651672433679351404e-02 4.758938869665512716e-01 2.129181084198384921e-01 1.000000000000000000e+00
6.082276047673972064e-02 4.795847750865051551e-01 2.159938485198000802e-01 1.000000000000000000e+00
6.512879661668589948e-02 4.832756632064590385e-01 2.190695886197616127e-01 1.000000000000000000e+00
6.943483275663206444e-02 4.869665513264128665e-01 2.221453287197231730e-01 1.000000000000000000e+00
7.374086889657821553e-02 4.906574394463667499e-01 2.252210688196847055e-01 1.000000000000000000e+00
7.804690503652442213e-02 4.943483275663206333e-01 2.282968089196462658e-01 1.000000000000000000e+00
8.235294117647058709e-02 4.980392156862744613e-01 2.313725490196078260e-01 1.000000000000000000e+00
8.665897731641676593e-02 5.017301038062282892e-01 2.344482891195693863e-01 1.000000000000000000e+00
9.096501345636291702e-02 5.054209919261821726e-01 2.375240292195309189e-01 1.000000000000000000e+00
9.527104959630912362e-02 5.091118800461360561e-01 2.405997693194925069e-01 1.000000000000000000e+00
9.957708573625528858e-02 5.128027681660899395e-01 2.436755094194540394e-01 1.000000000000000000e+00
1.038831218762014674e-01 5.164936562860438229e-01 2.467512495194155997e-01 1.000000000000000000e+00
1.081891580161476046e-01 5.201845444059975954e-01 2.498269896193771045e-01 1.000000000000000000e+00
1.124951941560938112e-01 5.238754325259514788e-01 2.529027297193386925e-01 1.000000000000000000e+00
1.168012302960399901e-01 5.275663206459053622e-01 2.559784698193002805e-01 1.000000000000000000e+00
1.211072664359861689e-01 5.312572087658592457e-01 2.590542099192618131e-01 1.000000000000000000e+00
1.254133025759323061e-01 5.349480968858131291e-01 2.621299500192233456e-01 1.000000000000000000e+00
1.297193387158785127e-01 5.386389850057669015e-01 2.652056901191849336e-01 1.000000000000000000e+00
1.340253748558246916e-01 5.423298731257207850e-01 2.682814302191464662e-01 1.000000000000000000e+00
1.381776239907727966e-01 5.460822760476738980e-01 2.713264129181083839e-01 1.000000000000000000e+00
1.418685121107266522e-01 5.500192233756246996e-01 2.742791234140715129e-01 1.000000000000000000e+00
1.455594002306804524e-01 5.539561707035753901e-01 2.772318339100345308e-01 1.000000000000000000e+00
1.492502883506343914e-01 5.578931180315263028e-01 2.801845444059976598e-01 1.000000000000000000e+00
1.529411764705882470e-01 5.618300653594771044e-01 2.831372549019607887e-01 1.000000000000000000e+00
1.566320645905421027e-01 5.657670126874279060e-01 2.860899653979238622e-01 1.000000000000000000e+00
1.603229527104959584e-01 5.697039600153785965e-01 2.890426758938869356e-01 1.000000000000000000e+00
1.640138408304498419e-01 5.736409073433293981e-01 2.919953863898500646e-01 1.000000000000000000e+00
1.677047289504036975e-01 5.775778546712801997e-01 2.949480968858131380e-01 1.000000000000000000e+00
1.713956170703575532e-01 5.815148019992310013e-01 2.979008073817762114e-01 1.000000000000000000e+00
1.750865051903113812e-01 5.854517493271818029e-01 3.008535178777392849e-01 1.000000000000000000e+00
1.787773933102652923e-01 5.893886966551326045e-01 3.038062283737024138e-01 1.000000000000000000e+00
1.824682814302191480e-01 5.933256439830834061e-01 3.067589388696654873e-01 1.000000000000000000e+00
1.861591695501730037e-01 5.972625913110342077e-01 3.097116493656285607e-01 1.000000000000000000e+00
1.898500576701268594e-01 6.011995386389850093e-01 3.126643598615916897e-01 1.000000000000000000e+00
1.935409457900807428e-01 6.051364859669356999e-01 3.156170703575547631e-01 1.000000000000000000e+00
1.972318339100345985e-01 6.090734332948865015e-01 3.185697808535178366e-01 1.000000000000000000e+00
2.009227220299884542e-01 6.130103806228373031e-01 3.215224913494809655e-01 1.000000000000000000e+00
2.046136101499422821e-01 6.169473279507879937e-01 3.244752018454439835e-01 1.000000000000000000e+00
2.083044982698961656e-01 6.208842752787389063e-01 3.274279123414071124e-01 1.000000000000000000e+00
2.119953863898500490e-01 6.248212226066897079e-01 3.303806228373702414e-01 1.000000000000000000e+00
2.156862745098039047e-01 6.287581699346405095e-01 3.333333333333333148e-01 1.000000000000000000e+00
2.193771626297577604e-01 6.326951172625912001e-01 3.362860438292963883e-01 1.000000000000000000e+00
2.230680507497116438e-01 6.366320645905420017e-01 3.392387543252595172e-01 1.000000000000000000e+00
2.267589388696654995e-01 6.405690119184928033e-01 3.421914648212225907e-01 1.000000000000000000e+00
2.304498269896193552e-01 6.445059592464436049e-01 3.451441753171856641e-01 1.000000000000000000e+00
2.341407151095731831e-01 6.484429065743944065e-01 3.480968858131487376e-01 1.000000000000000000e+00
2.378316032295270666e-01 6.523798539023452081e-01 3.510495963091118665e-01 1.000000000000000000e+00
2.415224913494809500e-01 6.563168012302960097e-01 3.540023068050749400e-01 1.000000000000000000e+00
2.452133794694348334e-01 6.602537485582468113e-01 3.569550173010380689e-01 1.000000000000000000e+00
2.489042675893886614e-01 6.641906958861976129e-01 3.599077277970011424e-01 1.000000000000000000e+00
2.525951557093425448e-01 6.681276432141483035e-01 3.628604382929642158e-01 1.000000000000000000e+00
2.572549019607843213e-01 6.717416378316032333e-01 3.658592848904267392e-01 1.000000000000000000e+00
2.635294117647058454e-01 6.748173779315647103e-01 3.689350249903882717e-01 1.000000000000000000e+00
2.698039215686273695e-01 6.778931180315262983e-01 3.720107650903498042e-01 1.000000000000000000e+00
2.760784313725490047e-01 6.809688581314878864e-01 3.750865051903113923e-01 1.000000000000000000e+00
2.823529411764705843e-01 6.840445982314493634e-01 3.781622452902729803e-01 1.000000000000000000e+00
2.886274509803921640e-01 6.871203383314109514e-01 3.812379853902345128e-01 1.000000000000000000e+00
2.949019607843137436e-01 6.901960784313725394e-01 3.843137254901960453e-01 1.000000000000000000e+00
3.011764705882352677e-01 6.932718185313341275e-01 3.873894655901576334e-01 1.000000000000000000e+00
3.074509803921568474e-01 6.963475586312956045e-01 3.904652056901191659e-01 1.000000000000000000e+00
3.137254901960784270e-01 6.994232987312571925e-01 3.935409457900807539e-01 1.000000000000000000e+00
3.199999999999998956e-01 7.024990388312186695e-01 3.966166858900422310e-01 1.000000000000000000e+00
3.262745098039215863e-01 7.055747789311802576e-01 3.996924259900038190e-01 1.000000000000000000e+00
3.325490196078431104e-01 7.086505190311418456e-01 4.027681660899654070e-01 1.000000000000000000e+00
3.388235294117646901e-01 7.117262591311034337e-01 4.058439061899269396e-01 1.000000000000000000e+00
3.450980392156862697e-01 7.148019992310650217e-01 4.089196462898885276e-01 1.000000000000000000e+00
3.513725490196078494e-01 7.178777393310264987e-01 4.119953863898500601e-01 1.000000000000000000e+00
3.576470588235293735e-01 7.209534794309880867e-01 4.150711264898115926e-01 1.000000000000000000e+00
3.639215686274509531e-01 7.240292195309496748e-01 4.181468665897731807e-01 1.000000000000000000e+00
3.701960784313724218e-01 7.271049596309111518e-01 4.212226066897346577e-01 1.000000000000000000e+00
3.764705882352941124e-01 7.301806997308727398e-01 4.242983467896962457e-01 1.000000000000000000e+00
3.827450980392156366e-01 7.332564398308343279e-01 4.273740868896578338e-01 1.000000000000000000e+00
3.890196078431372717e-01 7.363321799307958049e-01 4.304498269896193663e-01 1.000000000000000000e+00
3.952941176470587958e-01 7.394079200307573929e-01 4.335255670895809543e-01 1.000000000000000000e+00
4.015686274509803755e-01 7.424836601307189810e-01 4.366013071895424869e-01 1.000000000000000000e+00
4.078431372549019551e-01 7.455594002306805690e-01 4.396770472895040749e-01 1.000000000000000000e+00
4.141176470588234793e-01 7.486351403306420460e-01 4.427527873894656074e-01 1.000000000000000000e+00
4.203921568627450034e-01 7.517108804306036340e-01 4.458285274894271399e-01 1.000000000000000000e+00
4.266666666666666385e-01 7.547866205305652221e-01 4.489042675893887280e-01 1.000000000000000000e+00
4.329411764705882182e-01 7.578623606305268101e-01 4.519800076893502605e-01 1.000000000000000000e+00
4.392156862745097978e-01 7.609381007304882871e-01 4.550557477893117930e-01 1.000000000000000000e+00
4.454901960784313220e-01 7.640138408304498752e-01 4.581314878892733811e-01 1.000000000000000000e+00
4.576701268742791040e-01 7.699192618223760221e-01 4.650211457131872561e-01 1.000000000000000000e+00
4.632064590542099292e-01 7.725028835063437738e-01 4.695732410611303531e-01 1.000000000000000000e+00
4.687427912341406988e-01 7.750865051903114145e-01 4.741253364090734501e-01 1.000000000000000000e+00
4.742791234140715240e-01 7.776701268742791662e-01 4.786774317570165471e-01 1.000000000000000000e+00
4.798154555940021271e-01 7.802537485582468069e-01 4.832295271049595331e-01 1.000000000000000000e+00
4.853517877739331188e-01 7.828373702422145586e-01 4.877816224529027411e-01 1.000000000000000000e+00
4.908881199538638884e-01 7.854209919261823103e-01 4.923337178008458381e-01 1.000000000000000000e+00
4.964244521337947136e-01 7.880046136101499510e-01 4.968858131487889351e-01 1.000000000000000000e+00
5.019607843137254832e-01 7.905882352941177027e-01 5.014379084967319766e-01 1.000000000000000000e+00
5.074971164936562529e-01 7.931718569780853434e-01 5.059900038446750736e-01 1.000000000000000000e+00
5.130334486735870225e-01 7.957554786620530951e-01 5.105420991926181706e-01 1.000000000000000000e+00
5.185697808535179032e-01 7.983391003460207358e-01 5.150941945405612676e-01 1.000000000000000000e+00
5.241061130334486728e-01 8.009227220299884875e-01 5.196462898885043646e-01 1.000000000000000000e+00
5.296424452133794425e-01 8.035063437139562392e-01 5.241983852364474616e-01 1.000000000000000000e+00
5.351787773933102121e-01 8.060899653979238799e-01 5.287504805843905586e-01 1.000000000000000000e+00
5.407151095732410928e-01 8.086735870818916316e-01 5.333025759323336557e-01 1.000000000000000000e+00
5.462514417531718625e-01 8.112572087658592723e-01 5.378546712802767527e-01 1.000000000000000000e+00
5.517877739331026321e-01 8.138408304498270240e-01 5.424067666282199607e-01 1.000000000000000000e+00
5.573241061130334018e-01 8.164244521337946647e-01 5.469588619761629467e-01 1.000000000000000000e+00
5.628604382929642824e-01 8.190080738177624164e-01 5.515109573241061547e-01 1.000000000000000000e+00
5.683967704728948300e-01 8.215916955017300571e-01 5.560630526720490296e-01 1.000000000000000000e+00
5.739331026528258217e-01 8.241753171856978089e-01 5.606151480199923487e-01 1.000000000000000000e+00
5.794694348327565914e-01 8.267589388696655606e-01 5.651672433679353347e-01 1.000000000000000000e+00
5.850057670126873610e-01 8.293425605536332013e-01 5.697193387158785427e-01 1.000000000000000000e+00
5.905420991926182417e-01 8.319261822376009530e-01 5.742714340638215287e-01 1.000000000000000000e+00
5.960784313725490113e-01 8.345098039215685937e-01 5.788235294117647367e-01 1.000000000000000000e+00
6.016147635524797810e-01 8.370934256055363454e-01 5.833756247597077227e-01 1.000000000000000000e+00
6.071510957324106617e-01 8.396770472895039861e-01 5.879277201076509307e-01 1.000000000000000000e+00
6.126874279123414313e-01 8.422606689734717378e-01 5.924798154555939167e-01 1.000000000000000000e+00
6.182237600922722009e-01 8.448442906574393785e-01 5.970319108035371247e-01 1.000000000000000000e+00
6.237600922722029706e-01 8.474279123414071302e-01 6.015840061514801107e-01 1.000000000000000000e+00
6.292964244521337402e-01 8.500115340253748819e-01 6.061361014994233187e-01 1.000000000000000000e+00
6.342945021145712792e-01 8.522106881968473102e-01 6.106881968473663047e-01 1.000000000000000000e+00
6.389696270665128353e-01 8.541791618608227665e-01 6.152402921953094017e-01 1.000000000000000000e+00
6.436447520184543913e-01 8.561476355247981118e-01 6.197923875432524987e-01 1.000000000000000000e+00
6.483198769703959474e-01 8.581161091887735681e-01 6.243444828911955957e-01 1.000000000000000000e+00
6.529950019223373925e-01 8.600845828527489134e-01 6.288965782391385817e-01 1.000000000000000000e+00
6.576701268742790596e-01 8.620530565167242587e-01 6.334486735870819007e-01 1.000000000000000000e+00
6.623452518262206157e-01 8.640215301806997150e-01 6.380007689350249978e-01 1.000000000000000000e+00
6.670203767781621718e-01 8.659900038446750603e-01 6.425528642829680948e-01 1.000000000000000000e+00
6.716955017301038389e-01 8.679584775086505166e-01 6.471049596309111918e-01 1.000000000000000000e+00
6.763706266820453950e-01 8.699269511726258619e-01 6.516570549788542888e-01 1.000000000000000000e+00
6.810457516339869510e-01 8.718954248366013182e-01 6.562091503267973858e-01 1.000000000000000000e+00
6.857208765859285071e-01 8.738638985005766635e-01 6.607612456747404828e-01 1.000000000000000000e+00
6.903960015378700632e-01 8.758323721645521198e-01 6.653133410226835798e-01 1.000000000000000000e+00
6.950711264898116193e-01 8.778008458285274651e-01 6.698654363706266768e-01 1.000000000000000000e+00
6.997462514417531754e-01 8.797693194925028104e-01 6.744175317185697738e-01 1.000000000000000000e+00
7.044213763936947315e-01 8.817377931564782667e-01 6.789696270665128708e-01 1.000000000000000000e+00
7.090965013456362875e-01 8.837062668204536120e-01 6.835217224144559678e-01 1.000000000000000000e+00
7.137716262975778436e-01 8.856747404844290683e-01 6.880738177623990648e-01 1.000000000000000000e+00
7.184467512495193997e-01 8.876432141484044136e-01 6.926259131103421618e-01 1.000000000000000000e+00
7.231218762014609558e-01 8.896116878123798699e-01 6.971780084582852588e-01 1.000000000000000000e+00
7.277970011534024009e-01 8.915801614763552152e-01 7.017301038062282448e-01 1.000000000000000000e+00
7.324721261053440680e-01 8.935486351403305605e-01 7.062821991541714528e-01 1.000000000000000000e+00
7.371472510572856240e-01 8.955171088043060168e-01 7.108342945021145498e-01 1.000000000000000000e+00
7.418223760092271801e-01 8.974855824682813621e-01 7.153863898500576468e-01 1.000000000000000000e+00
7.464975009611687362e-01 8.994540561322568184e-01 7.199384851980007438e-01 1.000000000000000000e+00
7.511726259131104033e-01 9.014225297962321637e-01 7.244905805459438408e-01 1.000000000000000000e+00
7.558477508650518484e-01 9.033910034602076200e-01 7.290426758938869378e-01 1.000000000000000000e+00
7.605228758169935155e-01 9.053594771241829653e-01 7.335947712418300348e-01 1.000000000000000000e+00
7.651980007689349605e-01 9.073279507881584216e-01 7.381468665897731318e-01 1.000000000000000000e+00
7.698731257208766277e-01 9.092964244521337669e-01 7.426989619377162288e-01 1.000000000000000000e+00
7.745482506728181837e-01 9.112648981161091122e-01 7.472510572856593258e-01 1.000000000000000000e+00
7.792233756247597398e-01 9.132333717800845685e-01 7.518031526336024228e-01 1.000000000000000000e+00
7.831603229527105414e-01 9.148327566320645365e-01 7.558938869665513538e-01 1.000000000000000000e+00
7.868512110726643138e-01 9.163091118800461565e-01 7.598308342945021554e-01 1.000000000000000000e+00
7.905420991926181973e-01 9.177854671280276655e-01 7.637677816224528460e-01 1.000000000000000000e+00
7.942329873125720807e-01 9.192618223760091745e-01 7.677047289504036476e-01 1.000000000000000000e+00
7.979238754325258531e-01 9.207381776239906834e-01 7.716416762783543382e-01 1.000000000000000000e+00
8.016147635524798476e-01 9.222145328719723034e-01 7.755786236063052508e-01 1.000000000000000000e+00
8.053056516724337310e-01 9.236908881199538124e-01 7.795155709342560524e-01 1.000000000000000000e+00
8.089965397923875035e-01 9.251672433679354324e-01 7.834525182622068540e-01 1.000000000000000000e+00
8.126874279123413869e-01 9.266435986159169413e-01 7.873894655901576556e-01 1.000000000000000000e+00
8.163783160322952703e-01 9.281199538638984503e-01 7.913264129181084572e-01 1.000000000000000000e+00
8.200692041522491538e-01 9.295963091118800703e-01 7.952633602460592588e-01 1.000000000000000000e+00
8.237600922722030372e-01 9.310726643598615793e-01 7.992003075740099494e-01 1.000000000000000000e+00
8.274509803921569207e-01 9.325490196078430882e-01 8.031372549019607510e-01 1.000000000000000000e+00
8.311418685121106931e-01 9.340253748558247082e-01 8.070742022299115526e-01 1.000000000000000000e+00
8.348327566320645765e-01 9.355017301038062172e-01 8.110111495578623542e-01 1.000000000000000000e+00
8.385236447520184599e-01 9.369780853517877262e-01 8.149480968858131558e-01 1.000000000000000000e+00
8.422145328719723434e-01 9.384544405997693461e-01 8.188850442137639574e-01 1.000000000000000000e+00
8.459054209919262268e-01 9.399307958477508551e-01 8.228219915417147590e-01 1.000000000000000000e+00
8.495963091118801103e-01 9.414071510957323641e-01 8.267589388696654495e-01 1.000000000000000000e+00
8.532871972318338827e-01 9.428835063437139841e-01 8.306958861976162511e-01 1.000000000000000000e+00
8.569780853517876551e-01 9.443598615916954930e-01 8.346328335255669417e-01 1.000000000000000000e+00
8.606689734717416496e-01 9.458362168396770020e-01 8.385697808535178543e-01 1.000000000000000000e+00
8.643598615916955330e-01 9.473125720876586220e-01 8.425067281814686559e-01 1.000000000000000000e+00
8.680507497116494164e-01 9.487889273356401310e-01 8.464436755094194575e-01 1.000000000000000000e+00
8.717416378316032999e-01 9.502652825836217509e-01 8.503806228373702591e-01 1.000000000000000000e+00
8.754325259515570723e-01 9.517416378316032599e-01 8.543175701653210607e-01 1.000000000000000000e+00
8.791234140715109557e-01 9.532179930795847689e-01 8.582545174932718623e-01 1.000000000000000000e+00
8.828143021914648392e-01 9.546943483275663889e-01 8.621914648212225529e-01 1.000000000000000000e+00
8.865051903114187226e-01 9.561707035755478978e-01 8.661284121491733545e-01 1.000000000000000000e+00
8.901960784313726061e-01 9.576470588235294068e-01 8.700653594771241561e-01 1.000000000000000000e+00
8.938869665513264895e-01 9.591234140715110268e-01 8.740023068050749577e-01 1.000000000000000000e+00
8.975778546712802619e-01 9.605997693194925358e-01 8.779392541330257593e-01 1.000000000000000000e+00
8.999769319492503250e-01 9.615378700499808140e-01 8.806920415224913645e-01 1.000000000000000000e+00
9.021914648212225885e-01 9.623990772779700276e-01 8.832756632064590052e-01 1.000000000000000000e+00
9.044059976931949629e-01 9.632602845059592411e-01 8.858592848904267569e-01 1.000000000000000000e+00
9.066205305651672264e-01 9.641214917339485657e-01 8.884429065743945086e-01 1.000000000000000000e+00
9.088350634371394898e-01 9.649826989619376683e-01 8.910265282583620383e-01 1.000000000000000000e+00
9.110495963091118643e-01 9.658439061899269928e-01 8.936101499423299011e-01 1.000000000000000000e+00
9.132641291810842388e-01 9.667051134179162064e-01 8.961937716262975417e-01 1.000000000000000000e+00
9.154786620530565022e-01 9.675663206459054200e-01 8.987773933102652935e-01 1.000000000000000000e+00
9.176931949250288767e-01 9.684275278738946335e-01 9.013610149942329341e-01 1.000000000000000000e+00
9.199077277970011401e-01 9.692887351018839581e-01 9.039446366782006859e-01 1.000000000000000000e+00
9.221222606689735146e-01 9.701499423298731717e-01 9.065282583621684376e-01 1.000000000000000000e+00
9.243367935409457781e-01 9.710111495578623853e-01 9.091118800461360783e-01 1.000000000000000000e+00
9.265513264129181525e-01 9.718723567858515988e-01 9.116955017301038300e-01 1.000000000000000000e+00
9.287658592848904160e-01 9.727335640138408124e-01 9.142791234140714707e-01 1.000000000000000000e+00
9.309803921568627905e-01 9.735947712418301370e-01 9.168627450980392224e-01 1.000000000000000000e+00
9.331949250288350539e-01 9.744559784698193505e-01 9.194463667820069741e-01 1.000000000000000000e+00
9.354094579008074284e-01 9.753171856978085641e-01 9.220299884659746148e-01 1.000000000000000000e+00
9.376239907727796918e-01 9.761783929257977777e-01 9.246136101499423665e-01 1.000000000000000000e+00
9.398385236447520663e-01 9.770396001537869912e-01 9.271972318339100072e-01 1.000000000000000000e+00
9.420530565167243298e-01 9.779008073817763158e-01 9.297808535178777589e-01 1.000000000000000000e+00
9.442675893886965932e-01 9.787620146097655294e-01 9.323644752018453996e-01 1.000000000000000000e+00
9.464821222606689677e-01 9.796232218377547429e-01 9.349480968858131513e-01 1.000000000000000000e+00
9.486966551326413422e-01 9.804844290657439565e-01 9.375317185697809030e-01 1.000000000000000000e+00
9.509111880046136056e-01 9.813456362937331701e-01 9.401153402537485437e-01 1.000000000000000000e+00
9.531257208765859801e-01 9.822068435217224946e-01 9.426989619377162954e-01 1.000000000000000000e+00
9.553402537485582435e-01 9.830680507497117082e-01 9.452825836216840472e-01 1.000000000000000000e+00
9.575547866205306180e-01 9.839292579777009218e-01 9.478662053056516879e-01 1.000000000000000000e+00
9.597693194925028815e-01 9.847904652056901353e-01 9.504498269896194396e-01 1.000000000000000000e+00
9.619838523644752559e-01 9.856516724336793489e-01 9.530334486735870803e-01 1.000000000000000000e+00
9.641983852364475194e-01 9.865128796616686735e-01 9.556170703575548320e-01 1.000000000000000000e+00
9.664129181084197828e-01 9.873740868896578871e-01 9.582006920415224727e-01 1.000000000000000000e+00
9.686274509803921573e-01 9.882352941176471006e-01 9.607843137254902244e-01 1.000000000000000000e+00
