0.000000000000000000e+00 0.000000000000000000e+00 0.000000000000000000e+00 1.000000000000000000e+00
4.552095347943098738e-03 4.552095347943098738e-03 4.552095347943098738e-03 1.000000000000000000e+00
9.104190695886197476e-03 9.104190695886197476e-03 9.104190695886197476e-03 1.000000000000000000e+00
1.365628604382929795e-02 1.365628604382929795e-02 1.365628604382929795e-02 1.000000000000000000e+00
1.820838139177239495e-02 1.820838139177239495e-02 1.820838139177239495e-02 1.000000000000000000e+00
2.276047673971549543e-02 2.276047673971549543e-02 2.276047673971549543e-02 1.000000000000000000e+00
2.731257208765859590e-02 2.731257208765859590e-02 2.731257208765859590e-02 1.000000000000000000e+00
3.186466743560169290e-02 3.186466743560169290e-02 3.186466743560169290e-02 1.000000000000000000e+00
3.641676278354478991e-02 3.641676278354478991e-02 3.641676278354478991e-02 1.000000000000000000e+00
4.096885813148789385e-02 4.096885813148789385e-02 4.096885813148789385e-02 1.000000000000000000e+00
4.552095347943099085e-02 4.552095347943099085e-02 4.552095347943099085e-02 1.000000000000000000e+00
5.007304882737408785e-02 5.007304882737408785e-02 5.007304882737408785e-02 1.000000000000000000e+00
5.462514417531719180e-02 5.462514417531719180e-02 5.462514417531719180e-02 1.000000000000000000e+00
5.917723952326028880e-02 5.917723952326028880e-02 5.917723952326028880e-02 1.000000000000000000e+00
6.372933487120338580e-02 6.372933487120338580e-02 6.372933487120338580e-02 1.000000000000000000e+00
6.828143021914648281e-02 6.828143021914648281e-02 6.828143021914648281e-02 1.000000000000000000e+00
7.283352556708957981e-02 7.283352556708957981e-02 7.283352556708957981e-02 1.000000000000000000e+00
7.738562091503269069e-02 7.738562091503269069e-02 7.738562091503269069e-02 1.000000000000000000e+00
8.193771626297578770e-02 8.193771626297578770e-02 8.193771626297578770e-02 1.000000000000000000e+00
8.648981161091888470e-02 8.648981161091888470e-02 8.648981161091888470e-02 1.000000000000000000e+00
9.104190695886198170e-02 9.104190695886198170e-02 9.104190695886198170e-02 1.000000000000000000e+00
9.559400230680507871e-02 9.559400230680507871e-02 9.559400230680507871e-02 1.000000000000000000e+00
1.001460976547481757e-01 1.001460976547481757e-01 1.001460976547481757e-01 1.000000000000000000e+00
1.046981930026912866e-01 1.046981930026912866e-01 1.046981930026912866e-01 1.000000000000000000e+00
1.092502883506343836e-01 1.092502883506343836e-01 1.092502883506343836e-01 1.000000000000000000e+00
1.138023836985774806e-01 1.138023836985774806e-01 1.138023836985774806e-01 1.000000000000000000e+00
1.183544790465205776e-01 1.183544790465205776e-01 1.183544790465205776e-01 1.000000000000000000e+00
1.229065743944636746e-01 1.229065743944636746e-01 1.229065743944636746e-01 1.000000000000000000e+00
1.274586697424067716e-01 1.274586697424067716e-01 1.274586697424067716e-01 1.000000000000000000e+00
1.320107650903498686e-01 1.320107650903498686e-01 1.320107650903498686e-01 1.000000000000000000e+00
1.365628604382929656e-01 1.365628604382929656e-01 1.365628604382929656e-01 1.000000000000000000e+00
1.411149557862360626e-01 1.411149557862360626e-01 1.411149557862360626e-01 1.000000000000000000e+00
1.457900807381776465e-01 1.457900807381776465e-01 1.457900807381776465e-01 1.000000000000000000e+00
1.513264129181083884e-01 1.513264129181083884e-01 1.513264129181083884e-01 1.000000000000000000e+00
1.568627450980392135e-01 1.568627450980392135e-01 1.568627450980392135e-01 1.000000000000000000e+00
1.623990772779700387e-01 1.623990772779700387e-01 1.623990772779700387e-01 1.000000000000000000e+00
1.679354094579008083e-01 1.679354094579008083e-01 1.679354094579008083e-01 1.000000000000000000e+00
1.734717416378315780e-01 1.734717416378315780e-01 1.734717416378315780e-01 1.000000000000000000e+00
1.790080738177624031e-01 1.790080738177624031e-01 1.790080738177624031e-01 1.000000000000000000e+00
1.845444059976932283e-01 1.845444059976932283e-01 1.845444059976932283e-01 1.000000000000000000e+00
1.900807381776239979e-01 1.900807381776239979e-01 1.900807381776239979e-01 1.000000000000000000e+00
1.956170703575547676e-01 1.956170703575547676e-01 1.956170703575547676e-01 1.000000000000000000e+00
2.011534025374855927e-01 2.011534025374855927e-01 2.011534025374855927e-01 1.000000000000000000e+00
2.066897347174163901e-01 2.066897347174163901e-01 2.066897347174163901e-01 1.000000000000000000e+00
2.122260668973471875e-01 2.122260668973471875e-01 2.122260668973471875e-01 1.000000000000000000e+00
2.177623990772779572e-01 2.177623990772779572e-01 2.177623990772779572e-01 1.000000000000000000e+00
2.232987312572087824e-01 2.232987312572087824e-01 2.232987312572087824e-01 1.000000000000000000e+00
2.288350634371395798e-01 2.288350634371395798e-01 2.288350634371395798e-01 1.000000000000000000e+00
2.343713956170703772e-01 2.343713956170703772e-01 2.343713956170703772e-01 1.000000000000000000e+00
2.399077277970011468e-01 2.399077277970011468e-01 2.399077277970011468e-01 1.000000000000000000e+00
2.454440599769319720e-01 2.454440599769319720e-01 2.454440599769319720e-01 1.000000000000000000e+00
2.509803921568627416e-01 2.509803921568627416e-01 2.509803921568627416e-01 1.000000000000000000e+00
2.565167243367935668e-01 2.565167243367935668e-01 2.565167243367935668e-01 1.000000000000000000e+00
2.620530565167242809e-01 2.620530565167242809e-01 2.620530565167242809e-01 1.000000000000000000e+00
2.675893886966551616e-01 2.675893886966551616e-01 2.675893886966551616e-01 1.000000000000000000e+00
2.731257208765859312e-01 2.731257208765859312e-01 2.731257208765859312e-01 1.000000000000000000e+00
2.786620530565167009e-01 2.786620530565167009e-01 2.786620530565167009e-01 1.000000000000000000e+00
2.841983852364474705e-01 2.841983852364474705e-01 2.841983852364474705e-01 1.000000000000000000e+00
2.897347174163783512e-01 2.897347174163783512e-01 2.897347174163783512e-01 1.000000000000000000e+00
2.952710495963091208e-01 2.952710495963091208e-01 2.952710495963091208e-01 1.000000000000000000e+00
3.008073817762398905e-01 3.008073817762398905e-01 3.008073817762398905e-01 1.000000000000000000e+00
3.063437139561706601e-01 3.063437139561706601e-01 3.063437139561706601e-01 1.000000000000000000e+00
3.118800461361015408e-01 3.118800461361015408e-01 3.118800461361015408e-01 1.000000000000000000e+00
3.174163783160323105e-01 3.174163783160323105e-01 3.174163783160323105e-01 1.000000000000000000e+00
3.225836216839677029e-01 3.225836216839677029e-01 3.225836216839677029e-01 1.000000000000000000e+00
3.266435986159169635e-01 3.266435986159169635e-01 3.266435986159169635e-01 1.000000000000000000e+00
3.307035755478661687e-01 3.307035755478661687e-01 3.307035755478661687e-01 1.000000000000000000e+00
3.347635524798154849e-01 3.347635524798154849e-01 3.347635524798154849e-01 1.000000000000000000e+00
3.388235294117647456e-01 3.388235294117647456e-01 3.388235294117647456e-01 1.000000000000000000e+00
3.428835063437139508e-01 3.428835063437139508e-01 3.428835063437139508e-01 1.000000000000000000e+00
3.469434832756632114e-01 3.469434832756632114e-01 3.469434832756632114e-01 1.000000000000000000e+00
3.510034602076124721e-01 3.510034602076124721e-01 3.510034602076124721e-01 1.000000000000000000e+00
3.550634371395617328e-01 3.550634371395617328e-01 3.550634371395617328e-01 1.000000000000000000e+00
3.591234140715109935e-01 3.591234140715109935e-01 3.591234140715109935e-01 1.000000000000000000e+00
3.631833910034601987e-01 3.631833910034601987e-01 3.631833910034601987e-01 1.000000000000000000e+00
3.672433679354094593e-01 3.672433679354094593e-01 3.672433679354094593e-01 1.000000000000000000e+00
3.713033448673587200e-01 3.713033448673587200e-01 3.713033448673587200e-01 1.000000000000000000e+00
3.753633217993079807e-01 3.753633217993079807e-01 3.753633217993079807e-01 1.000000000000000000e+00
3.794232987312572414e-01 3.794232987312572414e-01 3.794232987312572414e-01 1.000000000000000000e+00
3.834832756632065021e-01 3.834832756632065021e-01 3.834832756632065021e-01 1.000000000000000000e+00
3.875432525951557072e-01 3.875432525951557072e-01 3.875432525951557072e-01 1.000000000000000000e+00
3.916032295271049679e-01 3.916032295271049679e-01 3.916032295271049679e-01 1.000000000000000000e+00
3.956632064590541731e-01 3.956632064590541731e-01 3.956632064590541731e-01 1.000000000000000000e+00
3.997231833910034893e-01 3.997231833910034893e-01 3.997231833910034893e-01 1.000000000000000000e+00
4.037831603229526944e-01 4.037831603229526944e-01 4.037831603229526944e-01 1.000000000000000000e+00
4.078431372549019551e-01 4.078431372549019551e-01 4.078431372549019551e-01 1.000000000000000000e+00
4.119031141868512158e-01 4.119031141868512158e-01 4.119031141868512158e-01 1.000000000000000000e+00
4.159630911188004765e-01 4.159630911188004765e-01 4.159630911188004765e-01 1.000000000000000000e+00
4.200230680507497372e-01 4.200230680507497372e-01 4.200230680507497372e-01 1.000000000000000000e+00
4.240830449826989978e-01 4.240830449826989978e-01 4.240830449826989978e-01 1.000000000000000000e+00
4.281430219146481475e-01 4.281430219146481475e-01 4.281430219146481475e-01 1.000000000000000000e+00
4.322029988465974637e-01 4.322029988465974637e-01 4.322029988465974637e-01 1.000000000000000000e+00
4.362629757785467244e-01 4.362629757785467244e-01 4.362629757785467244e-01 1.000000000000000000e+00
4.403229527104959851e-01 4.403229527104959851e-01 4.403229527104959851e-01 1.000000000000000000e+00
4.443829296424451902e-01 4.443829296424451902e-01 4.443829296424451902e-01 1.000000000000000000e+00
4.484429065743944509e-01 4.484429065743944509e-01 4.484429065743944509e-01 1.000000000000000000e+00
4.525951557093425559e-01 4.525951557093425559e-01 4.525951557093425559e-01 1.000000000000000000e+00
4.569011918492887347e-01 4.569011918492887347e-01 4.569011918492887347e-01 1.000000000000000000e+00
4.612072279892348581e-01 4.612072279892348581e-01 4.612072279892348581e-01 1.000000000000000000e+00
4.655132641291810924e-01 4.655132641291810924e-01 4.655132641291810924e-01 1.000000000000000000e+00
4.698193002691272713e-01 4.698193002691272713e-01 4.698193002691272713e-01 1.000000000000000000e+00
4.741253364090734501e-01 4.741253364090734501e-01 4.741253364090734501e-01 1.000000000000000000e+00
4.784313725490196290e-01 4.784313725490196290e-01 4.784313725490196290e-01 1.000000000000000000e+00
4.827374086889658078e-01 4.827374086889658078e-01 4.827374086889658078e-01 1.000000000000000000e+00
4.870434448289119866e-01 4.870434448289119866e-01 4.870434448289119866e-01 1.000000000000000000e+00
4.913494809688581655e-01 4.913494809688581655e-01 4.913494809688581655e-01 1.000000000000000000e+00
4.956555171088042888e-01 4.956555171088042888e-01 4.956555171088042888e-01 1.000000000000000000e+00
4.999615532487504677e-01 4.999615532487504677e-01 4.999615532487504677e-01 1.000000000000000000e+00
5.042675893886966465e-01 5.042675893886966465e-01 5.042675893886966465e-01 1.000000000000000000e+00
5.085736255286428253e-01 5.085736255286428253e-01 5.085736255286428253e-01 1.000000000000000000e+00
5.128796616685890042e-01 5.128796616685890042e-01 5.128796616685890042e-01 1.000000000000000000e+00
5.171856978085351830e-01 5.171856978085351830e-01 5.171856978085351830e-01 1.000000000000000000e+00
5.214917339484813619e-01 5.214917339484813619e-01 5.214917339484813619e-01 1.000000000000000000e+00
5.257977700884275407e-01 5.257977700884275407e-01 5.257977700884275407e-01 1.000000000000000000e+00
5.301038062283736085e-01 5.301038062283736085e-01 5.301038062283736085e-01 1.000000000000000000e+00
5.344098423683198984e-01 5.344098423683198984e-01 5.344098423683198984e-01 1.000000000000000000e+00
5.387158785082660772e-01 5.387158785082660772e-01 5.387158785082660772e-01 1.000000000000000000e+00
5.430219146482122561e-01 5.430219146482122561e-01 5.430219146482122561e-01 1.000000000000000000e+00
5.473279507881584349e-01 5.473279507881584349e-01 5.473279507881584349e-01 1.000000000000000000e+00
5.516339869281046138e-01 5.516339869281046138e-01 5.516339869281046138e-01 1.000000000000000000e+00
5.559400230680507926e-01 5.559400230680507926e-01 5.559400230680507926e-01 1.000000000000000000e+00
5.602460592079969715e-01 5.602460592079969715e-01 5.602460592079969715e-01 1.000000000000000000e+00
5.645520953479430393e-01 5.645520953479430393e-01 5.645520953479430393e-01 1.000000000000000000e+00
5.688581314878893291e-01 5.688581314878893291e-01 5.688581314878893291e-01 1.000000000000000000e+00
5.731641676278353970e-01 5.731641676278353970e-01 5.731641676278353970e-01 1.000000000000000000e+00
5.774702037677816868e-01 5.774702037677816868e-01 5.774702037677816868e-01 1.000000000000000000e+00
5.817762399077277546e-01 5.817762399077277546e-01 5.817762399077277546e-01 1.000000000000000000e+00
5.906343713956171415e-01 5.906343713956171415e-01 5.906343713956171415e-01 1.000000000000000000e+00
5.954325259515571567e-01 5.954325259515571567e-01 5.954325259515571567e-01 1.000000000000000000e+00
6.002306805074971718e-01 6.002306805074971718e-01 6.002306805074971718e-01 1.000000000000000000e+00
6.050288350634371870e-01 6.050288350634371870e-01 6.050288350634371870e-01 1.000000000000000000e+00
6.098269896193770911e-01 6.098269896193770911e-01 6.098269896193770911e-01 1.000000000000000000e+00
6.146251441753172173e-01 6.146251441753172173e-01 6.146251441753172173e-01 1.000000000000000000e+00
6.194232987312572325e-01 6.194232987312572325e-01 6.194232987312572325e-01 1.000000000000000000e+00
6.242214532871972477e-01 6.242214532871972477e-01 6.242214532871972477e-01 1.000000000000000000e+00
6.290196078431372628e-01 6.290196078431372628e-01 6.290196078431372628e-01 1.000000000000000000e+00
6.338177623990772780e-01 6.338177623990772780e-01 6.338177623990772780e-01 1.000000000000000000e+00
6.386159169550172932e-01 6.386159169550172932e-01 6.386159169550172932e-01 1.000000000000000000e+00
6.434140715109573083e-01 6.434140715109573083e-01 6.434140715109573083e-01 1.000000000000000000e+00
6.482122260668973235e-01 6.482122260668973235e-01 6.482122260668973235e-01 1.000000000000000000e+00
6.530103806228373386e-01 6.530103806228373386e-01 6.530103806228373386e-01 1.000000000000000000e+00
6.578085351787774648e-01 6.578085351787774648e-01 6.578085351787774648e-01 1.000000000000000000e+00
6.626066897347174800e-01 6.626066897347174800e-01 6.626066897347174800e-01 1.000000000000000000e+00
6.674048442906574952e-01 6.674048442906574952e-01 6.674048442906574952e-01 1.000000000000000000e+00
6.722029988465975103e-01 6.722029988465975103e-01 6.722029988465975103e-01 1.000000000000000000e+00
6.770011534025375255e-01 6.770011534025375255e-01 6.770011534025375255e-01 1.000000000000000000e+00
6.817993079584775407e-01 6.817993079584775407e-01 6.817993079584775407e-01 1.000000000000000000e+00
6.865974625144174448e-01 6.865974625144174448e-01 6.865974625144174448e-01 1.000000000000000000e+00
6.913956170703575710e-01 6.913956170703575710e-01 6.913956170703575710e-01 1.000000000000000000e+00
6.961937716262975862e-01 6.961937716262975862e-01 6.961937716262975862e-01 1.000000000000000000e+00
7.009919261822376013e-01 7.009919261822376013e-01 7.009919261822376013e-01 1.000000000000000000e+00
7.057900807381776165e-01 7.057900807381776165e-01 7.057900807381776165e-01 1.000000000000000000e+00
7.105882352941177427e-01 7.105882352941177427e-01 7.105882352941177427e-01 1.000000000000000000e+00
7.153863898500576468e-01 7.153863898500576468e-01 7.153863898500576468e-01 1.000000000000000000e+00
7.201845444059977730e-01 7.201845444059977730e-01 7.201845444059977730e-01 1.000000000000000000e+00
7.249826989619377882e-01 7.249826989619377882e-01 7.249826989619377882e-01 1.000000000000000000e+00
7.297808535178778033e-01 7.297808535178778033e-01 7.297808535178778033e-01 1.000000000000000000e+00
7.345790080738178185e-01 7.345790080738178185e-01 7.345790080738178185e-01 1.000000000000000000e+00
7.393771626297578337e-01 7.393771626297578337e-01 7.393771626297578337e-01 1.000000000000000000e+00
7.433294886582083594e-01 7.433294886582083594e-01 7.433294886582083594e-01 1.000000000000000000e+00
7.467743175701653247e-01 7.467743175701653247e-01 7.467743175701653247e-01 1.000000000000000000e+00
7.502191464821222899e-01 7.502191464821222899e-01 7.502191464821222899e-01 1.000000000000000000e+00
7.536639753940792552e-01 7.536639753940792552e-01 7.536639753940792552e-01 1.000000000000000000e+00
7.571088043060361095e-01 7.571088043060361095e-01 7.571088043060361095e-01 1.000000000000000000e+00
7.605536332179930747e-01 7.605536332179930747e-01 7.605536332179930747e-01 1.000000000000000000e+00
7.639984621299500400e-01 7.639984621299500400e-01 7.639984621299500400e-01 1.000000000000000000e+00
7.674432910419070053e-01 7.674432910419070053e-01 7.674432910419070053e-01 1.000000000000000000e+00
7.708881199538638596e-01 7.708881199538638596e-01 7.708881199538638596e-01 1.000000000000000000e+00
7.743329488658208248e-01 7.743329488658208248e-01 7.743329488658208248e-01 1.000000000000000000e+00
7.777777777777777901e-01 7.777777777777777901e-01 7.777777777777777901e-01 1.000000000000000000e+00
7.812226066897347554e-01 7.812226066897347554e-01 7.812226066897347554e-01 1.000000000000000000e+00
7.846674356016916096e-01 7.846674356016916096e-01 7.846674356016916096e-01 1.000000000000000000e+00
7.881122645136485749e-01 7.881122645136485749e-01 7.881122645136485749e-01 1.000000000000000000e+00
7.915570934256055402e-01 7.915570934256055402e-01 7.915570934256055402e-01 1.000000000000000000e+00
7.950019223375625055e-01 7.950019223375625055e-01 7.950019223375625055e-01 1.000000000000000000e+00
7.984467512495194708e-01 7.984467512495194708e-01 7.984467512495194708e-01 1.000000000000000000e+00
8.018915801614763250e-01 8.018915801614763250e-01 8.018915801614763250e-01 1.000000000000000000e+00
8.053364090734332903e-01 8.053364090734332903e-01 8.053364090734332903e-01 1.000000000000000000e+00
8.087812379853902556e-01 8.087812379853902556e-01 8.087812379853902556e-01 1.000000000000000000e+00
8.122260668973471098e-01 8.122260668973471098e-01 8.122260668973471098e-01 1.000000000000000000e+00
8.156708958093040751e-01 8.156708958093040751e-01 8.156708958093040751e-01 1.000000000000000000e+00
8.191157247212610404e-01 8.191157247212610404e-01 8.191157247212610404e-01 1.000000000000000000e+00
8.225605536332180057e-01 8.225605536332180057e-01 8.225605536332180057e-01 1.000000000000000000e+00
8.260053825451749709e-01 8.260053825451749709e-01 8.260053825451749709e-01 1.000000000000000000e+00
8.294502114571318252e-01 8.294502114571318252e-01 8.294502114571318252e-01 1.000000000000000000e+00
8.328950403690887905e-01 8.328950403690887905e-01 8.328950403690887905e-01 1.000000000000000000e+00
8.363398692810457558e-01 8.363398692810457558e-01 8.363398692810457558e-01 1.000000000000000000e+00
8.397846981930027210e-01 8.397846981930027210e-01 8.397846981930027210e-01 1.000000000000000000e+00
8.432295271049595753e-01 8.432295271049595753e-01 8.432295271049595753e-01 1.000000000000000000e+00
8.466743560169165406e-01 8.466743560169165406e-01 8.466743560169165406e-01 1.000000000000000000e+00
8.501191849288735058e-01 8.501191849288735058e-01 8.501191849288735058e-01 1.000000000000000000e+00
8.531026528258361941e-01 8.531026528258361941e-01 8.531026528258361941e-01 1.000000000000000000e+00
8.559323337178008639e-01 8.559323337178008639e-01 8.559323337178008639e-01 1.000000000000000000e+00
8.587620146097654228e-01 8.587620146097654228e-01 8.587620146097654228e-01 1.000000000000000000e+00
8.615916955017300927e-01 8.615916955017300927e-01 8.615916955017300927e-01 1.000000000000000000e+00
8.644213763936946515e-01 8.644213763936946515e-01 8.644213763936946515e-01 1.000000000000000000e+00
8.672510572856593214e-01 8.672510572856593214e-01 8.672510572856593214e-01 1.000000000000000000e+00
8.700807381776239913e-01 8.700807381776239913e-01 8.700807381776239913e-01 1.000000000000000000e+00
8.729104190695885501e-01 8.729104190695885501e-01 8.729104190695885501e-01 1.000000000000000000e+00
8.757400999615532200e-01 8.757400999615532200e-01 8.757400999615532200e-01 1.000000000000000000e+00
8.785697808535178899e-01 8.785697808535178899e-01 8.785697808535178899e-01 1.000000000000000000e+00
8.813994617454824487e-01 8.813994617454824487e-01 8.813994617454824487e-01 1.000000000000000000e+00
8.842291426374471186e-01 8.842291426374471186e-01 8.842291426374471186e-01 1.000000000000000000e+00
8.870588235294117885e-01 8.870588235294117885e-01 8.870588235294117885e-01 1.000000000000000000e+00
8.898885044213763473e-01 8.898885044213763473e-01 8.898885044213763473e-01 1.000000000000000000e+00
8.927181853133410172e-01 8.927181853133410172e-01 8.927181853133410172e-01 1.000000000000000000e+00
8.955478662053055761e-01 8.955478662053055761e-01 8.955478662053055761e-01 1.000000000000000000e+00
8.983775470972702459e-01 8.983775470972702459e-01 8.983775470972702459e-01 1.000000000000000000e+00
9.012072279892349158e-01 9.012072279892349158e-01 9.012072279892349158e-01 1.000000000000000000e+00
9.040369088811994747e-01 9.040369088811994747e-01 9.040369088811994747e-01 1.000000000000000000e+00
9.068665897731641445e-01 9.068665897731641445e-01 9.068665897731641445e-01 1.000000000000000000e+00
9.096962706651287034e-01 9.096962706651287034e-01 9.096962706651287034e-01 1.000000000000000000e+00
9.125259515570933733e-01 9.125259515570933733e-01 9.125259515570933733e-01 1.000000000000000000e+00
9.153556324490580431e-01 9.153556324490580431e-01 9.153556324490580431e-01 1.000000000000000000e+00
9.181853133410227130e-01 9.181853133410227130e-01 9.181853133410227130e-01 1.000000000000000000e+00
9.210149942329872719e-01 9.210149942329872719e-01 9.210149942329872719e-01 1.000000000000000000e+00
9.238446751249519417e-01 9.238446751249519417e-01 9.238446751249519417e-01 1.000000000000000000e+00
9.266743560169166116e-01 9.266743560169166116e-01 9.266743560169166116e-01 1.000000000000000000e+00
9.295040369088811705e-01 9.295040369088811705e-01 9.295040369088811705e-01 1.000000000000000000e+00
9.323337178008458404e-01 9.323337178008458404e-01 9.323337178008458404e-01 1.000000000000000000e+00
9.351633986928103992e-01 9.351633986928103992e-01 9.351633986928103992e-01 1.000000000000000000e+00
9.379930795847750691e-01 9.379930795847750691e-01 9.379930795847750691e-01 1.000000000000000000e+00
9.408227604767397390e-01 9.408227604767397390e-01 9.408227604767397390e-01 1.000000000000000000e+00
9.427912341407150842e-01 9.427912341407150842e-01 9.427912341407150842e-01 1.000000000000000000e+00
9.446366782006920815e-01 9.446366782006920815e-01 9.446366782006920815e-01 1.000000000000000000e+00
9.464821222606689677e-01 9.464821222606689677e-01 9.464821222606689677e-01 1.000000000000000000e+00
9.483275663206458539e-01 9.483275663206458539e-01 9.483275663206458539e-01 1.000000000000000000e+00
9.501730103806227401e-01 9.501730103806227401e-01 9.501730103806227401e-01 1.000000000000000000e+00
9.520184544405997373e-01 9.520184544405997373e-01 9.520184544405997373e-01 1.000000000000000000e+00
9.538638985005767346e-01 9.538638985005767346e-01 9.538638985005767346e-01 1.000000000000000000e+00
9.557093425605536208e-01 9.557093425605536208e-01 9.557093425605536208e-01 1.000000000000000000e+00
9.575547866205305070e-01 9.575547866205305070e-01 9.575547866205305070e-01 1.000000000000000000e+00
9.594002306805075042e-01 9.594002306805075042e-01 9.594002306805075042e-01 1.000000000000000000e+00
9.612456747404843904e-01 9.612456747404843904e-01 9.612456747404843904e-01 1.000000000000000000e+00
9.630911188004613877e-01 9.630911188004613877e-01 9.630911188004613877e-01 1.000000000000000000e+00
9.649365628604382739e-01 9.649365628604382739e-01 9.649365628604382739e-01 1.000000000000000000e+00
9.667820069204152711e-01 9.667820069204152711e-01 9.667820069204152711e-01 1.000000000000000000e+00
9.686274509803921573e-01 9.686274509803921573e-01 9.686274509803921573e-01 1.000000000000000000e+00
9.704728950403690435e-01 9.704728950403690435e-01 9.704728950403690435e-01 1.000000000000000000e+00
9.723183391003460407e-01 9.723183391003460407e-01 9.723183391003460407e-01 1.000000000000000000e+00
9.741637831603229269e-01 9.741637831603229269e-01 9.741637831603229269e-01 1.000000000000000000e+00
9.760092272202999242e-01 9.760092272202999242e-01 9.760092272202999242e-01 1.000000000000000000e+00
9.778546712802768104e-01 9.778546712802768104e-01 9.778546712802768104e-01 1.000000000000000000e+00
9.797001153402536966e-01 9.797001153402536966e-01 9.797001153402536966e-01 1.000000000000000000e+00
9.815455594002306938e-01 9.815455594002306938e-01 9.815455594002306938e-01 1.000000000000000000e+00
9.833910034602075800e-01 9.833910034602075800e-01 9.833910034602075800e-01 1.000000000000000000e+00
9.852364475201845773e-01 9.852364475201845773e-01 9.852364475201845773e-01 1.000000000000000000e+00
9.870818915801614635e-01 9.870818915801614635e-01 9.870818915801614635e-01 1.000000000000000000e+00
9.889273356401384607e-01 9.889273356401384607e-01 9.889273356401384607e-01 1.000000000000000000e+00
9.907727797001153469e-01 9.907727797001153469e-01 9.907727797001153469e-01 1.000000000000000000e+00
9.926182237600922331e-01 9.926182237600922331e-01 9.926182237600922331e-01 1.000000000000000000e+00
9.944636678200692304e-01 9.944636678200692304e-01 9.944636678200692304e-01 1.000000000000000000e+00
9.963091118800461166e-01 9.963091118800461166e-01 9.963091118800461166e-01 1.000000000000000000e+00
9.981545559400231138e-01 9.981545559400231138e-01 9.981545559400231138e-01 1.000000000000000000e+00
1.000000000000000000e+00 1.000000000000000000e+00 1.000000000000000000e+00 1.000000000000000000e+00
