1.000000000000000000e+00 1.000000000000000000e+00 1.000000000000000000e+00 1.000000000000000000e+00
1.000000000000000000e+00 1.000000000000000000e+00 9.845588080882198279e-01 1.000000000000000000e+00
1.000000000000000000e+00 1.000000000000000000e+00 9.691176161764396557e-01 1.000000000000000000e+00
1.000000000000000000e+00 1.000000000000000000e+00 9.536764242646595946e-01 1.000000000000000000e+00
1.000000000000000000e+00 1.000000000000000000e+00 9.382352323528794225e-01 1.000000000000000000e+00
1.000000000000000000e+00 1.000000000000000000e+00 9.227940404410992503e-01 1.000000000000000000e+00
1.000000000000000000e+00 1.000000000000000000e+00 9.073528485293190782e-01 1.000000000000000000e+00
1.000000000000000000e+00 1.000000000000000000e+00 8.919116566175389060e-01 1.000000000000000000e+00
1.000000000000000000e+00 1.000000000000000000e+00 8.764704647057588449e-01 1.000000000000000000e+00
1.000000000000000000e+00 1.000000000000000000e+00 8.610292727939786728e-01 1.000000000000000000e+00
1.000000000000000000e+00 1.000000000000000000e+00 8.455880808821985006e-01 1.000000000000000000e+00
1.000000000000000000e+00 1.000000000000000000e+00 8.301468889704183285e-01 1.000000000000000000e+00
1.000000000000000000e+00 1.000000000000000000e+00 8.147056970586381563e-01 1.000000000000000000e+00
1.000000000000000000e+00 1.000000000000000000e+00 7.992645051468580952e-01 1.000000000000000000e+00
1.000000000000000000e+00 1.000000000000000000e+00 7.838233132350779231e-01 1.000000000000000000e+00
1.000000000000000000e+00 1.000000000000000000e+00 7.683821213232977509e-01 1.000000000000000000e+00
1.000000000000000000e+00 1.000000000000000000e+00 7.529409294115175788e-01 1.000000000000000000e+00
1.000000000000000000e+00 1.000000000000000000e+00 7.374997374997374067e-01 1.000000000000000000e+00
1.000000000000000000e+00 1.000000000000000000e+00 7.220585455879573455e-01 1.000000000000000000e+00
1.000000000000000000e+00 1.000000000000000000e+00 7.066173536761771734e-01 1.000000000000000000e+00
1.000000000000000000e+00 1.000000000000000000e+00 6.911761617643970013e-01 1.000000000000000000e+00
1.000000000000000000e+00 1.000000000000000000e+00 6.757349698526169401e-01 1.000000000000000000e+00
1.000000000000000000e+00 1.000000000000000000e+00 6.602937779408366570e-01 1.000000000000000000e+00
1.000000000000000000e+00 1.000000000000000000e+00 6.448525860290565959e-01 1.000000000000000000e+00
1.000000000000000000e+00 1.000000000000000000e+00 6.294113941172764237e-01 1.000000000000000000e+00
1.000000000000000000e+00 1.000000000000000000e+00 6.139702022054962516e-01 1.000000000000000000e+00
1.000000000000000000e+00 1.000000000000000000e+00 5.985290102937161905e-01 1.000000000000000000e+00
1.000000000000000000e+00 1.000000000000000000e+00 5.830878183819359073e-01 1.000000000000000000e+00
1.000000000000000000e+00 1.000000000000000000e+00 5.676466264701558462e-01 1.000000000000000000e+00
1.000000000000000000e+00 1.000000000000000000e+00 5.522054345583756740e-01 1.000000000000000000e+00
1.000000000000000000e+00 1.000000000000000000e+00 5.367642426465955019e-01 1.000000000000000000e+00
1.000000000000000000e+00 1.000000000000000000e+00 5.213230507348154408e-01 1.000000000000000000e+00
1.000000000000000000e+00 1.000000000000000000e+00 5.058818588230351576e-01 1.000000000000000000e+00
1.000000000000000000e+00 1.000000000000000000e+00 4.904406669112552075e-01 1.000000000000000000e+00
1.000000000000000000e+00 1.000000000000000000e+00 4.749994749994749244e-01 1.000000000000000000e+00
1.000000000000000000e+00 1.000000000000000000e+00 4.595582830876947522e-01 1.000000000000000000e+00
1.000000000000000000e+00 1.000000000000000000e+00 4.441170911759146911e-01 1.000000000000000000e+00
1.000000000000000000e+00 1.000000000000000000e+00 4.286758992641346300e-01 1.000000000000000000e+00
1.000000000000000000e+00 1.000000000000000000e+00 4.132347073523543468e-01 1.000000000000000000e+00
1.000000000000000000e+00 1.000000000000000000e+00 3.977935154405741747e-01 1.000000000000000000e+00
1.000000000000000000e+00 1.000000000000000000e+00 3.823523235287940025e-01 1.000000000000000000e+00
1.000000000000000000e+00 1.000000000000000000e+00 3.669111316170140524e-01 1.000000000000000000e+00
1.000000000000000000e+00 1.000000000000000000e+00 3.514699397052337693e-01 1.000000000000000000e+00
1.000000000000000000e+00 1.000000000000000000e+00 3.360287477934535971e-01 1.000000000000000000e+00
1.000000000000000000e+00 1.000000000000000000e+00 3.205875558816734250e-01 1.000000000000000000e+00
1.000000000000000000e+00 1.000000000000000000e+00 3.051463639698933639e-01 1.000000000000000000e+00
1.000000000000000000e+00 1.000000000000000000e+00 2.897051720581131917e-01 1.000000000000000000e+00
1.000000000000000000e+00 1.000000000000000000e+00 2.742639801463330196e-01 1.000000000000000000e+00
1.000000000000000000e+00 1.000000000000000000e+00 2.588227882345528474e-01 1.000000000000000000e+00
1.000000000000000000e+00 1.000000000000000000e+00 2.433815963227727863e-01 1.000000000000000000e+00
1.000000000000000000e+00 1.000000000000000000e+00 2.279404044109925032e-01 1.000000000000000000e+00
1.000000000000000000e+00 1.000000000000000000e+00 2.124992124992124420e-01 1.000000000000000000e+00
1.000000000000000000e+00 1.000000000000000000e+00 1.970580205874322699e-01 1.000000000000000000e+00
1.000000000000000000e+00 1.000000000000000000e+00 1.816168286756522088e-01 1.000000000000000000e+00
1.000000000000000000e+00 1.000000000000000000e+00 1.661756367638719256e-01 1.000000000000000000e+00
1.000000000000000000e+00 1.000000000000000000e+00 1.507344448520918645e-01 1.000000000000000000e+00
1.000000000000000000e+00 1.000000000000000000e+00 1.352932529403116924e-01 1.000000000000000000e+00
1.000000000000000000e+00 1.000000000000000000e+00 1.198520610285316312e-01 1.000000000000000000e+00
1.000000000000000000e+00 1.000000000000000000e+00 1.044108691167513481e-01 1.000000000000000000e+00
1.000000000000000000e+00 1.000000000000000000e+00 8.896967720497117593e-02 1.000000000000000000e+00
1.000000000000000000e+00 1.000000000000000000e+00 7.352848529319111481e-02 1.000000000000000000e+00
1.000000000000000000e+00 1.000000000000000000e+00 5.808729338141105369e-02 1.000000000000000000e+00
1.000000000000000000e+00 1.000000000000000000e+00 4.264610146963077053e-02 1.000000000000000000e+00
1.000000000000000000e+00 1.000000000000000000e+00 2.720490955785059839e-02 1.000000000000000000e+00
1.000000000000000000e+00 1.000000000000000000e+00 1.176371764607042625e-02 1.000000000000000000e+00
1.000000000000000000e+00 9.975483569250963578e-01 0.000000000000000000e+00 1.000000000000000000e+00
1.000000000000000000e+00 9.872542560059517358e-01 0.000000000000000000e+00 1.000000000000000000e+00
1.000000000000000000e+00 9.769601550868067807e-01 0.000000000000000000e+00 1.000000000000000000e+00
1.000000000000000000e+00 9.666660541676619367e-01 0.000000000000000000e+00 1.000000000000000000e+00
1.000000000000000000e+00 9.563719532485170927e-01 0.000000000000000000e+00 1.000000000000000000e+00
1.000000000000000000e+00 9.460778523293722486e-01 0.000000000000000000e+00 1.000000000000000000e+00
1.000000000000000000e+00 9.357837514102274046e-01 0.000000000000000000e+00 1.000000000000000000e+00
1.000000000000000000e+00 9.254896504910825605e-01 0.000000000000000000e+00 1.000000000000000000e+00
1.000000000000000000e+00 9.151955495719377165e-01 0.000000000000000000e+00 1.000000000000000000e+00
1.000000000000000000e+00 9.049014486527930945e-01 0.000000000000000000e+00 1.000000000000000000e+00
1.000000000000000000e+00 8.946073477336481394e-01 0.000000000000000000e+00 1.000000000000000000e+00
1.000000000000000000e+00 8.843132468145032954e-01 0.000000000000000000e+00 1.000000000000000000e+00
1.000000000000000000e+00 8.740191458953584513e-01 0.000000000000000000e+00 1.000000000000000000e+00
1.000000000000000000e+00 8.637250449762136073e-01 0.000000000000000000e+00 1.000000000000000000e+00
1.000000000000000000e+00 8.534309440570688743e-01 0.000000000000000000e+00 1.000000000000000000e+00
1.000000000000000000e+00 8.431368431379240302e-01 0.000000000000000000e+00 1.000000000000000000e+00
1.000000000000000000e+00 8.328427422187791862e-01 0.000000000000000000e+00 1.000000000000000000e+00
1.000000000000000000e+00 8.225486412996344532e-01 0.000000000000000000e+00 1.000000000000000000e+00
1.000000000000000000e+00 8.122545403804894981e-01 0.000000000000000000e+00 1.000000000000000000e+00
1.000000000000000000e+00 8.019604394613446541e-01 0.000000000000000000e+00 1.000000000000000000e+00
1.000000000000000000e+00 7.916663385421998100e-01 0.000000000000000000e+00 1.000000000000000000e+00
1.000000000000000000e+00 7.813722376230550770e-01 0.000000000000000000e+00 1.000000000000000000e+00
1.000000000000000000e+00 7.710781367039102330e-01 0.000000000000000000e+00 1.000000000000000000e+00
1.000000000000000000e+00 7.607840357847653889e-01 0.000000000000000000e+00 1.000000000000000000e+00
1.000000000000000000e+00 7.504899348656205449e-01 0.000000000000000000e+00 1.000000000000000000e+00
1.000000000000000000e+00 7.401958339464758119e-01 0.000000000000000000e+00 1.000000000000000000e+00
1.000000000000000000e+00 7.299017330273309678e-01 0.000000000000000000e+00 1.000000000000000000e+00
1.000000000000000000e+00 7.196076321081861238e-01 0.000000000000000000e+00 1.000000000000000000e+00
1.000000000000000000e+00 7.093135311890412797e-01 0.000000000000000000e+00 1.000000000000000000e+00
1.000000000000000000e+00 6.990194302698964357e-01 0.000000000000000000e+00 1.000000000000000000e+00
1.000000000000000000e+00 6.887253293507515917e-01 0.000000000000000000e+00 1.000000000000000000e+00
1.000000000000000000e+00 6.784312284316067476e-01 0.000000000000000000e+00 1.000000000000000000e+00
1.000000000000000000e+00 6.681371275124619036e-01 0.000000000000000000e+00 1.000000000000000000e+00
1.000000000000000000e+00 6.578430265933172816e-01 0.000000000000000000e+00 1.000000000000000000e+00
1.000000000000000000e+00 6.475489256741722155e-01 0.000000000000000000e+00 1.000000000000000000e+00
1.000000000000000000e+00 6.372548247550274825e-01 0.000000000000000000e+00 1.000000000000000000e+00
1.000000000000000000e+00 6.269607238358826384e-01 0.000000000000000000e+00 1.000000000000000000e+00
1.000000000000000000e+00 6.166666229167377944e-01 0.000000000000000000e+00 1.000000000000000000e+00
1.000000000000000000e+00 6.063725219975930614e-01 0.000000000000000000e+00 1.000000000000000000e+00
1.000000000000000000e+00 5.960784210784482173e-01 0.000000000000000000e+00 1.000000000000000000e+00
1.000000000000000000e+00 5.857843201593033733e-01 0.000000000000000000e+00 1.000000000000000000e+00
1.000000000000000000e+00 5.754902192401586403e-01 0.000000000000000000e+00 1.000000000000000000e+00
1.000000000000000000e+00 5.651961183210136852e-01 0.000000000000000000e+00 1.000000000000000000e+00
1.000000000000000000e+00 5.549020174018688412e-01 0.000000000000000000e+00 1.000000000000000000e+00
1.000000000000000000e+00 5.446079164827239971e-01 0.000000000000000000e+00 1.000000000000000000e+00
1.000000000000000000e+00 5.343138155635791531e-01 0.000000000000000000e+00 1.000000000000000000e+00
1.000000000000000000e+00 5.240197146444343090e-01 0.000000000000000000e+00 1.000000000000000000e+00
1.000000000000000000e+00 5.137256137252895760e-01 0.000000000000000000e+00 1.000000000000000000e+00
1.000000000000000000e+00 5.034315128061447320e-01 0.000000000000000000e+00 1.000000000000000000e+00
1.000000000000000000e+00 4.931374118869999990e-01 0.000000000000000000e+00 1.000000000000000000e+00
1.000000000000000000e+00 4.828433109678550439e-01 0.000000000000000000e+00 1.000000000000000000e+00
1.000000000000000000e+00 4.725492100487101998e-01 0.000000000000000000e+00 1.000000000000000000e+00
1.000000000000000000e+00 4.622551091295654668e-01 0.000000000000000000e+00 1.000000000000000000e+00
1.000000000000000000e+00 4.519610082104206228e-01 0.000000000000000000e+00 1.000000000000000000e+00
1.000000000000000000e+00 4.416669072912757787e-01 0.000000000000000000e+00 1.000000000000000000e+00
1.000000000000000000e+00 4.313728063721309347e-01 0.000000000000000000e+00 1.000000000000000000e+00
1.000000000000000000e+00 4.210787054529860907e-01 0.000000000000000000e+00 1.000000000000000000e+00
1.000000000000000000e+00 4.107846045338414687e-01 0.000000000000000000e+00 1.000000000000000000e+00
1.000000000000000000e+00 4.004905036146965136e-01 0.000000000000000000e+00 1.000000000000000000e+00
1.000000000000000000e+00 3.901964026955516696e-01 0.000000000000000000e+00 1.000000000000000000e+00
1.000000000000000000e+00 3.799023017764068255e-01 0.000000000000000000e+00 1.000000000000000000e+00
1.000000000000000000e+00 3.696082008572619815e-01 0.000000000000000000e+00 1.000000000000000000e+00
1.000000000000000000e+00 3.490199990189722934e-01 0.000000000000000000e+00 1.000000000000000000e+00
1.000000000000000000e+00 3.387258980998274494e-01 0.000000000000000000e+00 1.000000000000000000e+00
1.000000000000000000e+00 3.284317971806827163e-01 0.000000000000000000e+00 1.000000000000000000e+00
1.000000000000000000e+00 3.181376962615378723e-01 0.000000000000000000e+00 1.000000000000000000e+00
1.000000000000000000e+00 3.078435953423933613e-01 0.000000000000000000e+00 1.000000000000000000e+00
1.000000000000000000e+00 2.975494944232481842e-01 0.000000000000000000e+00 1.000000000000000000e+00
1.000000000000000000e+00 2.872553935041033402e-01 0.000000000000000000e+00 1.000000000000000000e+00
1.000000000000000000e+00 2.769612925849584961e-01 0.000000000000000000e+00 1.000000000000000000e+00
1.000000000000000000e+00 2.666671916658137631e-01 0.000000000000000000e+00 1.000000000000000000e+00
1.000000000000000000e+00 2.563730907466689191e-01 0.000000000000000000e+00 1.000000000000000000e+00
1.000000000000000000e+00 2.460789898275240750e-01 0.000000000000000000e+00 1.000000000000000000e+00
1.000000000000000000e+00 2.357848889083792310e-01 0.000000000000000000e+00 1.000000000000000000e+00
1.000000000000000000e+00 2.254907879892343869e-01 0.000000000000000000e+00 1.000000000000000000e+00
1.000000000000000000e+00 2.151966870700895429e-01 0.000000000000000000e+00 1.000000000000000000e+00
1.000000000000000000e+00 2.049025861509448099e-01 0.000000000000000000e+00 1.000000000000000000e+00
1.000000000000000000e+00 1.946084852317999658e-01 0.000000000000000000e+00 1.000000000000000000e+00
1.000000000000000000e+00 1.843143843126551218e-01 0.000000000000000000e+00 1.000000000000000000e+00
1.000000000000000000e+00 1.740202833935102777e-01 0.000000000000000000e+00 1.000000000000000000e+00
1.000000000000000000e+00 1.637261824743654337e-01 0.000000000000000000e+00 1.000000000000000000e+00
1.000000000000000000e+00 1.534320815552205897e-01 0.000000000000000000e+00 1.000000000000000000e+00
1.000000000000000000e+00 1.431379806360760787e-01 0.000000000000000000e+00 1.000000000000000000e+00
1.000000000000000000e+00 1.328438797169310126e-01 0.000000000000000000e+00 1.000000000000000000e+00
1.000000000000000000e+00 1.225497787977861686e-01 0.000000000000000000e+00 1.000000000000000000e+00
1.000000000000000000e+00 1.122556778786413245e-01 0.000000000000000000e+00 1.000000000000000000e+00
1.000000000000000000e+00 1.019615769594964805e-01 0.000000000000000000e+00 1.000000000000000000e+00
1.000000000000000000e+00 9.166747604035163643e-02 0.000000000000000000e+00 1.000000000000000000e+00
1.000000000000000000e+00 8.137337512120679239e-02 0.000000000000000000e+00 1.000000000000000000e+00
1.000000000000000000e+00 7.107927420206205937e-02 0.000000000000000000e+00 1.000000000000000000e+00
1.000000000000000000e+00 6.078517328291721533e-02 0.000000000000000000e+00 1.000000000000000000e+00
1.000000000000000000e+00 5.049107236377237129e-02 0.000000000000000000e+00 1.000000000000000000e+00
1.000000000000000000e+00 4.019697144462752725e-02 0.000000000000000000e+00 1.000000000000000000e+00
1.000000000000000000e+00 2.990287052548268321e-02 0.000000000000000000e+00 1.000000000000000000e+00
1.000000000000000000e+00 1.960876960633783916e-02 0.000000000000000000e+00 1.000000000000000000e+00
1.000000000000000000e+00 9.314668687193106145e-03 0.000000000000000000e+00 1.000000000000000000e+00
9.990204970624411152e-01 0.000000000000000000e+00 0.000000000000000000e+00 1.000000000000000000e+00
9.887256530080061889e-01 0.000000000000000000e+00 0.000000000000000000e+00 1.000000000000000000e+00
9.784308089535717068e-01 0.000000000000000000e+00 0.000000000000000000e+00 1.000000000000000000e+00
9.681359648991365585e-01 0.000000000000000000e+00 0.000000000000000000e+00 1.000000000000000000e+00
9.578411208447016323e-01 0.000000000000000000e+00 0.000000000000000000e+00 1.000000000000000000e+00
9.475462767902668171e-01 0.000000000000000000e+00 0.000000000000000000e+00 1.000000000000000000e+00
9.372514327358320019e-01 0.000000000000000000e+00 0.000000000000000000e+00 1.000000000000000000e+00
9.269565886813970756e-01 0.000000000000000000e+00 0.000000000000000000e+00 1.000000000000000000e+00
9.166617446269622604e-01 0.000000000000000000e+00 0.000000000000000000e+00 1.000000000000000000e+00
9.063669005725274452e-01 0.000000000000000000e+00 0.000000000000000000e+00 1.000000000000000000e+00
8.960720565180925190e-01 0.000000000000000000e+00 0.000000000000000000e+00 1.000000000000000000e+00
8.857772124636577038e-01 0.000000000000000000e+00 0.000000000000000000e+00 1.000000000000000000e+00
8.754823684092228886e-01 0.000000000000000000e+00 0.000000000000000000e+00 1.000000000000000000e+00
8.651875243547879624e-01 0.000000000000000000e+00 0.000000000000000000e+00 1.000000000000000000e+00
8.548926803003531472e-01 0.000000000000000000e+00 0.000000000000000000e+00 1.000000000000000000e+00
8.445978362459183320e-01 0.000000000000000000e+00 0.000000000000000000e+00 1.000000000000000000e+00
8.343029921914834057e-01 0.000000000000000000e+00 0.000000000000000000e+00 1.000000000000000000e+00
8.240081481370485905e-01 0.000000000000000000e+00 0.000000000000000000e+00 1.000000000000000000e+00
8.137133040826141084e-01 0.000000000000000000e+00 0.000000000000000000e+00 1.000000000000000000e+00
8.034184600281788491e-01 0.000000000000000000e+00 0.000000000000000000e+00 1.000000000000000000e+00
7.931236159737440339e-01 0.000000000000000000e+00 0.000000000000000000e+00 1.000000000000000000e+00
7.828287719193092187e-01 0.000000000000000000e+00 0.000000000000000000e+00 1.000000000000000000e+00
7.725339278648744035e-01 0.000000000000000000e+00 0.000000000000000000e+00 1.000000000000000000e+00
7.622390838104394772e-01 0.000000000000000000e+00 0.000000000000000000e+00 1.000000000000000000e+00
7.519442397560046620e-01 0.000000000000000000e+00 0.000000000000000000e+00 1.000000000000000000e+00
7.416493957015697358e-01 0.000000000000000000e+00 0.000000000000000000e+00 1.000000000000000000e+00
7.313545516471349206e-01 0.000000000000000000e+00 0.000000000000000000e+00 1.000000000000000000e+00
7.210597075927001054e-01 0.000000000000000000e+00 0.000000000000000000e+00 1.000000000000000000e+00
7.107648635382652902e-01 0.000000000000000000e+00 0.000000000000000000e+00 1.000000000000000000e+00
7.004700194838303640e-01 0.000000000000000000e+00 0.000000000000000000e+00 1.000000000000000000e+00
6.901751754293955488e-01 0.000000000000000000e+00 0.000000000000000000e+00 1.000000000000000000e+00
6.798803313749606225e-01 0.000000000000000000e+00 0.000000000000000000e+00 1.000000000000000000e+00
6.695854873205258073e-01 0.000000000000000000e+00 0.000000000000000000e+00 1.000000000000000000e+00
6.592906432660909921e-01 0.000000000000000000e+00 0.000000000000000000e+00 1.000000000000000000e+00
6.489957992116563990e-01 0.000000000000000000e+00 0.000000000000000000e+00 1.000000000000000000e+00
6.387009551572213617e-01 0.000000000000000000e+00 0.000000000000000000e+00 1.000000000000000000e+00
6.284061111027865465e-01 0.000000000000000000e+00 0.000000000000000000e+00 1.000000000000000000e+00
6.181112670483516203e-01 0.000000000000000000e+00 0.000000000000000000e+00 1.000000000000000000e+00
6.078164229939166940e-01 0.000000000000000000e+00 0.000000000000000000e+00 1.000000000000000000e+00
5.975215789394818788e-01 0.000000000000000000e+00 0.000000000000000000e+00 1.000000000000000000e+00
5.872267348850470636e-01 0.000000000000000000e+00 0.000000000000000000e+00 1.000000000000000000e+00
5.769318908306122484e-01 0.000000000000000000e+00 0.000000000000000000e+00 1.000000000000000000e+00
5.666370467761774332e-01 0.000000000000000000e+00 0.000000000000000000e+00 1.000000000000000000e+00
5.563422027217425070e-01 0.000000000000000000e+00 0.000000000000000000e+00 1.000000000000000000e+00
5.460473586673075808e-01 0.000000000000000000e+00 0.000000000000000000e+00 1.000000000000000000e+00
5.357525146128727656e-01 0.000000000000000000e+00 0.000000000000000000e+00 1.000000000000000000e+00
5.254576705584379503e-01 0.000000000000000000e+00 0.000000000000000000e+00 1.000000000000000000e+00
5.151628265040031351e-01 0.000000000000000000e+00 0.000000000000000000e+00 1.000000000000000000e+00
5.048679824495683199e-01 0.000000000000000000e+00 0.000000000000000000e+00 1.000000000000000000e+00
4.945731383951333937e-01 0.000000000000000000e+00 0.000000000000000000e+00 1.000000000000000000e+00
4.842782943406988005e-01 0.000000000000000000e+00 0.000000000000000000e+00 1.000000000000000000e+00
4.739834502862636523e-01 0.000000000000000000e+00 0.000000000000000000e+00 1.000000000000000000e+00
4.636886062318288371e-01 0.000000000000000000e+00 0.000000000000000000e+00 1.000000000000000000e+00
4.533937621773940219e-01 0.000000000000000000e+00 0.000000000000000000e+00 1.000000000000000000e+00
4.430989181229592067e-01 0.000000000000000000e+00 0.000000000000000000e+00 1.000000000000000000e+00
4.328040740685242804e-01 0.000000000000000000e+00 0.000000000000000000e+00 1.000000000000000000e+00
4.225092300140894652e-01 0.000000000000000000e+00 0.000000000000000000e+00 1.000000000000000000e+00
4.122143859596545390e-01 0.000000000000000000e+00 0.000000000000000000e+00 1.000000000000000000e+00
4.019195419052197238e-01 0.000000000000000000e+00 0.000000000000000000e+00 1.000000000000000000e+00
3.916246978507849086e-01 0.000000000000000000e+00 0.000000000000000000e+00 1.000000000000000000e+00
3.813298537963500934e-01 0.000000000000000000e+00 0.000000000000000000e+00 1.000000000000000000e+00
3.710350097419151671e-01 0.000000000000000000e+00 0.000000000000000000e+00 1.000000000000000000e+00
3.607401656874803519e-01 0.000000000000000000e+00 0.000000000000000000e+00 1.000000000000000000e+00
3.504453216330454257e-01 0.000000000000000000e+00 0.000000000000000000e+00 1.000000000000000000e+00
3.401504775786106105e-01 0.000000000000000000e+00 0.000000000000000000e+00 1.000000000000000000e+00
3.298556335241757953e-01 0.000000000000000000e+00 0.000000000000000000e+00 1.000000000000000000e+00
3.195607894697413132e-01 0.000000000000000000e+00 0.000000000000000000e+00 1.000000000000000000e+00
3.092659454153060539e-01 0.000000000000000000e+00 0.000000000000000000e+00 1.000000000000000000e+00
2.989711013608712387e-01 0.000000000000000000e+00 0.000000000000000000e+00 1.000000000000000000e+00
2.886762573064363124e-01 0.000000000000000000e+00 0.000000000000000000e+00 1.000000000000000000e+00
2.783814132520014972e-01 0.000000000000000000e+00 0.000000000000000000e+00 1.000000000000000000e+00
2.680865691975666820e-01 0.000000000000000000e+00 0.000000000000000000e+00 1.000000000000000000e+00
2.577917251431318668e-01 0.000000000000000000e+00 0.000000000000000000e+00 1.000000000000000000e+00
2.474968810886970516e-01 0.000000000000000000e+00 0.000000000000000000e+00 1.000000000000000000e+00
2.372020370342621254e-01 0.000000000000000000e+00 0.000000000000000000e+00 1.000000000000000000e+00
2.269071929798273102e-01 0.000000000000000000e+00 0.000000000000000000e+00 1.000000000000000000e+00
2.166123489253923839e-01 0.000000000000000000e+00 0.000000000000000000e+00 1.000000000000000000e+00
2.063175048709575687e-01 0.000000000000000000e+00 0.000000000000000000e+00 1.000000000000000000e+00
1.960226608165227535e-01 0.000000000000000000e+00 0.000000000000000000e+00 1.000000000000000000e+00
1.857278167620879383e-01 0.000000000000000000e+00 0.000000000000000000e+00 1.000000000000000000e+00
1.754329727076530121e-01 0.000000000000000000e+00 0.000000000000000000e+00 1.000000000000000000e+00
1.651381286532181969e-01 0.000000000000000000e+00 0.000000000000000000e+00 1.000000000000000000e+00
1.548432845987836037e-01 0.000000000000000000e+00 0.000000000000000000e+00 1.000000000000000000e+00
1.445484405443484555e-01 0.000000000000000000e+00 0.000000000000000000e+00 1.000000000000000000e+00
1.342535964899136403e-01 0.000000000000000000e+00 0.000000000000000000e+00 1.000000000000000000e+00
1.239587524354788250e-01 0.000000000000000000e+00 0.000000000000000000e+00 1.000000000000000000e+00
1.136639083810438988e-01 0.000000000000000000e+00 0.000000000000000000e+00 1.000000000000000000e+00
1.033690643266090836e-01 0.000000000000000000e+00 0.000000000000000000e+00 1.000000000000000000e+00
9.307422027217415739e-02 0.000000000000000000e+00 0.000000000000000000e+00 1.000000000000000000e+00
8.277937621773934218e-02 0.000000000000000000e+00 0.000000000000000000e+00 1.000000000000000000e+00
7.248453216330452697e-02 0.000000000000000000e+00 0.000000000000000000e+00 1.000000000000000000e+00
6.218968810886971177e-02 0.000000000000000000e+00 0.000000000000000000e+00 1.000000000000000000e+00
5.189484405443478554e-02 0.000000000000000000e+00 0.000000000000000000e+00 1.000000000000000000e+00
4.159999999999999809e-02 0.000000000000000000e+00 0.000000000000000000e+00 1.000000000000000000e+00
