1.000000000000000000e+00 0.000000000000000000e+00 0.000000000000000000e+00 1.000000000000000000e+00
1.000000000000000000e+00 2.316178786767022005e-02 0.000000000000000000e+00 1.000000000000000000e+00
1.000000000000000000e+00 4.632357573534044010e-02 0.000000000000000000e+00 1.000000000000000000e+00
1.000000000000000000e+00 6.948536360301064974e-02 0.000000000000000000e+00 1.000000000000000000e+00
1.000000000000000000e+00 9.264715147068088019e-02 0.000000000000000000e+00 1.000000000000000000e+00
1.000000000000000000e+00 1.158089393383510968e-01 0.000000000000000000e+00 1.000000000000000000e+00
1.000000000000000000e+00 1.389707272060212995e-01 0.000000000000000000e+00 1.000000000000000000e+00
1.000000000000000000e+00 1.621325150736915299e-01 0.000000000000000000e+00 1.000000000000000000e+00
1.000000000000000000e+00 1.852943029413617604e-01 0.000000000000000000e+00 1.000000000000000000e+00
1.000000000000000000e+00 2.084560908090319631e-01 0.000000000000000000e+00 1.000000000000000000e+00
1.000000000000000000e+00 2.316178786767021935e-01 0.000000000000000000e+00 1.000000000000000000e+00
1.000000000000000000e+00 2.547796665443723962e-01 0.000000000000000000e+00 1.000000000000000000e+00
1.000000000000000000e+00 2.779414544120425989e-01 0.000000000000000000e+00 1.000000000000000000e+00
1.000000000000000000e+00 3.011032422797128016e-01 0.000000000000000000e+00 1.000000000000000000e+00
1.000000000000000000e+00 3.242650301473830599e-01 0.000000000000000000e+00 1.000000000000000000e+00
1.000000000000000000e+00 3.474268180150532626e-01 0.000000000000000000e+00 1.000000000000000000e+00
1.000000000000000000e+00 3.705886058827235208e-01 0.000000000000000000e+00 1.000000000000000000e+00
1.000000000000000000e+00 3.937503937503937235e-01 0.000000000000000000e+00 1.000000000000000000e+00
1.000000000000000000e+00 4.169121816180639262e-01 0.000000000000000000e+00 1.000000000000000000e+00
1.000000000000000000e+00 4.400739694857341844e-01 0.000000000000000000e+00 1.000000000000000000e+00
1.000000000000000000e+00 4.632357573534043871e-01 0.000000000000000000e+00 1.000000000000000000e+00
1.000000000000000000e+00 4.863975452210745343e-01 0.000000000000000000e+00 1.000000000000000000e+00
1.000000000000000000e+00 5.095593330887447925e-01 0.000000000000000000e+00 1.000000000000000000e+00
1.000000000000000000e+00 5.327211209564149952e-01 0.000000000000000000e+00 1.000000000000000000e+00
1.000000000000000000e+00 5.558829088240851979e-01 0.000000000000000000e+00 1.000000000000000000e+00
1.000000000000000000e+00 5.790446966917554006e-01 0.000000000000000000e+00 1.000000000000000000e+00
1.000000000000000000e+00 6.022064845594256033e-01 0.000000000000000000e+00 1.000000000000000000e+00
1.000000000000000000e+00 6.253682724270958060e-01 0.000000000000000000e+00 1.000000000000000000e+00
1.000000000000000000e+00 6.485300602947661197e-01 0.000000000000000000e+00 1.000000000000000000e+00
1.000000000000000000e+00 6.716918481624363224e-01 0.000000000000000000e+00 1.000000000000000000e+00
1.000000000000000000e+00 6.948536360301065251e-01 0.000000000000000000e+00 1.000000000000000000e+00
1.000000000000000000e+00 7.180154238977768388e-01 0.000000000000000000e+00 1.000000000000000000e+00
1.000000000000000000e+00 7.411772117654470415e-01 0.000000000000000000e+00 1.000000000000000000e+00
1.000000000000000000e+00 7.643389996331170222e-01 0.000000000000000000e+00 1.000000000000000000e+00
1.000000000000000000e+00 7.875007875007874469e-01 0.000000000000000000e+00 1.000000000000000000e+00
1.000000000000000000e+00 8.106625753684576496e-01 0.000000000000000000e+00 1.000000000000000000e+00
1.000000000000000000e+00 8.338243632361278523e-01 0.000000000000000000e+00 1.000000000000000000e+00
1.000000000000000000e+00 8.569861511037979440e-01 0.000000000000000000e+00 1.000000000000000000e+00
1.000000000000000000e+00 8.801479389714683688e-01 0.000000000000000000e+00 1.000000000000000000e+00
1.000000000000000000e+00 9.033097268391385715e-01 0.000000000000000000e+00 1.000000000000000000e+00
1.000000000000000000e+00 9.264715147068087742e-01 0.000000000000000000e+00 1.000000000000000000e+00
9.959555658085070817e-01 9.455888683829858365e-01 0.000000000000000000e+00 1.000000000000000000e+00
9.882349698526169401e-01 9.610300602947661197e-01 0.000000000000000000e+00 1.000000000000000000e+00
9.805143738967269096e-01 9.764712522065462919e-01 0.000000000000000000e+00 1.000000000000000000e+00
9.727937779408367680e-01 9.919124441183263530e-01 0.000000000000000000e+00 1.000000000000000000e+00
9.577195459548403234e-01 1.000000000000000000e+00 0.000000000000000000e+00 1.000000000000000000e+00
9.345577580871700096e-01 1.000000000000000000e+00 0.000000000000000000e+00 1.000000000000000000e+00
9.113959702194996959e-01 1.000000000000000000e+00 0.000000000000000000e+00 1.000000000000000000e+00
8.882341823518294932e-01 1.000000000000000000e+00 0.000000000000000000e+00 1.000000000000000000e+00
8.650723944841594015e-01 1.000000000000000000e+00 0.000000000000000000e+00 1.000000000000000000e+00
8.419106066164890878e-01 1.000000000000000000e+00 0.000000000000000000e+00 1.000000000000000000e+00
8.187488187488187741e-01 1.000000000000000000e+00 0.000000000000000000e+00 1.000000000000000000e+00
7.955870308811485714e-01 1.000000000000000000e+00 0.000000000000000000e+00 1.000000000000000000e+00
7.724252430134785907e-01 1.000000000000000000e+00 0.000000000000000000e+00 1.000000000000000000e+00
7.492634551458081660e-01 1.000000000000000000e+00 0.000000000000000000e+00 1.000000000000000000e+00
7.261016672781379633e-01 1.000000000000000000e+00 0.000000000000000000e+00 1.000000000000000000e+00
7.029398794104677606e-01 1.000000000000000000e+00 0.000000000000000000e+00 1.000000000000000000e+00
6.797780915427976689e-01 1.000000000000000000e+00 0.000000000000000000e+00 1.000000000000000000e+00
6.566163036751272442e-01 1.000000000000000000e+00 0.000000000000000000e+00 1.000000000000000000e+00
6.334545158074570415e-01 1.000000000000000000e+00 0.000000000000000000e+00 1.000000000000000000e+00
6.102927279397868388e-01 1.000000000000000000e+00 0.000000000000000000e+00 1.000000000000000000e+00
5.871309400721167471e-01 1.000000000000000000e+00 0.000000000000000000e+00 1.000000000000000000e+00
5.639691522044463223e-01 1.000000000000000000e+00 0.000000000000000000e+00 1.000000000000000000e+00
5.408073643367761196e-01 1.000000000000000000e+00 0.000000000000000000e+00 1.000000000000000000e+00
5.176455764691059169e-01 1.000000000000000000e+00 0.000000000000000000e+00 1.000000000000000000e+00
4.944837886014357142e-01 1.000000000000000000e+00 0.000000000000000000e+00 1.000000000000000000e+00
4.713220007337657891e-01 1.000000000000000000e+00 0.000000000000000000e+00 1.000000000000000000e+00
4.481602128660953088e-01 1.000000000000000000e+00 0.000000000000000000e+00 1.000000000000000000e+00
4.249984249984249951e-01 1.000000000000000000e+00 0.000000000000000000e+00 1.000000000000000000e+00
4.018366371307547924e-01 1.000000000000000000e+00 0.000000000000000000e+00 1.000000000000000000e+00
3.786748492630845897e-01 1.000000000000000000e+00 0.000000000000000000e+00 1.000000000000000000e+00
3.555130613954143870e-01 1.000000000000000000e+00 0.000000000000000000e+00 1.000000000000000000e+00
3.323512735277441843e-01 1.000000000000000000e+00 0.000000000000000000e+00 1.000000000000000000e+00
3.091894856600739816e-01 1.000000000000000000e+00 0.000000000000000000e+00 1.000000000000000000e+00
2.860276977924041120e-01 1.000000000000000000e+00 0.000000000000000000e+00 1.000000000000000000e+00
2.628659099247335762e-01 1.000000000000000000e+00 0.000000000000000000e+00 1.000000000000000000e+00
2.397041220570632625e-01 1.000000000000000000e+00 0.000000000000000000e+00 1.000000000000000000e+00
2.165423341893930598e-01 1.000000000000000000e+00 0.000000000000000000e+00 1.000000000000000000e+00
1.933805463217228571e-01 1.000000000000000000e+00 0.000000000000000000e+00 1.000000000000000000e+00
1.702187584540526544e-01 1.000000000000000000e+00 0.000000000000000000e+00 1.000000000000000000e+00
1.470569705863824517e-01 1.000000000000000000e+00 0.000000000000000000e+00 1.000000000000000000e+00
1.238951827187121379e-01 1.000000000000000000e+00 0.000000000000000000e+00 1.000000000000000000e+00
1.007333948510422683e-01 1.000000000000000000e+00 0.000000000000000000e+00 1.000000000000000000e+00
7.757160698337173255e-02 1.000000000000000000e+00 0.000000000000000000e+00 1.000000000000000000e+00
5.440981911570141882e-02 1.000000000000000000e+00 0.000000000000000000e+00 1.000000000000000000e+00
3.124934374934375952e-02 1.000000000000000000e+00 1.312501312479050734e-06 1.000000000000000000e+00
2.352874779345370121e-02 1.000000000000000000e+00 1.544250441309259758e-02 1.000000000000000000e+00
1.580815183756364289e-02 1.000000000000000000e+00 3.088369632487271421e-02 1.000000000000000000e+00
8.087555881673584579e-03 1.000000000000000000e+00 4.632488823665283084e-02 1.000000000000000000e+00
3.669599257835227946e-04 1.000000000000000000e+00 6.176608014843295441e-02 1.000000000000000000e+00
0.000000000000000000e+00 1.000000000000000000e+00 8.456076910733496821e-02 1.000000000000000000e+00
0.000000000000000000e+00 1.000000000000000000e+00 1.077224110565153242e-01 1.000000000000000000e+00
0.000000000000000000e+00 1.000000000000000000e+00 1.308840530056953610e-01 1.000000000000000000e+00
0.000000000000000000e+00 1.000000000000000000e+00 1.540456949548753840e-01 1.000000000000000000e+00
0.000000000000000000e+00 1.000000000000000000e+00 1.772073369040554069e-01 1.000000000000000000e+00
0.000000000000000000e+00 1.000000000000000000e+00 2.003689788532354576e-01 1.000000000000000000e+00
0.000000000000000000e+00 1.000000000000000000e+00 2.235306208024154806e-01 1.000000000000000000e+00
0.000000000000000000e+00 1.000000000000000000e+00 2.466922627515955035e-01 1.000000000000000000e+00
0.000000000000000000e+00 1.000000000000000000e+00 2.698539047007751934e-01 1.000000000000000000e+00
0.000000000000000000e+00 1.000000000000000000e+00 2.930155466499555494e-01 1.000000000000000000e+00
0.000000000000000000e+00 1.000000000000000000e+00 3.161771885991355724e-01 1.000000000000000000e+00
0.000000000000000000e+00 1.000000000000000000e+00 3.393388305483156508e-01 1.000000000000000000e+00
0.000000000000000000e+00 1.000000000000000000e+00 3.625004724974956738e-01 1.000000000000000000e+00
0.000000000000000000e+00 1.000000000000000000e+00 3.856621144466756967e-01 1.000000000000000000e+00
0.000000000000000000e+00 1.000000000000000000e+00 4.088237563958557197e-01 1.000000000000000000e+00
0.000000000000000000e+00 1.000000000000000000e+00 4.319853983450357426e-01 1.000000000000000000e+00
0.000000000000000000e+00 1.000000000000000000e+00 4.551470402942154325e-01 1.000000000000000000e+00
0.000000000000000000e+00 1.000000000000000000e+00 4.783086822433958440e-01 1.000000000000000000e+00
0.000000000000000000e+00 1.000000000000000000e+00 5.014703241925757560e-01 1.000000000000000000e+00
0.000000000000000000e+00 1.000000000000000000e+00 5.246319661417558899e-01 1.000000000000000000e+00
0.000000000000000000e+00 1.000000000000000000e+00 5.477936080909360239e-01 1.000000000000000000e+00
0.000000000000000000e+00 1.000000000000000000e+00 5.709552500401159358e-01 1.000000000000000000e+00
0.000000000000000000e+00 1.000000000000000000e+00 5.941168919892959588e-01 1.000000000000000000e+00
0.000000000000000000e+00 1.000000000000000000e+00 6.172785339384759817e-01 1.000000000000000000e+00
0.000000000000000000e+00 1.000000000000000000e+00 6.404401758876556716e-01 1.000000000000000000e+00
0.000000000000000000e+00 1.000000000000000000e+00 6.636018178368361387e-01 1.000000000000000000e+00
0.000000000000000000e+00 1.000000000000000000e+00 6.867634597860161616e-01 1.000000000000000000e+00
0.000000000000000000e+00 1.000000000000000000e+00 7.099251017351960735e-01 1.000000000000000000e+00
0.000000000000000000e+00 1.000000000000000000e+00 7.330867436843760965e-01 1.000000000000000000e+00
0.000000000000000000e+00 1.000000000000000000e+00 7.562483856335561194e-01 1.000000000000000000e+00
0.000000000000000000e+00 1.000000000000000000e+00 7.794100275827362534e-01 1.000000000000000000e+00
0.000000000000000000e+00 1.000000000000000000e+00 8.025716695319162763e-01 1.000000000000000000e+00
0.000000000000000000e+00 1.000000000000000000e+00 8.257333114810959662e-01 1.000000000000000000e+00
0.000000000000000000e+00 1.000000000000000000e+00 8.488949534302763222e-01 1.000000000000000000e+00
0.000000000000000000e+00 1.000000000000000000e+00 8.720565953794563452e-01 1.000000000000000000e+00
0.000000000000000000e+00 1.000000000000000000e+00 8.952182373286363681e-01 1.000000000000000000e+00
0.000000000000000000e+00 1.000000000000000000e+00 9.183798792778163911e-01 1.000000000000000000e+00
0.000000000000000000e+00 1.000000000000000000e+00 9.647031631761764370e-01 1.000000000000000000e+00
0.000000000000000000e+00 1.000000000000000000e+00 9.878648051253565709e-01 1.000000000000000000e+00
0.000000000000000000e+00 9.889734834587774470e-01 1.000000000000000000e+00 1.000000000000000000e+00
0.000000000000000000e+00 9.658116955911072443e-01 1.000000000000000000e+00 1.000000000000000000e+00
0.000000000000000000e+00 9.426499077234377078e-01 1.000000000000000000e+00 1.000000000000000000e+00
0.000000000000000000e+00 9.194881198557668389e-01 1.000000000000000000e+00 1.000000000000000000e+00
0.000000000000000000e+00 8.963263319880966362e-01 1.000000000000000000e+00 1.000000000000000000e+00
0.000000000000000000e+00 8.731645441204264335e-01 1.000000000000000000e+00 1.000000000000000000e+00
0.000000000000000000e+00 8.500027562527561198e-01 1.000000000000000000e+00 1.000000000000000000e+00
0.000000000000000000e+00 8.268409683850860281e-01 1.000000000000000000e+00 1.000000000000000000e+00
0.000000000000000000e+00 8.036791805174157144e-01 1.000000000000000000e+00 1.000000000000000000e+00
0.000000000000000000e+00 7.805173926497455117e-01 1.000000000000000000e+00 1.000000000000000000e+00
0.000000000000000000e+00 7.573556047820753090e-01 1.000000000000000000e+00 1.000000000000000000e+00
0.000000000000000000e+00 7.341938169144051063e-01 1.000000000000000000e+00 1.000000000000000000e+00
0.000000000000000000e+00 7.110320290467349036e-01 1.000000000000000000e+00 1.000000000000000000e+00
0.000000000000000000e+00 6.878702411790647009e-01 1.000000000000000000e+00 1.000000000000000000e+00
0.000000000000000000e+00 6.647084533113944982e-01 1.000000000000000000e+00 1.000000000000000000e+00
0.000000000000000000e+00 6.415466654437242955e-01 1.000000000000000000e+00 1.000000000000000000e+00
0.000000000000000000e+00 6.183848775760540928e-01 1.000000000000000000e+00 1.000000000000000000e+00
0.000000000000000000e+00 5.952230897083838901e-01 1.000000000000000000e+00 1.000000000000000000e+00
0.000000000000000000e+00 5.720613018407143535e-01 1.000000000000000000e+00 1.000000000000000000e+00
0.000000000000000000e+00 5.488995139730434847e-01 1.000000000000000000e+00 1.000000000000000000e+00
0.000000000000000000e+00 5.257377261053732820e-01 1.000000000000000000e+00 1.000000000000000000e+00
0.000000000000000000e+00 5.025759382377030793e-01 1.000000000000000000e+00 1.000000000000000000e+00
0.000000000000000000e+00 4.794141503700328766e-01 1.000000000000000000e+00 1.000000000000000000e+00
0.000000000000000000e+00 4.562523625023626739e-01 1.000000000000000000e+00 1.000000000000000000e+00
0.000000000000000000e+00 4.330905746346924712e-01 1.000000000000000000e+00 1.000000000000000000e+00
0.000000000000000000e+00 4.099287867670221575e-01 1.000000000000000000e+00 1.000000000000000000e+00
0.000000000000000000e+00 3.867669988993519548e-01 1.000000000000000000e+00 1.000000000000000000e+00
0.000000000000000000e+00 3.636052110316817521e-01 1.000000000000000000e+00 1.000000000000000000e+00
0.000000000000000000e+00 3.404434231640115494e-01 1.000000000000000000e+00 1.000000000000000000e+00
0.000000000000000000e+00 3.172816352963413467e-01 1.000000000000000000e+00 1.000000000000000000e+00
0.000000000000000000e+00 2.941198474286711440e-01 1.000000000000000000e+00 1.000000000000000000e+00
0.000000000000000000e+00 2.709580595610009413e-01 1.000000000000000000e+00 1.000000000000000000e+00
0.000000000000000000e+00 2.477962716933306275e-01 1.000000000000000000e+00 1.000000000000000000e+00
0.000000000000000000e+00 2.246344838256605358e-01 1.000000000000000000e+00 1.000000000000000000e+00
0.000000000000000000e+00 2.014726959579909993e-01 1.000000000000000000e+00 1.000000000000000000e+00
0.000000000000000000e+00 1.783109080903201304e-01 1.000000000000000000e+00 1.000000000000000000e+00
0.000000000000000000e+00 1.551491202226499277e-01 1.000000000000000000e+00 1.000000000000000000e+00
0.000000000000000000e+00 1.319873323549797250e-01 1.000000000000000000e+00 1.000000000000000000e+00
0.000000000000000000e+00 1.088255444873095223e-01 1.000000000000000000e+00 1.000000000000000000e+00
0.000000000000000000e+00 8.566375661963931964e-02 1.000000000000000000e+00 1.000000000000000000e+00
0.000000000000000000e+00 6.250196875196900592e-02 1.000000000000000000e+00 1.000000000000000000e+00
7.719939705233710286e-03 4.706012058953257943e-02 1.000000000000000000e+00 1.000000000000000000e+00
1.544053566112376860e-02 3.161892867775246280e-02 1.000000000000000000e+00 1.000000000000000000e+00
2.316113161701382692e-02 1.617773676597234617e-02 1.000000000000000000e+00 1.000000000000000000e+00
3.088172757290388870e-02 7.365448541922225978e-04 1.000000000000000000e+00 1.000000000000000000e+00
5.330697058638190350e-02 0.000000000000000000e+00 1.000000000000000000e+00 1.000000000000000000e+00
7.646875845405214089e-02 0.000000000000000000e+00 1.000000000000000000e+00 1.000000000000000000e+00
9.963054632172238523e-02 0.000000000000000000e+00 1.000000000000000000e+00 1.000000000000000000e+00
1.227923341893926296e-01 0.000000000000000000e+00 1.000000000000000000e+00 1.000000000000000000e+00
1.459541220570628739e-01 0.000000000000000000e+00 1.000000000000000000e+00 1.000000000000000000e+00
1.691159099247324660e-01 0.000000000000000000e+00 1.000000000000000000e+00 1.000000000000000000e+00
1.922776977924033348e-01 0.000000000000000000e+00 1.000000000000000000e+00 1.000000000000000000e+00
2.154394856600735930e-01 0.000000000000000000e+00 1.000000000000000000e+00 1.000000000000000000e+00
2.386012735277438235e-01 0.000000000000000000e+00 1.000000000000000000e+00 1.000000000000000000e+00
2.617630613954140539e-01 0.000000000000000000e+00 1.000000000000000000e+00 1.000000000000000000e+00
2.849248492630843121e-01 0.000000000000000000e+00 1.000000000000000000e+00 1.000000000000000000e+00
3.080866371307545704e-01 0.000000000000000000e+00 1.000000000000000000e+00 1.000000000000000000e+00
3.312484249984248286e-01 0.000000000000000000e+00 1.000000000000000000e+00 1.000000000000000000e+00
3.544102128660950868e-01 0.000000000000000000e+00 1.000000000000000000e+00 1.000000000000000000e+00
3.775720007337652895e-01 0.000000000000000000e+00 1.000000000000000000e+00 1.000000000000000000e+00
4.007337886014355477e-01 0.000000000000000000e+00 1.000000000000000000e+00 1.000000000000000000e+00
4.238955764691057504e-01 0.000000000000000000e+00 1.000000000000000000e+00 1.000000000000000000e+00
4.470573643367760641e-01 0.000000000000000000e+00 1.000000000000000000e+00 1.000000000000000000e+00
4.702191522044462668e-01 0.000000000000000000e+00 1.000000000000000000e+00 1.000000000000000000e+00
4.933809400721165250e-01 0.000000000000000000e+00 1.000000000000000000e+00 1.000000000000000000e+00
5.165427279397867277e-01 0.000000000000000000e+00 1.000000000000000000e+00 1.000000000000000000e+00
5.397045158074563753e-01 0.000000000000000000e+00 1.000000000000000000e+00 1.000000000000000000e+00
5.628663036751272442e-01 0.000000000000000000e+00 1.000000000000000000e+00 1.000000000000000000e+00
5.860280915427974469e-01 0.000000000000000000e+00 1.000000000000000000e+00 1.000000000000000000e+00
6.091898794104677606e-01 0.000000000000000000e+00 1.000000000000000000e+00 1.000000000000000000e+00
6.323516672781379633e-01 0.000000000000000000e+00 1.000000000000000000e+00 1.000000000000000000e+00
6.555134551458081660e-01 0.000000000000000000e+00 1.000000000000000000e+00 1.000000000000000000e+00
6.786752430134783687e-01 0.000000000000000000e+00 1.000000000000000000e+00 1.000000000000000000e+00
7.018370308811487934e-01 0.000000000000000000e+00 1.000000000000000000e+00 1.000000000000000000e+00
7.249988187488189961e-01 0.000000000000000000e+00 1.000000000000000000e+00 1.000000000000000000e+00
7.481606066164891988e-01 0.000000000000000000e+00 1.000000000000000000e+00 1.000000000000000000e+00
7.713223944841594015e-01 0.000000000000000000e+00 1.000000000000000000e+00 1.000000000000000000e+00
7.944841823518297153e-01 0.000000000000000000e+00 1.000000000000000000e+00 1.000000000000000000e+00
8.176459702194999180e-01 0.000000000000000000e+00 1.000000000000000000e+00 1.000000000000000000e+00
8.408077580871701207e-01 0.000000000000000000e+00 1.000000000000000000e+00 1.000000000000000000e+00
8.639695459548403234e-01 0.000000000000000000e+00 1.000000000000000000e+00 1.000000000000000000e+00
8.871313338225106371e-01 0.000000000000000000e+00 1.000000000000000000e+00 1.000000000000000000e+00
9.102931216901802847e-01 0.000000000000000000e+00 1.000000000000000000e+00 1.000000000000000000e+00
9.334549095578511535e-01 0.000000000000000000e+00 1.000000000000000000e+00 1.000000000000000000e+00
9.566166974255213562e-01 0.000000000000000000e+00 1.000000000000000000e+00 1.000000000000000000e+00
9.724261617643972233e-01 0.000000000000000000e+00 9.926476764712056644e-01 1.000000000000000000e+00
9.801467577202872539e-01 0.000000000000000000e+00 9.772064845594254923e-01 1.000000000000000000e+00
9.878673536761772844e-01 0.000000000000000000e+00 9.617652926476454311e-01 1.000000000000000000e+00
9.955879496320674260e-01 0.000000000000000000e+00 9.463241007358652590e-01 1.000000000000000000e+00
1.000000000000000000e+00 0.000000000000000000e+00 9.275743632361277413e-01 1.000000000000000000e+00
1.000000000000000000e+00 0.000000000000000000e+00 9.044125753684575386e-01 1.000000000000000000e+00
1.000000000000000000e+00 0.000000000000000000e+00 8.812507875007872249e-01 1.000000000000000000e+00
1.000000000000000000e+00 0.000000000000000000e+00 8.580889996331170222e-01 1.000000000000000000e+00
1.000000000000000000e+00 0.000000000000000000e+00 8.349272117654468195e-01 1.000000000000000000e+00
1.000000000000000000e+00 0.000000000000000000e+00 8.117654238977766168e-01 1.000000000000000000e+00
1.000000000000000000e+00 0.000000000000000000e+00 7.886036360301064141e-01 1.000000000000000000e+00
1.000000000000000000e+00 0.000000000000000000e+00 7.654418481624362114e-01 1.000000000000000000e+00
1.000000000000000000e+00 0.000000000000000000e+00 7.422800602947660087e-01 1.000000000000000000e+00
1.000000000000000000e+00 0.000000000000000000e+00 7.191182724270963611e-01 1.000000000000000000e+00
1.000000000000000000e+00 0.000000000000000000e+00 6.959564845594254923e-01 1.000000000000000000e+00
1.000000000000000000e+00 0.000000000000000000e+00 6.727946966917552896e-01 1.000000000000000000e+00
1.000000000000000000e+00 0.000000000000000000e+00 6.496329088240850869e-01 1.000000000000000000e+00
1.000000000000000000e+00 0.000000000000000000e+00 6.264711209564148842e-01 1.000000000000000000e+00
1.000000000000000000e+00 0.000000000000000000e+00 6.033093330887446815e-01 1.000000000000000000e+00
1.000000000000000000e+00 0.000000000000000000e+00 5.801475452210744788e-01 1.000000000000000000e+00
1.000000000000000000e+00 0.000000000000000000e+00 5.569857573534042761e-01 1.000000000000000000e+00
1.000000000000000000e+00 0.000000000000000000e+00 5.338239694857340734e-01 1.000000000000000000e+00
1.000000000000000000e+00 0.000000000000000000e+00 5.106621816180638707e-01 1.000000000000000000e+00
1.000000000000000000e+00 0.000000000000000000e+00 4.875003937503936124e-01 1.000000000000000000e+00
1.000000000000000000e+00 0.000000000000000000e+00 4.643386058827234097e-01 1.000000000000000000e+00
1.000000000000000000e+00 0.000000000000000000e+00 4.411768180150532070e-01 1.000000000000000000e+00
1.000000000000000000e+00 0.000000000000000000e+00 4.180150301473830599e-01 1.000000000000000000e+00
1.000000000000000000e+00 0.000000000000000000e+00 3.948532422797127461e-01 1.000000000000000000e+00
1.000000000000000000e+00 0.000000000000000000e+00 3.716914544120425434e-01 1.000000000000000000e+00
1.000000000000000000e+00 0.000000000000000000e+00 3.485296665443730069e-01 1.000000000000000000e+00
1.000000000000000000e+00 0.000000000000000000e+00 3.253678786767021380e-01 1.000000000000000000e+00
1.000000000000000000e+00 0.000000000000000000e+00 3.022060908090319353e-01 1.000000000000000000e+00
1.000000000000000000e+00 0.000000000000000000e+00 2.790443029413617326e-01 1.000000000000000000e+00
1.000000000000000000e+00 0.000000000000000000e+00 2.558825150736914189e-01 1.000000000000000000e+00
1.000000000000000000e+00 0.000000000000000000e+00 2.327207272060212162e-01 1.000000000000000000e+00
1.000000000000000000e+00 0.000000000000000000e+00 2.095589393383511245e-01 1.000000000000000000e+00
1.000000000000000000e+00 0.000000000000000000e+00 1.863971514706809218e-01 1.000000000000000000e+00
1.000000000000000000e+00 0.000000000000000000e+00 1.632353636030107191e-01 1.000000000000000000e+00
1.000000000000000000e+00 0.000000000000000000e+00 1.400735757353404054e-01 1.000000000000000000e+00
1.000000000000000000e+00 0.000000000000000000e+00 1.169117878676702027e-01 1.000000000000000000e+00
1.000000000000000000e+00 0.000000000000000000e+00 9.375000000000000000e-02 1.000000000000000000e+00
