1.000000000000000000e+00 0.000000000000000000e+00 9.375000000000000000e-02 1.000000000000000000e+00
1.000000000000000000e+00 0.000000000000000000e+00 1.169117878676702166e-01 1.000000000000000000e+00
1.000000000000000000e+00 0.000000000000000000e+00 1.400735757353404332e-01 1.000000000000000000e+00
1.000000000000000000e+00 0.000000000000000000e+00 1.632353636030106636e-01 1.000000000000000000e+00
1.000000000000000000e+00 0.000000000000000000e+00 1.863971514706808663e-01 1.000000000000000000e+00
1.000000000000000000e+00 0.000000000000000000e+00 2.095589393383510968e-01 1.000000000000000000e+00
1.000000000000000000e+00 0.000000000000000000e+00 2.327207272060213272e-01 1.000000000000000000e+00
1.000000000000000000e+00 0.000000000000000000e+00 2.558825150736915299e-01 1.000000000000000000e+00
1.000000000000000000e+00 0.000000000000000000e+00 2.790443029413617326e-01 1.000000000000000000e+00
1.000000000000000000e+00 0.000000000000000000e+00 3.022060908090319353e-01 1.000000000000000000e+00
1.000000000000000000e+00 0.000000000000000000e+00 3.253678786767021935e-01 1.000000000000000000e+00
1.000000000000000000e+00 0.000000000000000000e+00 3.485296665443723962e-01 1.000000000000000000e+00
1.000000000000000000e+00 0.000000000000000000e+00 3.716914544120426545e-01 1.000000000000000000e+00
1.000000000000000000e+00 0.000000000000000000e+00 3.948532422797128016e-01 1.000000000000000000e+00
1.000000000000000000e+00 0.000000000000000000e+00 4.180150301473830599e-01 1.000000000000000000e+00
1.000000000000000000e+00 0.000000000000000000e+00 4.411768180150532626e-01 1.000000000000000000e+00
1.000000000000000000e+00 0.000000000000000000e+00 4.643386058827235208e-01 1.000000000000000000e+00
1.000000000000000000e+00 0.000000000000000000e+00 4.875003937503937235e-01 1.000000000000000000e+00
1.000000000000000000e+00 0.000000000000000000e+00 5.106621816180638707e-01 1.000000000000000000e+00
1.000000000000000000e+00 0.000000000000000000e+00 5.338239694857341844e-01 1.000000000000000000e+00
1.000000000000000000e+00 0.000000000000000000e+00 5.569857573534043871e-01 1.000000000000000000e+00
1.000000000000000000e+00 0.000000000000000000e+00 5.801475452210745898e-01 1.000000000000000000e+00
1.000000000000000000e+00 0.000000000000000000e+00 6.033093330887447925e-01 1.000000000000000000e+00
1.000000000000000000e+00 0.000000000000000000e+00 6.264711209564151062e-01 1.000000000000000000e+00
1.000000000000000000e+00 0.000000000000000000e+00 6.496329088240853089e-01 1.000000000000000000e+00
1.000000000000000000e+00 0.000000000000000000e+00 6.727946966917555116e-01 1.000000000000000000e+00
1.000000000000000000e+00 0.000000000000000000e+00 6.959564845594256033e-01 1.000000000000000000e+00
1.000000000000000000e+00 0.000000000000000000e+00 7.191182724270958060e-01 1.000000000000000000e+00
1.000000000000000000e+00 0.000000000000000000e+00 7.422800602947661197e-01 1.000000000000000000e+00
1.000000000000000000e+00 0.000000000000000000e+00 7.654418481624363224e-01 1.000000000000000000e+00
1.000000000000000000e+00 0.000000000000000000e+00 7.886036360301065251e-01 1.000000000000000000e+00
1.000000000000000000e+00 0.000000000000000000e+00 8.117654238977767278e-01 1.000000000000000000e+00
1.000000000000000000e+00 0.000000000000000000e+00 8.349272117654470415e-01 1.000000000000000000e+00
1.000000000000000000e+00 0.000000000000000000e+00 8.580889996331170222e-01 1.000000000000000000e+00
1.000000000000000000e+00 0.000000000000000000e+00 8.812507875007874469e-01 1.000000000000000000e+00
1.000000000000000000e+00 0.000000000000000000e+00 9.044125753684576496e-01 1.000000000000000000e+00
1.000000000000000000e+00 0.000000000000000000e+00 9.275743632361278523e-01 1.000000000000000000e+00
9.955879496320674260e-01 0.000000000000000000e+00 9.463241007358652590e-01 1.000000000000000000e+00
9.878673536761772844e-01 0.000000000000000000e+00 9.617652926476454311e-01 1.000000000000000000e+00
9.801467577202871428e-01 0.000000000000000000e+00 9.772064845594256033e-01 1.000000000000000000e+00
9.724261617643971123e-01 0.000000000000000000e+00 9.926476764712057754e-01 1.000000000000000000e+00
9.566166974255213562e-01 0.000000000000000000e+00 1.000000000000000000e+00 1.000000000000000000e+00
9.334549095578509315e-01 0.000000000000000000e+00 1.000000000000000000e+00 1.000000000000000000e+00
9.102931216901807288e-01 0.000000000000000000e+00 1.000000000000000000e+00 1.000000000000000000e+00
8.871313338225105261e-01 0.000000000000000000e+00 1.000000000000000000e+00 1.000000000000000000e+00
8.639695459548404344e-01 0.000000000000000000e+00 1.000000000000000000e+00 1.000000000000000000e+00
8.408077580871700096e-01 0.000000000000000000e+00 1.000000000000000000e+00 1.000000000000000000e+00
8.176459702194998069e-01 0.000000000000000000e+00 1.000000000000000000e+00 1.000000000000000000e+00
7.944841823518296042e-01 0.000000000000000000e+00 1.000000000000000000e+00 1.000000000000000000e+00
7.713223944841595126e-01 0.000000000000000000e+00 1.000000000000000000e+00 1.000000000000000000e+00
7.481606066164891988e-01 0.000000000000000000e+00 1.000000000000000000e+00 1.000000000000000000e+00
7.249988187488188851e-01 0.000000000000000000e+00 1.000000000000000000e+00 1.000000000000000000e+00
7.018370308811486824e-01 0.000000000000000000e+00 1.000000000000000000e+00 1.000000000000000000e+00
6.786752430134785907e-01 0.000000000000000000e+00 1.000000000000000000e+00 1.000000000000000000e+00
6.555134551458081660e-01 0.000000000000000000e+00 1.000000000000000000e+00 1.000000000000000000e+00
6.323516672781379633e-01 0.000000000000000000e+00 1.000000000000000000e+00 1.000000000000000000e+00
6.091898794104677606e-01 0.000000000000000000e+00 1.000000000000000000e+00 1.000000000000000000e+00
5.860280915427977799e-01 0.000000000000000000e+00 1.000000000000000000e+00 1.000000000000000000e+00
5.628663036751273552e-01 0.000000000000000000e+00 1.000000000000000000e+00 1.000000000000000000e+00
5.397045158074570415e-01 0.000000000000000000e+00 1.000000000000000000e+00 1.000000000000000000e+00
5.165427279397868388e-01 0.000000000000000000e+00 1.000000000000000000e+00 1.000000000000000000e+00
4.933809400721168026e-01 0.000000000000000000e+00 1.000000000000000000e+00 1.000000000000000000e+00
4.702191522044463778e-01 0.000000000000000000e+00 1.000000000000000000e+00 1.000000000000000000e+00
4.470573643367761196e-01 0.000000000000000000e+00 1.000000000000000000e+00 1.000000000000000000e+00
4.238955764691059169e-01 0.000000000000000000e+00 1.000000000000000000e+00 1.000000000000000000e+00
4.007337886014357142e-01 0.000000000000000000e+00 1.000000000000000000e+00 1.000000000000000000e+00
3.775720007337658446e-01 0.000000000000000000e+00 1.000000000000000000e+00 1.000000000000000000e+00
3.544102128660951978e-01 0.000000000000000000e+00 1.000000000000000000e+00 1.000000000000000000e+00
3.312484249984249951e-01 0.000000000000000000e+00 1.000000000000000000e+00 1.000000000000000000e+00
3.080866371307547924e-01 0.000000000000000000e+00 1.000000000000000000e+00 1.000000000000000000e+00
2.849248492630844787e-01 0.000000000000000000e+00 1.000000000000000000e+00 1.000000000000000000e+00
2.617630613954142760e-01 0.000000000000000000e+00 1.000000000000000000e+00 1.000000000000000000e+00
2.386012735277440733e-01 0.000000000000000000e+00 1.000000000000000000e+00 1.000000000000000000e+00
2.154394856600738706e-01 0.000000000000000000e+00 1.000000000000000000e+00 1.000000000000000000e+00
1.922776977924040009e-01 0.000000000000000000e+00 1.000000000000000000e+00 1.000000000000000000e+00
1.691159099247333542e-01 0.000000000000000000e+00 1.000000000000000000e+00 1.000000000000000000e+00
1.459541220570631515e-01 0.000000000000000000e+00 1.000000000000000000e+00 1.000000000000000000e+00
1.227923341893929488e-01 0.000000000000000000e+00 1.000000000000000000e+00 1.000000000000000000e+00
9.963054632172263503e-02 0.000000000000000000e+00 1.000000000000000000e+00 1.000000000000000000e+00
7.646875845405243233e-02 0.000000000000000000e+00 1.000000000000000000e+00 1.000000000000000000e+00
5.330697058638222963e-02 0.000000000000000000e+00 1.000000000000000000e+00 1.000000000000000000e+00
3.088172757290399625e-02 7.365448541920054321e-04 1.000000000000000000e+00 1.000000000000000000e+00
2.316113161701404549e-02 1.617773676597190555e-02 1.000000000000000000e+00 1.000000000000000000e+00
1.544053566112387962e-02 3.161892867775224075e-02 1.000000000000000000e+00 1.000000000000000000e+00
7.719939705233821309e-03 4.706012058953235738e-02 1.000000000000000000e+00 1.000000000000000000e+00
0.000000000000000000e+00 6.250196875196871449e-02 1.000000000000000000e+00 1.000000000000000000e+00
0.000000000000000000e+00 8.566375661963893107e-02 1.000000000000000000e+00 1.000000000000000000e+00
0.000000000000000000e+00 1.088255444873091615e-01 1.000000000000000000e+00 1.000000000000000000e+00
0.000000000000000000e+00 1.319873323549793920e-01 1.000000000000000000e+00 1.000000000000000000e+00
0.000000000000000000e+00 1.551491202226495947e-01 1.000000000000000000e+00 1.000000000000000000e+00
0.000000000000000000e+00 1.783109080903194921e-01 1.000000000000000000e+00 1.000000000000000000e+00
0.000000000000000000e+00 2.014726959579900278e-01 1.000000000000000000e+00 1.000000000000000000e+00
0.000000000000000000e+00 2.246344838256602583e-01 1.000000000000000000e+00 1.000000000000000000e+00
0.000000000000000000e+00 2.477962716933304610e-01 1.000000000000000000e+00 1.000000000000000000e+00
0.000000000000000000e+00 2.709580595610007192e-01 1.000000000000000000e+00 1.000000000000000000e+00
0.000000000000000000e+00 2.941198474286709219e-01 1.000000000000000000e+00 1.000000000000000000e+00
0.000000000000000000e+00 3.172816352963411246e-01 1.000000000000000000e+00 1.000000000000000000e+00
0.000000000000000000e+00 3.404434231640113273e-01 1.000000000000000000e+00 1.000000000000000000e+00
0.000000000000000000e+00 3.636052110316812525e-01 1.000000000000000000e+00 1.000000000000000000e+00
0.000000000000000000e+00 3.867669988993517882e-01 1.000000000000000000e+00 1.000000000000000000e+00
0.000000000000000000e+00 4.099287867670219909e-01 1.000000000000000000e+00 1.000000000000000000e+00
0.000000000000000000e+00 4.330905746346921936e-01 1.000000000000000000e+00 1.000000000000000000e+00
0.000000000000000000e+00 4.562523625023624518e-01 1.000000000000000000e+00 1.000000000000000000e+00
0.000000000000000000e+00 4.794141503700326545e-01 1.000000000000000000e+00 1.000000000000000000e+00
0.000000000000000000e+00 5.025759382377028572e-01 1.000000000000000000e+00 1.000000000000000000e+00
0.000000000000000000e+00 5.257377261053730599e-01 1.000000000000000000e+00 1.000000000000000000e+00
0.000000000000000000e+00 5.488995139730430406e-01 1.000000000000000000e+00 1.000000000000000000e+00
0.000000000000000000e+00 5.720613018407134653e-01 1.000000000000000000e+00 1.000000000000000000e+00
0.000000000000000000e+00 5.952230897083836680e-01 1.000000000000000000e+00 1.000000000000000000e+00
0.000000000000000000e+00 6.183848775760539818e-01 1.000000000000000000e+00 1.000000000000000000e+00
0.000000000000000000e+00 6.415466654437241845e-01 1.000000000000000000e+00 1.000000000000000000e+00
0.000000000000000000e+00 6.647084533113943872e-01 1.000000000000000000e+00 1.000000000000000000e+00
0.000000000000000000e+00 6.878702411790645899e-01 1.000000000000000000e+00 1.000000000000000000e+00
0.000000000000000000e+00 7.110320290467347926e-01 1.000000000000000000e+00 1.000000000000000000e+00
0.000000000000000000e+00 7.341938169144046622e-01 1.000000000000000000e+00 1.000000000000000000e+00
0.000000000000000000e+00 7.573556047820751980e-01 1.000000000000000000e+00 1.000000000000000000e+00
0.000000000000000000e+00 7.805173926497455117e-01 1.000000000000000000e+00 1.000000000000000000e+00
0.000000000000000000e+00 8.036791805174157144e-01 1.000000000000000000e+00 1.000000000000000000e+00
0.000000000000000000e+00 8.268409683850859171e-01 1.000000000000000000e+00 1.000000000000000000e+00
0.000000000000000000e+00 8.500027562527561198e-01 1.000000000000000000e+00 1.000000000000000000e+00
0.000000000000000000e+00 8.731645441204263225e-01 1.000000000000000000e+00 1.000000000000000000e+00
0.000000000000000000e+00 8.963263319880965252e-01 1.000000000000000000e+00 1.000000000000000000e+00
0.000000000000000000e+00 9.194881198557663948e-01 1.000000000000000000e+00 1.000000000000000000e+00
0.000000000000000000e+00 9.426499077234369306e-01 1.000000000000000000e+00 1.000000000000000000e+00
0.000000000000000000e+00 9.658116955911071333e-01 1.000000000000000000e+00 1.000000000000000000e+00
0.000000000000000000e+00 9.889734834587774470e-01 1.000000000000000000e+00 1.000000000000000000e+00
0.000000000000000000e+00 1.000000000000000000e+00 9.878648051253564599e-01 1.000000000000000000e+00
0.000000000000000000e+00 1.000000000000000000e+00 9.415415212269964140e-01 1.000000000000000000e+00
0.000000000000000000e+00 1.000000000000000000e+00 9.183798792778163911e-01 1.000000000000000000e+00
0.000000000000000000e+00 1.000000000000000000e+00 8.952182373286363681e-01 1.000000000000000000e+00
0.000000000000000000e+00 1.000000000000000000e+00 8.720565953794563452e-01 1.000000000000000000e+00
0.000000000000000000e+00 1.000000000000000000e+00 8.488949534302769884e-01 1.000000000000000000e+00
0.000000000000000000e+00 1.000000000000000000e+00 8.257333114810962993e-01 1.000000000000000000e+00
0.000000000000000000e+00 1.000000000000000000e+00 8.025716695319162763e-01 1.000000000000000000e+00
0.000000000000000000e+00 1.000000000000000000e+00 7.794100275827362534e-01 1.000000000000000000e+00
0.000000000000000000e+00 1.000000000000000000e+00 7.562483856335562304e-01 1.000000000000000000e+00
0.000000000000000000e+00 1.000000000000000000e+00 7.330867436843762075e-01 1.000000000000000000e+00
0.000000000000000000e+00 1.000000000000000000e+00 7.099251017351961845e-01 1.000000000000000000e+00
0.000000000000000000e+00 1.000000000000000000e+00 6.867634597860161616e-01 1.000000000000000000e+00
0.000000000000000000e+00 1.000000000000000000e+00 6.636018178368361387e-01 1.000000000000000000e+00
0.000000000000000000e+00 1.000000000000000000e+00 6.404401758876561157e-01 1.000000000000000000e+00
0.000000000000000000e+00 1.000000000000000000e+00 6.172785339384760928e-01 1.000000000000000000e+00
0.000000000000000000e+00 1.000000000000000000e+00 5.941168919892960698e-01 1.000000000000000000e+00
0.000000000000000000e+00 1.000000000000000000e+00 5.709552500401160469e-01 1.000000000000000000e+00
0.000000000000000000e+00 1.000000000000000000e+00 5.477936080909360239e-01 1.000000000000000000e+00
0.000000000000000000e+00 1.000000000000000000e+00 5.246319661417560010e-01 1.000000000000000000e+00
0.000000000000000000e+00 1.000000000000000000e+00 5.014703241925759780e-01 1.000000000000000000e+00
0.000000000000000000e+00 1.000000000000000000e+00 4.783086822433966212e-01 1.000000000000000000e+00
0.000000000000000000e+00 1.000000000000000000e+00 4.551470402942160431e-01 1.000000000000000000e+00
0.000000000000000000e+00 1.000000000000000000e+00 4.319853983450359092e-01 1.000000000000000000e+00
0.000000000000000000e+00 1.000000000000000000e+00 4.088237563958558862e-01 1.000000000000000000e+00
0.000000000000000000e+00 1.000000000000000000e+00 3.856621144466758633e-01 1.000000000000000000e+00
0.000000000000000000e+00 1.000000000000000000e+00 3.625004724974958403e-01 1.000000000000000000e+00
0.000000000000000000e+00 1.000000000000000000e+00 3.393388305483158174e-01 1.000000000000000000e+00
0.000000000000000000e+00 1.000000000000000000e+00 3.161771885991359055e-01 1.000000000000000000e+00
0.000000000000000000e+00 1.000000000000000000e+00 2.930155466499558825e-01 1.000000000000000000e+00
0.000000000000000000e+00 1.000000000000000000e+00 2.698539047007758596e-01 1.000000000000000000e+00
0.000000000000000000e+00 1.000000000000000000e+00 2.466922627515957256e-01 1.000000000000000000e+00
0.000000000000000000e+00 1.000000000000000000e+00 2.235306208024157026e-01 1.000000000000000000e+00
0.000000000000000000e+00 1.000000000000000000e+00 2.003689788532356797e-01 1.000000000000000000e+00
0.000000000000000000e+00 1.000000000000000000e+00 1.772073369040556567e-01 1.000000000000000000e+00
0.000000000000000000e+00 1.000000000000000000e+00 1.540456949548756338e-01 1.000000000000000000e+00
0.000000000000000000e+00 1.000000000000000000e+00 1.308840530056957219e-01 1.000000000000000000e+00
0.000000000000000000e+00 1.000000000000000000e+00 1.077224110565162540e-01 1.000000000000000000e+00
0.000000000000000000e+00 1.000000000000000000e+00 8.456076910733567598e-02 1.000000000000000000e+00
3.669599257834139407e-04 1.000000000000000000e+00 6.176608014843316952e-02 1.000000000000000000e+00
8.087555881673473557e-03 1.000000000000000000e+00 4.632488823665305289e-02 1.000000000000000000e+00
1.580815183756353187e-02 1.000000000000000000e+00 3.088369632487293626e-02 1.000000000000000000e+00
2.352874779345359019e-02 1.000000000000000000e+00 1.544250441309281963e-02 1.000000000000000000e+00
3.124934374934365197e-02 1.000000000000000000e+00 1.312501312696057187e-06 1.000000000000000000e+00
5.440981911570119678e-02 1.000000000000000000e+00 0.000000000000000000e+00 1.000000000000000000e+00
7.757160698337142724e-02 1.000000000000000000e+00 0.000000000000000000e+00 1.000000000000000000e+00
1.007333948510416854e-01 1.000000000000000000e+00 0.000000000000000000e+00 1.000000000000000000e+00
1.238951827187119298e-01 1.000000000000000000e+00 0.000000000000000000e+00 1.000000000000000000e+00
1.470569705863821741e-01 1.000000000000000000e+00 0.000000000000000000e+00 1.000000000000000000e+00
1.702187584540524046e-01 1.000000000000000000e+00 0.000000000000000000e+00 1.000000000000000000e+00
1.933805463217226350e-01 1.000000000000000000e+00 0.000000000000000000e+00 1.000000000000000000e+00
2.165423341893928932e-01 1.000000000000000000e+00 0.000000000000000000e+00 1.000000000000000000e+00
2.397041220570631237e-01 1.000000000000000000e+00 0.000000000000000000e+00 1.000000000000000000e+00
2.628659099247326880e-01 1.000000000000000000e+00 0.000000000000000000e+00 1.000000000000000000e+00
2.860276977924036679e-01 1.000000000000000000e+00 0.000000000000000000e+00 1.000000000000000000e+00
3.091894856600738706e-01 1.000000000000000000e+00 0.000000000000000000e+00 1.000000000000000000e+00
3.323512735277441288e-01 1.000000000000000000e+00 0.000000000000000000e+00 1.000000000000000000e+00
3.555130613954143315e-01 1.000000000000000000e+00 0.000000000000000000e+00 1.000000000000000000e+00
3.786748492630845897e-01 1.000000000000000000e+00 0.000000000000000000e+00 1.000000000000000000e+00
4.018366371307548479e-01 1.000000000000000000e+00 0.000000000000000000e+00 1.000000000000000000e+00
4.249984249984251061e-01 1.000000000000000000e+00 0.000000000000000000e+00 1.000000000000000000e+00
4.481602128660953088e-01 1.000000000000000000e+00 0.000000000000000000e+00 1.000000000000000000e+00
4.713220007337655670e-01 1.000000000000000000e+00 0.000000000000000000e+00 1.000000000000000000e+00
4.944837886014358252e-01 1.000000000000000000e+00 0.000000000000000000e+00 1.000000000000000000e+00
5.176455764691060280e-01 1.000000000000000000e+00 0.000000000000000000e+00 1.000000000000000000e+00
5.408073643367763417e-01 1.000000000000000000e+00 0.000000000000000000e+00 1.000000000000000000e+00
5.639691522044465444e-01 1.000000000000000000e+00 0.000000000000000000e+00 1.000000000000000000e+00
5.871309400721167471e-01 1.000000000000000000e+00 0.000000000000000000e+00 1.000000000000000000e+00
6.102927279397869498e-01 1.000000000000000000e+00 0.000000000000000000e+00 1.000000000000000000e+00
6.334545158074565974e-01 1.000000000000000000e+00 0.000000000000000000e+00 1.000000000000000000e+00
6.566163036751275772e-01 1.000000000000000000e+00 0.000000000000000000e+00 1.000000000000000000e+00
6.797780915427977799e-01 1.000000000000000000e+00 0.000000000000000000e+00 1.000000000000000000e+00
7.029398794104679826e-01 1.000000000000000000e+00 0.000000000000000000e+00 1.000000000000000000e+00
7.261016672781382963e-01 1.000000000000000000e+00 0.000000000000000000e+00 1.000000000000000000e+00
7.492634551458084990e-01 1.000000000000000000e+00 0.000000000000000000e+00 1.000000000000000000e+00
7.724252430134787017e-01 1.000000000000000000e+00 0.000000000000000000e+00 1.000000000000000000e+00
7.955870308811489044e-01 1.000000000000000000e+00 0.000000000000000000e+00 1.000000000000000000e+00
8.187488187488192182e-01 1.000000000000000000e+00 0.000000000000000000e+00 1.000000000000000000e+00
8.419106066164894209e-01 1.000000000000000000e+00 0.000000000000000000e+00 1.000000000000000000e+00
8.650723944841596236e-01 1.000000000000000000e+00 0.000000000000000000e+00 1.000000000000000000e+00
8.882341823518299373e-01 1.000000000000000000e+00 0.000000000000000000e+00 1.000000000000000000e+00
9.113959702195002510e-01 1.000000000000000000e+00 0.000000000000000000e+00 1.000000000000000000e+00
9.345577580871704537e-01 1.000000000000000000e+00 0.000000000000000000e+00 1.000000000000000000e+00
9.577195459548406564e-01 1.000000000000000000e+00 0.000000000000000000e+00 1.000000000000000000e+00
9.727937779408369900e-01 9.919124441183261309e-01 0.000000000000000000e+00 1.000000000000000000e+00
9.805143738967267986e-01 9.764712522065464029e-01 0.000000000000000000e+00 1.000000000000000000e+00
9.882349698526170512e-01 9.610300602947658977e-01 0.000000000000000000e+00 1.000000000000000000e+00
9.959555658085070817e-01 9.455888683829857255e-01 0.000000000000000000e+00 1.000000000000000000e+00
1.000000000000000000e+00 9.264715147068084411e-01 0.000000000000000000e+00 1.000000000000000000e+00
1.000000000000000000e+00 9.033097268391382384e-01 0.000000000000000000e+00 1.000000000000000000e+00
1.000000000000000000e+00 8.801479389714679247e-01 0.000000000000000000e+00 1.000000000000000000e+00
1.000000000000000000e+00 8.569861511037977220e-01 0.000000000000000000e+00 1.000000000000000000e+00
1.000000000000000000e+00 8.338243632361275193e-01 0.000000000000000000e+00 1.000000000000000000e+00
1.000000000000000000e+00 8.106625753684573166e-01 0.000000000000000000e+00 1.000000000000000000e+00
1.000000000000000000e+00 7.875007875007871139e-01 0.000000000000000000e+00 1.000000000000000000e+00
1.000000000000000000e+00 7.643389996331169112e-01 0.000000000000000000e+00 1.000000000000000000e+00
1.000000000000000000e+00 7.411772117654467085e-01 0.000000000000000000e+00 1.000000000000000000e+00
1.000000000000000000e+00 7.180154238977765058e-01 0.000000000000000000e+00 1.000000000000000000e+00
1.000000000000000000e+00 6.948536360301063031e-01 0.000000000000000000e+00 1.000000000000000000e+00
1.000000000000000000e+00 6.716918481624361004e-01 0.000000000000000000e+00 1.000000000000000000e+00
1.000000000000000000e+00 6.485300602947658977e-01 0.000000000000000000e+00 1.000000000000000000e+00
1.000000000000000000e+00 6.253682724270963611e-01 0.000000000000000000e+00 1.000000000000000000e+00
1.000000000000000000e+00 6.022064845594254923e-01 0.000000000000000000e+00 1.000000000000000000e+00
1.000000000000000000e+00 5.790446966917552896e-01 0.000000000000000000e+00 1.000000000000000000e+00
1.000000000000000000e+00 5.558829088240850869e-01 0.000000000000000000e+00 1.000000000000000000e+00
1.000000000000000000e+00 5.327211209564148842e-01 0.000000000000000000e+00 1.000000000000000000e+00
1.000000000000000000e+00 5.095593330887446815e-01 0.000000000000000000e+00 1.000000000000000000e+00
1.000000000000000000e+00 4.863975452210743677e-01 0.000000000000000000e+00 1.000000000000000000e+00
1.000000000000000000e+00 4.632357573534042205e-01 0.000000000000000000e+00 1.000000000000000000e+00
1.000000000000000000e+00 4.400739694857340178e-01 0.000000000000000000e+00 1.000000000000000000e+00
1.000000000000000000e+00 4.169121816180637596e-01 0.000000000000000000e+00 1.000000000000000000e+00
1.000000000000000000e+00 3.937503937503935569e-01 0.000000000000000000e+00 1.000000000000000000e+00
1.000000000000000000e+00 3.705886058827233542e-01 0.000000000000000000e+00 1.000000000000000000e+00
1.000000000000000000e+00 3.474268180150531515e-01 0.000000000000000000e+00 1.000000000000000000e+00
1.000000000000000000e+00 3.242650301473829488e-01 0.000000000000000000e+00 1.000000000000000000e+00
1.000000000000000000e+00 3.011032422797127461e-01 0.000000000000000000e+00 1.000000000000000000e+00
1.000000000000000000e+00 2.779414544120425434e-01 0.000000000000000000e+00 1.000000000000000000e+00
1.000000000000000000e+00 2.547796665443730069e-01 0.000000000000000000e+00 1.000000000000000000e+00
1.000000000000000000e+00 2.316178786767020270e-01 0.000000000000000000e+00 1.000000000000000000e+00
1.000000000000000000e+00 2.084560908090318243e-01 0.000000000000000000e+00 1.000000000000000000e+00
1.000000000000000000e+00 1.852943029413617326e-01 0.000000000000000000e+00 1.000000000000000000e+00
1.000000000000000000e+00 1.621325150736915299e-01 0.000000000000000000e+00 1.000000000000000000e+00
1.000000000000000000e+00 1.389707272060213272e-01 0.000000000000000000e+00 1.000000000000000000e+00
1.000000000000000000e+00 1.158089393383511245e-01 0.000000000000000000e+00 1.000000000000000000e+00
1.000000000000000000e+00 9.264715147068081080e-02 0.000000000000000000e+00 1.000000000000000000e+00
1.000000000000000000e+00 6.948536360301060810e-02 0.000000000000000000e+00 1.000000000000000000e+00
1.000000000000000000e+00 4.632357573534040540e-02 0.000000000000000000e+00 1.000000000000000000e+00
1.000000000000000000e+00 2.316178786767020270e-02 0.000000000000000000e+00 1.000000000000000000e+00
1.000000000000000000e+00 0.000000000000000000e+00 0.000000000000000000e+00 1.000000000000000000e+00
