0.000000000000000000e+00 0.000000000000000000e+00 5.000000000000000000e-01 1.000000000000000000e+00
0.000000000000000000e+00 0.000000000000000000e+00 5.178253119429589990e-01 1.000000000000000000e+00
0.000000000000000000e+00 0.000000000000000000e+00 5.356506238859179980e-01 1.000000000000000000e+00
0.000000000000000000e+00 0.000000000000000000e+00 5.534759358288769970e-01 1.000000000000000000e+00
0.000000000000000000e+00 0.000000000000000000e+00 5.713012477718359960e-01 1.000000000000000000e+00
0.000000000000000000e+00 0.000000000000000000e+00 5.891265597147949951e-01 1.000000000000000000e+00
0.000000000000000000e+00 0.000000000000000000e+00 6.069518716577539941e-01 1.000000000000000000e+00
0.000000000000000000e+00 0.000000000000000000e+00 6.247771836007129931e-01 1.000000000000000000e+00
0.000000000000000000e+00 0.000000000000000000e+00 6.426024955436719921e-01 1.000000000000000000e+00
0.000000000000000000e+00 0.000000000000000000e+00 6.604278074866309911e-01 1.000000000000000000e+00
0.000000000000000000e+00 0.000000000000000000e+00 6.782531194295899901e-01 1.000000000000000000e+00
0.000000000000000000e+00 0.000000000000000000e+00 6.960784313725489891e-01 1.000000000000000000e+00
0.000000000000000000e+00 0.000000000000000000e+00 7.139037433155079881e-01 1.000000000000000000e+00
0.000000000000000000e+00 0.000000000000000000e+00 7.317290552584669872e-01 1.000000000000000000e+00
0.000000000000000000e+00 0.000000000000000000e+00 7.495543672014259862e-01 1.000000000000000000e+00
0.000000000000000000e+00 0.000000000000000000e+00 7.673796791443849852e-01 1.000000000000000000e+00
0.000000000000000000e+00 0.000000000000000000e+00 7.852049910873439842e-01 1.000000000000000000e+00
0.000000000000000000e+00 0.000000000000000000e+00 8.030303030303029832e-01 1.000000000000000000e+00
0.000000000000000000e+00 0.000000000000000000e+00 8.208556149732619822e-01 1.000000000000000000e+00
0.000000000000000000e+00 0.000000000000000000e+00 8.386809269162209812e-01 1.000000000000000000e+00
0.000000000000000000e+00 0.000000000000000000e+00 8.565062388591799802e-01 1.000000000000000000e+00
0.000000000000000000e+00 0.000000000000000000e+00 8.743315508021389793e-01 1.000000000000000000e+00
0.000000000000000000e+00 0.000000000000000000e+00 8.921568627450979783e-01 1.000000000000000000e+00
0.000000000000000000e+00 0.000000000000000000e+00 9.099821746880569773e-01 1.000000000000000000e+00
0.000000000000000000e+00 0.000000000000000000e+00 9.278074866310159763e-01 1.000000000000000000e+00
0.000000000000000000e+00 0.000000000000000000e+00 9.456327985739749753e-01 1.000000000000000000e+00
0.000000000000000000e+00 0.000000000000000000e+00 9.634581105169339743e-01 1.000000000000000000e+00
0.000000000000000000e+00 0.000000000000000000e+00 9.812834224598929733e-01 1.000000000000000000e+00
0.000000000000000000e+00 0.000000000000000000e+00 9.991087344028519723e-01 1.000000000000000000e+00
0.000000000000000000e+00 0.000000000000000000e+00 1.000000000000000000e+00 1.000000000000000000e+00
0.000000000000000000e+00 0.000000000000000000e+00 1.000000000000000000e+00 1.000000000000000000e+00
0.000000000000000000e+00 0.000000000000000000e+00 1.000000000000000000e+00 1.000000000000000000e+00
0.000000000000000000e+00 1.960784313725490169e-03 1.000000000000000000e+00 1.000000000000000000e+00
0.000000000000000000e+00 1.764705882352930050e-02 1.000000000000000000e+00 1.000000000000000000e+00
0.000000000000000000e+00 3.333333333333333287e-02 1.000000000000000000e+00 1.000000000000000000e+00
0.000000000000000000e+00 4.901960784313725422e-02 1.000000000000000000e+00 1.000000000000000000e+00
0.000000000000000000e+00 6.470588235294118251e-02 1.000000000000000000e+00 1.000000000000000000e+00
0.000000000000000000e+00 8.039215686274499284e-02 1.000000000000000000e+00 1.000000000000000000e+00
0.000000000000000000e+00 9.607843137254902521e-02 1.000000000000000000e+00 1.000000000000000000e+00
0.000000000000000000e+00 1.117647058823529466e-01 1.000000000000000000e+00 1.000000000000000000e+00
0.000000000000000000e+00 1.274509803921568540e-01 1.000000000000000000e+00 1.000000000000000000e+00
0.000000000000000000e+00 1.431372549019606644e-01 1.000000000000000000e+00 1.000000000000000000e+00
0.000000000000000000e+00 1.588235294117646967e-01 1.000000000000000000e+00 1.000000000000000000e+00
0.000000000000000000e+00 1.745098039215686181e-01 1.000000000000000000e+00 1.000000000000000000e+00
0.000000000000000000e+00 1.901960784313725394e-01 1.000000000000000000e+00 1.000000000000000000e+00
0.000000000000000000e+00 2.058823529411763498e-01 1.000000000000000000e+00 1.000000000000000000e+00
0.000000000000000000e+00 2.215686274509803821e-01 1.000000000000000000e+00 1.000000000000000000e+00
0.000000000000000000e+00 2.372549019607843035e-01 1.000000000000000000e+00 1.000000000000000000e+00
0.000000000000000000e+00 2.529411764705882248e-01 1.000000000000000000e+00 1.000000000000000000e+00
0.000000000000000000e+00 2.686274509803920352e-01 1.000000000000000000e+00 1.000000000000000000e+00
0.000000000000000000e+00 2.843137254901960675e-01 1.000000000000000000e+00 1.000000000000000000e+00
0.000000000000000000e+00 2.999999999999999889e-01 1.000000000000000000e+00 1.000000000000000000e+00
0.000000000000000000e+00 3.156862745098039102e-01 1.000000000000000000e+00 1.000000000000000000e+00
0.000000000000000000e+00 3.313725490196077206e-01 1.000000000000000000e+00 1.000000000000000000e+00
0.000000000000000000e+00 3.470588235294117530e-01 1.000000000000000000e+00 1.000000000000000000e+00
0.000000000000000000e+00 3.627450980392156743e-01 1.000000000000000000e+00 1.000000000000000000e+00
0.000000000000000000e+00 3.784313725490195957e-01 1.000000000000000000e+00 1.000000000000000000e+00
0.000000000000000000e+00 3.941176470588234060e-01 1.000000000000000000e+00 1.000000000000000000e+00
0.000000000000000000e+00 4.098039215686274384e-01 1.000000000000000000e+00 1.000000000000000000e+00
0.000000000000000000e+00 4.254901960784313597e-01 1.000000000000000000e+00 1.000000000000000000e+00
0.000000000000000000e+00 4.411764705882352811e-01 1.000000000000000000e+00 1.000000000000000000e+00
0.000000000000000000e+00 4.568627450980390914e-01 1.000000000000000000e+00 1.000000000000000000e+00
0.000000000000000000e+00 4.725490196078431238e-01 1.000000000000000000e+00 1.000000000000000000e+00
0.000000000000000000e+00 4.882352941176470451e-01 1.000000000000000000e+00 1.000000000000000000e+00
0.000000000000000000e+00 5.039215686274509665e-01 1.000000000000000000e+00 1.000000000000000000e+00
0.000000000000000000e+00 5.196078431372549433e-01 1.000000000000000000e+00 1.000000000000000000e+00
0.000000000000000000e+00 5.352941176470585871e-01 1.000000000000000000e+00 1.000000000000000000e+00
0.000000000000000000e+00 5.509803921568627860e-01 1.000000000000000000e+00 1.000000000000000000e+00
0.000000000000000000e+00 5.666666666666666519e-01 1.000000000000000000e+00 1.000000000000000000e+00
0.000000000000000000e+00 5.823529411764706287e-01 1.000000000000000000e+00 1.000000000000000000e+00
0.000000000000000000e+00 5.980392156862744946e-01 1.000000000000000000e+00 1.000000000000000000e+00
0.000000000000000000e+00 6.137254901960784714e-01 1.000000000000000000e+00 1.000000000000000000e+00
0.000000000000000000e+00 6.294117647058823373e-01 1.000000000000000000e+00 1.000000000000000000e+00
0.000000000000000000e+00 6.450980392156863141e-01 1.000000000000000000e+00 1.000000000000000000e+00
0.000000000000000000e+00 6.607843137254899579e-01 1.000000000000000000e+00 1.000000000000000000e+00
0.000000000000000000e+00 6.764705882352941568e-01 1.000000000000000000e+00 1.000000000000000000e+00
0.000000000000000000e+00 6.921568627450980227e-01 1.000000000000000000e+00 1.000000000000000000e+00
0.000000000000000000e+00 7.078431372549019995e-01 1.000000000000000000e+00 1.000000000000000000e+00
0.000000000000000000e+00 7.235294117647058654e-01 1.000000000000000000e+00 1.000000000000000000e+00
0.000000000000000000e+00 7.392156862745098422e-01 1.000000000000000000e+00 1.000000000000000000e+00
0.000000000000000000e+00 7.549019607843137081e-01 1.000000000000000000e+00 1.000000000000000000e+00
0.000000000000000000e+00 7.705882352941176849e-01 1.000000000000000000e+00 1.000000000000000000e+00
0.000000000000000000e+00 7.862745098039213287e-01 1.000000000000000000e+00 1.000000000000000000e+00
0.000000000000000000e+00 8.019607843137255276e-01 1.000000000000000000e+00 1.000000000000000000e+00
0.000000000000000000e+00 8.176470588235293935e-01 1.000000000000000000e+00 1.000000000000000000e+00
0.000000000000000000e+00 8.333333333333333703e-01 1.000000000000000000e+00 1.000000000000000000e+00
0.000000000000000000e+00 8.490196078431372362e-01 1.000000000000000000e+00 1.000000000000000000e+00
0.000000000000000000e+00 8.647058823529412130e-01 9.962049335863377708e-01 1.000000000000000000e+00
0.000000000000000000e+00 8.803921568627450789e-01 9.835547122074637105e-01 1.000000000000000000e+00
0.000000000000000000e+00 8.960784313725490557e-01 9.709044908285895392e-01 1.000000000000000000e+00
9.487666034155416844e-03 9.117647058823526995e-01 9.582542694497155900e-01 1.000000000000000000e+00
2.213788741302972346e-02 9.274509803921568984e-01 9.456040480708413076e-01 1.000000000000000000e+00
3.478810879190385313e-02 9.431372549019607643e-01 9.329538266919671363e-01 1.000000000000000000e+00
4.743833017077798281e-02 9.588235294117647411e-01 9.203036053130929650e-01 1.000000000000000000e+00
6.008855154965211248e-02 9.745098039215686070e-01 9.076533839342189047e-01 1.000000000000000000e+00
7.273877292852623522e-02 9.901960784313725839e-01 8.950031625553447334e-01 1.000000000000000000e+00
8.538899430740036489e-02 1.000000000000000000e+00 8.823529411764705621e-01 1.000000000000000000e+00
9.803921568627449457e-02 1.000000000000000000e+00 8.697027197975965018e-01 1.000000000000000000e+00
1.106894370651484438e-01 1.000000000000000000e+00 8.570524984187225526e-01 1.000000000000000000e+00
1.233396584440227539e-01 1.000000000000000000e+00 8.444022770398482702e-01 1.000000000000000000e+00
1.359898798228968697e-01 1.000000000000000000e+00 8.317520556609740989e-01 1.000000000000000000e+00
1.486401012017710133e-01 1.000000000000000000e+00 8.191018342820999276e-01 1.000000000000000000e+00
1.612903225806451291e-01 1.000000000000000000e+00 8.064516129032258673e-01 1.000000000000000000e+00
1.739405439595192726e-01 1.000000000000000000e+00 7.938013915243516960e-01 1.000000000000000000e+00
1.865907653383933884e-01 1.000000000000000000e+00 7.811511701454776357e-01 1.000000000000000000e+00
1.992409867172675320e-01 1.000000000000000000e+00 7.685009487666034644e-01 1.000000000000000000e+00
2.118912080961414812e-01 1.000000000000000000e+00 7.558507273877295152e-01 1.000000000000000000e+00
2.245414294750157913e-01 1.000000000000000000e+00 7.432005060088551218e-01 1.000000000000000000e+00
2.371916508538899071e-01 1.000000000000000000e+00 7.305502846299810615e-01 1.000000000000000000e+00
2.498418722327640507e-01 1.000000000000000000e+00 7.179000632511070012e-01 1.000000000000000000e+00
2.624920936116381665e-01 1.000000000000000000e+00 7.052498418722328299e-01 1.000000000000000000e+00
2.751423149905122822e-01 1.000000000000000000e+00 6.925996204933586586e-01 1.000000000000000000e+00
2.877925363693863980e-01 1.000000000000000000e+00 6.799493991144844873e-01 1.000000000000000000e+00
3.004427577482605694e-01 1.000000000000000000e+00 6.672991777356103160e-01 1.000000000000000000e+00
3.130929791271345186e-01 1.000000000000000000e+00 6.546489563567363668e-01 1.000000000000000000e+00
3.257432005060088009e-01 1.000000000000000000e+00 6.419987349778621954e-01 1.000000000000000000e+00
3.383934218848829167e-01 1.000000000000000000e+00 6.293485135989880241e-01 1.000000000000000000e+00
3.510436432637570880e-01 1.000000000000000000e+00 6.166982922201138528e-01 1.000000000000000000e+00
3.636938646426312038e-01 1.000000000000000000e+00 6.040480708412396815e-01 1.000000000000000000e+00
3.763440860215053196e-01 1.000000000000000000e+00 5.913978494623656212e-01 1.000000000000000000e+00
3.889943074003794354e-01 1.000000000000000000e+00 5.787476280834915610e-01 1.000000000000000000e+00
4.016445287792536067e-01 1.000000000000000000e+00 5.660974067046173897e-01 1.000000000000000000e+00
4.142947501581275005e-01 1.000000000000000000e+00 5.534471853257434404e-01 1.000000000000000000e+00
4.269449715370018383e-01 1.000000000000000000e+00 5.407969639468690470e-01 1.000000000000000000e+00
4.395951929158759541e-01 1.000000000000000000e+00 5.281467425679948757e-01 1.000000000000000000e+00
4.522454142947500699e-01 1.000000000000000000e+00 5.154965211891208154e-01 1.000000000000000000e+00
4.648956356736242412e-01 1.000000000000000000e+00 5.028462998102467552e-01 1.000000000000000000e+00
4.901960784313724728e-01 1.000000000000000000e+00 4.775458570524984125e-01 1.000000000000000000e+00
5.028462998102466441e-01 1.000000000000000000e+00 4.648956356736243523e-01 1.000000000000000000e+00
5.154965211891207044e-01 1.000000000000000000e+00 4.522454142947501810e-01 1.000000000000000000e+00
5.281467425679948757e-01 1.000000000000000000e+00 4.395951929158760096e-01 1.000000000000000000e+00
5.407969639468686029e-01 1.000000000000000000e+00 4.269449715370022824e-01 1.000000000000000000e+00
5.534471853257431073e-01 1.000000000000000000e+00 4.142947501581277781e-01 1.000000000000000000e+00
5.660974067046172786e-01 1.000000000000000000e+00 4.016445287792536067e-01 1.000000000000000000e+00
5.787476280834913389e-01 1.000000000000000000e+00 3.889943074003795465e-01 1.000000000000000000e+00
5.913978494623655102e-01 1.000000000000000000e+00 3.763440860215053752e-01 1.000000000000000000e+00
6.040480708412396815e-01 1.000000000000000000e+00 3.636938646426312038e-01 1.000000000000000000e+00
6.166982922201137418e-01 1.000000000000000000e+00 3.510436432637571436e-01 1.000000000000000000e+00
6.293485135989879131e-01 1.000000000000000000e+00 3.383934218848829723e-01 1.000000000000000000e+00
6.419987349778619734e-01 1.000000000000000000e+00 3.257432005060089120e-01 1.000000000000000000e+00
6.546489563567361447e-01 1.000000000000000000e+00 3.130929791271347407e-01 1.000000000000000000e+00
6.672991777356103160e-01 1.000000000000000000e+00 3.004427577482605694e-01 1.000000000000000000e+00
6.799493991144843763e-01 1.000000000000000000e+00 2.877925363693865091e-01 1.000000000000000000e+00
6.925996204933585476e-01 1.000000000000000000e+00 2.751423149905123378e-01 1.000000000000000000e+00
7.052498418722326079e-01 1.000000000000000000e+00 2.624920936116381665e-01 1.000000000000000000e+00
7.179000632511067792e-01 1.000000000000000000e+00 2.498418722327641062e-01 1.000000000000000000e+00
7.305502846299809505e-01 1.000000000000000000e+00 2.371916508538899349e-01 1.000000000000000000e+00
7.432005060088546777e-01 1.000000000000000000e+00 2.245414294750162076e-01 1.000000000000000000e+00
7.558507273877291821e-01 1.000000000000000000e+00 2.118912080961417033e-01 1.000000000000000000e+00
7.685009487666033534e-01 1.000000000000000000e+00 1.992409867172675320e-01 1.000000000000000000e+00
7.811511701454774137e-01 1.000000000000000000e+00 1.865907653383934717e-01 1.000000000000000000e+00
7.938013915243515850e-01 1.000000000000000000e+00 1.739405439595193004e-01 1.000000000000000000e+00
8.064516129032256453e-01 1.000000000000000000e+00 1.612903225806451291e-01 1.000000000000000000e+00
8.191018342820998166e-01 1.000000000000000000e+00 1.486401012017710688e-01 1.000000000000000000e+00
8.317520556609739879e-01 1.000000000000000000e+00 1.359898798228968975e-01 1.000000000000000000e+00
8.444022770398480482e-01 1.000000000000000000e+00 1.233396584440227262e-01 1.000000000000000000e+00
8.570524984187222195e-01 1.000000000000000000e+00 1.106894370651486659e-01 1.000000000000000000e+00
8.697027197975962798e-01 1.000000000000000000e+00 9.803921568627449457e-02 1.000000000000000000e+00
8.823529411764704511e-01 1.000000000000000000e+00 8.538899430740043428e-02 1.000000000000000000e+00
8.950031625553446224e-01 1.000000000000000000e+00 7.273877292852626297e-02 1.000000000000000000e+00
9.076533839342186827e-01 1.000000000000000000e+00 6.008855154965209167e-02 1.000000000000000000e+00
9.203036053130928540e-01 1.000000000000000000e+00 4.743833017077803138e-02 1.000000000000000000e+00
9.329538266919670253e-01 1.000000000000000000e+00 3.478810879190386007e-02 1.000000000000000000e+00
9.456040480708407525e-01 9.883805374001458643e-01 2.213788741303013285e-02 1.000000000000000000e+00
9.582542694497152569e-01 9.738562091503270013e-01 9.487666034155628481e-03 1.000000000000000000e+00
9.709044908285893172e-01 9.593318809005085823e-01 0.000000000000000000e+00 1.000000000000000000e+00
9.835547122074634885e-01 9.448075526506901634e-01 0.000000000000000000e+00 1.000000000000000000e+00
9.962049335863376598e-01 9.302832244008717444e-01 0.000000000000000000e+00 1.000000000000000000e+00
1.000000000000000000e+00 9.157588961510532144e-01 0.000000000000000000e+00 1.000000000000000000e+00
1.000000000000000000e+00 9.012345679012347954e-01 0.000000000000000000e+00 1.000000000000000000e+00
1.000000000000000000e+00 8.867102396514163765e-01 0.000000000000000000e+00 1.000000000000000000e+00
1.000000000000000000e+00 8.721859114015979575e-01 0.000000000000000000e+00 1.000000000000000000e+00
1.000000000000000000e+00 8.576615831517794275e-01 0.000000000000000000e+00 1.000000000000000000e+00
1.000000000000000000e+00 8.431372549019610085e-01 0.000000000000000000e+00 1.000000000000000000e+00
1.000000000000000000e+00 8.286129266521425896e-01 0.000000000000000000e+00 1.000000000000000000e+00
1.000000000000000000e+00 8.140885984023240596e-01 0.000000000000000000e+00 1.000000000000000000e+00
1.000000000000000000e+00 7.995642701525056406e-01 0.000000000000000000e+00 1.000000000000000000e+00
1.000000000000000000e+00 7.850399419026872216e-01 0.000000000000000000e+00 1.000000000000000000e+00
1.000000000000000000e+00 7.705156136528688027e-01 0.000000000000000000e+00 1.000000000000000000e+00
1.000000000000000000e+00 7.559912854030507168e-01 0.000000000000000000e+00 1.000000000000000000e+00
1.000000000000000000e+00 7.414669571532319647e-01 0.000000000000000000e+00 1.000000000000000000e+00
1.000000000000000000e+00 7.269426289034134347e-01 0.000000000000000000e+00 1.000000000000000000e+00
1.000000000000000000e+00 7.124183006535950158e-01 0.000000000000000000e+00 1.000000000000000000e+00
1.000000000000000000e+00 6.978939724037764858e-01 0.000000000000000000e+00 1.000000000000000000e+00
1.000000000000000000e+00 6.833696441539580668e-01 0.000000000000000000e+00 1.000000000000000000e+00
1.000000000000000000e+00 6.688453159041396479e-01 0.000000000000000000e+00 1.000000000000000000e+00
1.000000000000000000e+00 6.543209876543212289e-01 0.000000000000000000e+00 1.000000000000000000e+00
1.000000000000000000e+00 6.397966594045028099e-01 0.000000000000000000e+00 1.000000000000000000e+00
1.000000000000000000e+00 6.252723311546843910e-01 0.000000000000000000e+00 1.000000000000000000e+00
1.000000000000000000e+00 6.107480029048658610e-01 0.000000000000000000e+00 1.000000000000000000e+00
1.000000000000000000e+00 5.962236746550474420e-01 0.000000000000000000e+00 1.000000000000000000e+00
1.000000000000000000e+00 5.816993464052289120e-01 0.000000000000000000e+00 1.000000000000000000e+00
1.000000000000000000e+00 5.671750181554104930e-01 0.000000000000000000e+00 1.000000000000000000e+00
1.000000000000000000e+00 5.526506899055920741e-01 0.000000000000000000e+00 1.000000000000000000e+00
1.000000000000000000e+00 5.381263616557736551e-01 0.000000000000000000e+00 1.000000000000000000e+00
1.000000000000000000e+00 5.236020334059555692e-01 0.000000000000000000e+00 1.000000000000000000e+00
1.000000000000000000e+00 5.090777051561368172e-01 0.000000000000000000e+00 1.000000000000000000e+00
1.000000000000000000e+00 4.945533769063182872e-01 0.000000000000000000e+00 1.000000000000000000e+00
1.000000000000000000e+00 4.800290486564998682e-01 0.000000000000000000e+00 1.000000000000000000e+00
1.000000000000000000e+00 4.655047204066814492e-01 0.000000000000000000e+00 1.000000000000000000e+00
1.000000000000000000e+00 4.509803921568629193e-01 0.000000000000000000e+00 1.000000000000000000e+00
1.000000000000000000e+00 4.364560639070445003e-01 0.000000000000000000e+00 1.000000000000000000e+00
1.000000000000000000e+00 4.219317356572260813e-01 0.000000000000000000e+00 1.000000000000000000e+00
1.000000000000000000e+00 4.074074074074075513e-01 0.000000000000000000e+00 1.000000000000000000e+00
1.000000000000000000e+00 3.928830791575891324e-01 0.000000000000000000e+00 1.000000000000000000e+00
1.000000000000000000e+00 3.783587509077707134e-01 0.000000000000000000e+00 1.000000000000000000e+00
1.000000000000000000e+00 3.638344226579522944e-01 0.000000000000000000e+00 1.000000000000000000e+00
1.000000000000000000e+00 3.493100944081337644e-01 0.000000000000000000e+00 1.000000000000000000e+00
1.000000000000000000e+00 3.347857661583153455e-01 0.000000000000000000e+00 1.000000000000000000e+00
1.000000000000000000e+00 3.202614379084969265e-01 0.000000000000000000e+00 1.000000000000000000e+00
1.000000000000000000e+00 3.057371096586785075e-01 0.000000000000000000e+00 1.000000000000000000e+00
1.000000000000000000e+00 2.912127814088604216e-01 0.000000000000000000e+00 1.000000000000000000e+00
1.000000000000000000e+00 2.766884531590415586e-01 0.000000000000000000e+00 1.000000000000000000e+00
1.000000000000000000e+00 2.621641249092231396e-01 0.000000000000000000e+00 1.000000000000000000e+00
1.000000000000000000e+00 2.476397966594047206e-01 0.000000000000000000e+00 1.000000000000000000e+00
1.000000000000000000e+00 2.331154684095861906e-01 0.000000000000000000e+00 1.000000000000000000e+00
1.000000000000000000e+00 2.185911401597677717e-01 0.000000000000000000e+00 1.000000000000000000e+00
1.000000000000000000e+00 2.040668119099493527e-01 0.000000000000000000e+00 1.000000000000000000e+00
1.000000000000000000e+00 1.895424836601309337e-01 0.000000000000000000e+00 1.000000000000000000e+00
1.000000000000000000e+00 1.750181554103124038e-01 0.000000000000000000e+00 1.000000000000000000e+00
1.000000000000000000e+00 1.604938271604939848e-01 0.000000000000000000e+00 1.000000000000000000e+00
1.000000000000000000e+00 1.459694989106755658e-01 0.000000000000000000e+00 1.000000000000000000e+00
1.000000000000000000e+00 1.314451706608571468e-01 0.000000000000000000e+00 1.000000000000000000e+00
1.000000000000000000e+00 1.169208424110386169e-01 0.000000000000000000e+00 1.000000000000000000e+00
1.000000000000000000e+00 1.023965141612201979e-01 0.000000000000000000e+00 1.000000000000000000e+00
1.000000000000000000e+00 8.787218591140177892e-02 0.000000000000000000e+00 1.000000000000000000e+00
9.991087344028523054e-01 7.334785766158335996e-02 0.000000000000000000e+00 1.000000000000000000e+00
9.812834224598938615e-01 5.882352941176527406e-02 0.000000000000000000e+00 1.000000000000000000e+00
9.634581105169343074e-01 4.429920116194641100e-02 0.000000000000000000e+00 1.000000000000000000e+00
9.456327985739753084e-01 2.977487291212799203e-02 0.000000000000000000e+00 1.000000000000000000e+00
9.278074866310163094e-01 1.525054466230957306e-02 0.000000000000000000e+00 1.000000000000000000e+00
9.099821746880573103e-01 7.262164124910430729e-04 0.000000000000000000e+00 1.000000000000000000e+00
8.921568627450983113e-01 0.000000000000000000e+00 0.000000000000000000e+00 1.000000000000000000e+00
8.743315508021392013e-01 0.000000000000000000e+00 0.000000000000000000e+00 1.000000000000000000e+00
8.565062388591802023e-01 0.000000000000000000e+00 0.000000000000000000e+00 1.000000000000000000e+00
8.386809269162212033e-01 0.000000000000000000e+00 0.000000000000000000e+00 1.000000000000000000e+00
8.208556149732622043e-01 0.000000000000000000e+00 0.000000000000000000e+00 1.000000000000000000e+00
8.030303030303032052e-01 0.000000000000000000e+00 0.000000000000000000e+00 1.000000000000000000e+00
7.852049910873442062e-01 0.000000000000000000e+00 0.000000000000000000e+00 1.000000000000000000e+00
7.673796791443852072e-01 0.000000000000000000e+00 0.000000000000000000e+00 1.000000000000000000e+00
7.495543672014262082e-01 0.000000000000000000e+00 0.000000000000000000e+00 1.000000000000000000e+00
7.317290552584672092e-01 0.000000000000000000e+00 0.000000000000000000e+00 1.000000000000000000e+00
7.139037433155082102e-01 0.000000000000000000e+00 0.000000000000000000e+00 1.000000000000000000e+00
6.960784313725496553e-01 0.000000000000000000e+00 0.000000000000000000e+00 1.000000000000000000e+00
6.782531194295901011e-01 0.000000000000000000e+00 0.000000000000000000e+00 1.000000000000000000e+00
6.604278074866311021e-01 0.000000000000000000e+00 0.000000000000000000e+00 1.000000000000000000e+00
6.426024955436721031e-01 0.000000000000000000e+00 0.000000000000000000e+00 1.000000000000000000e+00
6.247771836007131041e-01 0.000000000000000000e+00 0.000000000000000000e+00 1.000000000000000000e+00
6.069518716577539941e-01 0.000000000000000000e+00 0.000000000000000000e+00 1.000000000000000000e+00
5.891265597147949951e-01 0.000000000000000000e+00 0.000000000000000000e+00 1.000000000000000000e+00
5.713012477718359960e-01 0.000000000000000000e+00 0.000000000000000000e+00 1.000000000000000000e+00
5.534759358288769970e-01 0.000000000000000000e+00 0.000000000000000000e+00 1.000000000000000000e+00
5.356506238859179980e-01 0.000000000000000000e+00 0.000000000000000000e+00 1.000000000000000000e+00
5.178253119429589990e-01 0.000000000000000000e+00 0.000000000000000000e+00 1.000000000000000000e+00
5.000000000000000000e-01 0.000000000000000000e+00 0.000000000000000000e+00 1.000000000000000000e+00
