8.000000000000000444e-01 8.000000000000000444e-01 8.000000000000000444e-01 1.000000000000000000e+00
8.000000000000000444e-01 7.372549019607843590e-01 7.372549019607843590e-01 1.000000000000000000e+00
8.000000000000000444e-01 6.745098039215687846e-01 6.745098039215687846e-01 1.000000000000000000e+00
8.000000000000000444e-01 6.117647058823530992e-01 6.117647058823530992e-01 1.000000000000000000e+00
8.000000000000000444e-01 5.490196078431375248e-01 5.490196078431375248e-01 1.000000000000000000e+00
8.000000000000000444e-01 4.862745098039218394e-01 4.862745098039218394e-01 1.000000000000000000e+00
8.000000000000000444e-01 4.235294117647062095e-01 4.235294117647062095e-01 1.000000000000000000e+00
8.000000000000000444e-01 3.607843137254906352e-01 3.607843137254906352e-01 1.000000000000000000e+00
8.000000000000000444e-01 2.980392156862750053e-01 2.980392156862750053e-01 1.000000000000000000e+00
8.000000000000000444e-01 2.352941176470593199e-01 2.352941176470593199e-01 1.000000000000000000e+00
8.000000000000000444e-01 1.725490196078436345e-01 1.725490196078436345e-01 1.000000000000000000e+00
8.000000000000000444e-01 1.098039215686280601e-01 1.098039215686280601e-01 1.000000000000000000e+00
8.000000000000000444e-01 4.705882352941237468e-02 4.705882352941237468e-02 1.000000000000000000e+00
8.013078431372548938e-01 0.000000000000000000e+00 0.000000000000000000e+00 1.000000000000000000e+00
8.065392156862745132e-01 0.000000000000000000e+00 0.000000000000000000e+00 1.000000000000000000e+00
8.117705882352941327e-01 0.000000000000000000e+00 0.000000000000000000e+00 1.000000000000000000e+00
8.170019607843137521e-01 0.000000000000000000e+00 0.000000000000000000e+00 1.000000000000000000e+00
8.222333333333333716e-01 0.000000000000000000e+00 0.000000000000000000e+00 1.000000000000000000e+00
8.274647058823529910e-01 0.000000000000000000e+00 0.000000000000000000e+00 1.000000000000000000e+00
8.326960784313726105e-01 0.000000000000000000e+00 0.000000000000000000e+00 1.000000000000000000e+00
8.379274509803922300e-01 0.000000000000000000e+00 0.000000000000000000e+00 1.000000000000000000e+00
8.431588235294118494e-01 0.000000000000000000e+00 0.000000000000000000e+00 1.000000000000000000e+00
8.483901960784314689e-01 0.000000000000000000e+00 0.000000000000000000e+00 1.000000000000000000e+00
8.536215686274509773e-01 0.000000000000000000e+00 0.000000000000000000e+00 1.000000000000000000e+00
8.588529411764705968e-01 0.000000000000000000e+00 0.000000000000000000e+00 1.000000000000000000e+00
8.640843137254902162e-01 0.000000000000000000e+00 0.000000000000000000e+00 1.000000000000000000e+00
8.719274509803922601e-01 0.000000000000000000e+00 0.000000000000000000e+00 1.000000000000000000e+00
8.823823529411765065e-01 0.000000000000000000e+00 0.000000000000000000e+00 1.000000000000000000e+00
8.928372549019608639e-01 0.000000000000000000e+00 0.000000000000000000e+00 1.000000000000000000e+00
9.032921568627451103e-01 0.000000000000000000e+00 0.000000000000000000e+00 1.000000000000000000e+00
9.137470588235294677e-01 0.000000000000000000e+00 0.000000000000000000e+00 1.000000000000000000e+00
9.242019607843137141e-01 0.000000000000000000e+00 0.000000000000000000e+00 1.000000000000000000e+00
9.346568627450980715e-01 0.000000000000000000e+00 0.000000000000000000e+00 1.000000000000000000e+00
9.451117647058823179e-01 0.000000000000000000e+00 0.000000000000000000e+00 1.000000000000000000e+00
9.555666666666666753e-01 0.000000000000000000e+00 0.000000000000000000e+00 1.000000000000000000e+00
9.660215686274509217e-01 0.000000000000000000e+00 0.000000000000000000e+00 1.000000000000000000e+00
9.764764705882352791e-01 0.000000000000000000e+00 0.000000000000000000e+00 1.000000000000000000e+00
9.869313725490195255e-01 0.000000000000000000e+00 0.000000000000000000e+00 1.000000000000000000e+00
9.973862745098038829e-01 0.000000000000000000e+00 0.000000000000000000e+00 1.000000000000000000e+00
1.000000000000000000e+00 3.529411764705854548e-02 0.000000000000000000e+00 1.000000000000000000e+00
1.000000000000000000e+00 8.235294117647039280e-02 0.000000000000000000e+00 1.000000000000000000e+00
1.000000000000000000e+00 1.294117647058818932e-01 0.000000000000000000e+00 1.000000000000000000e+00
1.000000000000000000e+00 1.764705882352940736e-01 0.000000000000000000e+00 1.000000000000000000e+00
1.000000000000000000e+00 2.235294117647059209e-01 0.000000000000000000e+00 1.000000000000000000e+00
1.000000000000000000e+00 2.705882352941177404e-01 0.000000000000000000e+00 1.000000000000000000e+00
1.000000000000000000e+00 3.176470588235292825e-01 0.000000000000000000e+00 1.000000000000000000e+00
1.000000000000000000e+00 3.647058823529414906e-01 0.000000000000000000e+00 1.000000000000000000e+00
1.000000000000000000e+00 4.117647058823532547e-01 0.000000000000000000e+00 1.000000000000000000e+00
1.000000000000000000e+00 4.588235294117651297e-01 0.000000000000000000e+00 1.000000000000000000e+00
1.000000000000000000e+00 5.058823529411766717e-01 0.000000000000000000e+00 1.000000000000000000e+00
1.000000000000000000e+00 5.529411764705888244e-01 0.000000000000000000e+00 1.000000000000000000e+00
1.000000000000000000e+00 6.000000000000001998e-01 0.000000000000000000e+00 1.000000000000000000e+00
1.000000000000000000e+00 6.156862745098040657e-01 0.000000000000000000e+00 1.000000000000000000e+00
1.000000000000000000e+00 6.313725490196079315e-01 0.000000000000000000e+00 1.000000000000000000e+00
1.000000000000000000e+00 6.470588235294119084e-01 0.000000000000000000e+00 1.000000000000000000e+00
1.000000000000000000e+00 6.627450980392158852e-01 0.000000000000000000e+00 1.000000000000000000e+00
1.000000000000000000e+00 6.784313725490197511e-01 0.000000000000000000e+00 1.000000000000000000e+00
1.000000000000000000e+00 6.941176470588235059e-01 0.000000000000000000e+00 1.000000000000000000e+00
1.000000000000000000e+00 7.098039215686275938e-01 0.000000000000000000e+00 1.000000000000000000e+00
1.000000000000000000e+00 7.254901960784314596e-01 0.000000000000000000e+00 1.000000000000000000e+00
1.000000000000000000e+00 7.411764705882353255e-01 0.000000000000000000e+00 1.000000000000000000e+00
1.000000000000000000e+00 7.568627450980391913e-01 0.000000000000000000e+00 1.000000000000000000e+00
1.000000000000000000e+00 7.725490196078431682e-01 0.000000000000000000e+00 1.000000000000000000e+00
1.000000000000000000e+00 7.882352941176471450e-01 0.000000000000000000e+00 1.000000000000000000e+00
9.986921568627451506e-01 8.026137254901961615e-01 0.000000000000000000e+00 1.000000000000000000e+00
9.934607843137255312e-01 8.130686274509804079e-01 0.000000000000000000e+00 1.000000000000000000e+00
9.882294117647060228e-01 8.235235294117645433e-01 0.000000000000000000e+00 1.000000000000000000e+00
9.829980392156862923e-01 8.339784313725490117e-01 0.000000000000000000e+00 1.000000000000000000e+00
9.777666666666666728e-01 8.444333333333333691e-01 0.000000000000000000e+00 1.000000000000000000e+00
9.725352941176470534e-01 8.548882352941176155e-01 0.000000000000000000e+00 1.000000000000000000e+00
9.673039215686275449e-01 8.653431372549018619e-01 0.000000000000000000e+00 1.000000000000000000e+00
9.620725490196079255e-01 8.757980392156862193e-01 0.000000000000000000e+00 1.000000000000000000e+00
9.568411764705883060e-01 8.862529411764705767e-01 0.000000000000000000e+00 1.000000000000000000e+00
9.516098039215686866e-01 8.967078431372548231e-01 0.000000000000000000e+00 1.000000000000000000e+00
9.463784313725491781e-01 9.071627450980389584e-01 0.000000000000000000e+00 1.000000000000000000e+00
9.411470588235294477e-01 9.176176470588234269e-01 0.000000000000000000e+00 1.000000000000000000e+00
9.359156862745099392e-01 9.280725490196077843e-01 0.000000000000000000e+00 1.000000000000000000e+00
9.254568627450983076e-01 9.359156862745097172e-01 0.000000000000000000e+00 1.000000000000000000e+00
9.097705882352943307e-01 9.411470588235293366e-01 0.000000000000000000e+00 1.000000000000000000e+00
8.940843137254903539e-01 9.463784313725489561e-01 0.000000000000000000e+00 1.000000000000000000e+00
8.783980392156864880e-01 9.516098039215685755e-01 0.000000000000000000e+00 1.000000000000000000e+00
8.627117647058825112e-01 9.568411764705881950e-01 0.000000000000000000e+00 1.000000000000000000e+00
8.470254901960787564e-01 9.620725490196077034e-01 0.000000000000000000e+00 1.000000000000000000e+00
8.313392156862746685e-01 9.673039215686274339e-01 0.000000000000000000e+00 1.000000000000000000e+00
8.156529411764706916e-01 9.725352941176470534e-01 0.000000000000000000e+00 1.000000000000000000e+00
7.999666666666667147e-01 9.777666666666666728e-01 0.000000000000000000e+00 1.000000000000000000e+00
7.842803921568627379e-01 9.829980392156862923e-01 0.000000000000000000e+00 1.000000000000000000e+00
7.685941176470587610e-01 9.882294117647059117e-01 0.000000000000000000e+00 1.000000000000000000e+00
7.529078431372548952e-01 9.934607843137255312e-01 0.000000000000000000e+00 1.000000000000000000e+00
7.372215686274509183e-01 9.986921568627451506e-01 0.000000000000000000e+00 1.000000000000000000e+00
6.901647058823536796e-01 1.000000000000000000e+00 0.000000000000000000e+00 1.000000000000000000e+00
6.326509803921568365e-01 1.000000000000000000e+00 0.000000000000000000e+00 1.000000000000000000e+00
5.751372549019607705e-01 1.000000000000000000e+00 0.000000000000000000e+00 1.000000000000000000e+00
5.176235294117647046e-01 1.000000000000000000e+00 0.000000000000000000e+00 1.000000000000000000e+00
4.601098039215685831e-01 1.000000000000000000e+00 0.000000000000000000e+00 1.000000000000000000e+00
4.025960784313725171e-01 1.000000000000000000e+00 0.000000000000000000e+00 1.000000000000000000e+00
3.450823529411764512e-01 1.000000000000000000e+00 0.000000000000000000e+00 1.000000000000000000e+00
2.875686274509803853e-01 1.000000000000000000e+00 0.000000000000000000e+00 1.000000000000000000e+00
2.300549019607851520e-01 1.000000000000000000e+00 0.000000000000000000e+00 1.000000000000000000e+00
1.725411764705883089e-01 1.000000000000000000e+00 0.000000000000000000e+00 1.000000000000000000e+00
1.150274509803921319e-01 1.000000000000000000e+00 0.000000000000000000e+00 1.000000000000000000e+00
5.751372549019606595e-02 1.000000000000000000e+00 0.000000000000000000e+00 1.000000000000000000e+00
0.000000000000000000e+00 1.000000000000000000e+00 0.000000000000000000e+00 1.000000000000000000e+00
0.000000000000000000e+00 9.895450980392156426e-01 0.000000000000000000e+00 1.000000000000000000e+00
0.000000000000000000e+00 9.790901960784313962e-01 0.000000000000000000e+00 1.000000000000000000e+00
0.000000000000000000e+00 9.686352941176470388e-01 0.000000000000000000e+00 1.000000000000000000e+00
0.000000000000000000e+00 9.581803921568629034e-01 0.000000000000000000e+00 1.000000000000000000e+00
0.000000000000000000e+00 9.477254901960784350e-01 0.000000000000000000e+00 1.000000000000000000e+00
0.000000000000000000e+00 9.372705882352940776e-01 0.000000000000000000e+00 1.000000000000000000e+00
0.000000000000000000e+00 9.268156862745097202e-01 0.000000000000000000e+00 1.000000000000000000e+00
0.000000000000000000e+00 9.163607843137253628e-01 0.000000000000000000e+00 1.000000000000000000e+00
0.000000000000000000e+00 9.059058823529411164e-01 0.000000000000000000e+00 1.000000000000000000e+00
0.000000000000000000e+00 8.954509803921567590e-01 0.000000000000000000e+00 1.000000000000000000e+00
0.000000000000000000e+00 8.849960784313724016e-01 0.000000000000000000e+00 1.000000000000000000e+00
0.000000000000000000e+00 8.745411764705882662e-01 0.000000000000000000e+00 1.000000000000000000e+00
0.000000000000000000e+00 8.640843137254901052e-01 0.000000000000000000e+00 1.000000000000000000e+00
0.000000000000000000e+00 8.536215686274508663e-01 0.000000000000000000e+00 1.000000000000000000e+00
0.000000000000000000e+00 8.431588235294116274e-01 0.000000000000000000e+00 1.000000000000000000e+00
0.000000000000000000e+00 8.326960784313723885e-01 0.000000000000000000e+00 1.000000000000000000e+00
0.000000000000000000e+00 8.222333333333332606e-01 0.000000000000000000e+00 1.000000000000000000e+00
0.000000000000000000e+00 8.117705882352940217e-01 0.000000000000000000e+00 1.000000000000000000e+00
0.000000000000000000e+00 8.013078431372547827e-01 0.000000000000000000e+00 1.000000000000000000e+00
0.000000000000000000e+00 7.908450980392157659e-01 0.000000000000000000e+00 1.000000000000000000e+00
0.000000000000000000e+00 7.803823529411764159e-01 0.000000000000000000e+00 1.000000000000000000e+00
0.000000000000000000e+00 7.699196078431371770e-01 0.000000000000000000e+00 1.000000000000000000e+00
0.000000000000000000e+00 7.594568627450979381e-01 0.000000000000000000e+00 1.000000000000000000e+00
0.000000000000000000e+00 7.489941176470588102e-01 0.000000000000000000e+00 1.000000000000000000e+00
0.000000000000000000e+00 7.280725490196078287e-01 0.000000000000000000e+00 1.000000000000000000e+00
0.000000000000000000e+00 7.176176470588234713e-01 0.000000000000000000e+00 1.000000000000000000e+00
0.000000000000000000e+00 7.071627450980392249e-01 0.000000000000000000e+00 1.000000000000000000e+00
0.000000000000000000e+00 6.967078431372548675e-01 0.000000000000000000e+00 1.000000000000000000e+00
0.000000000000000000e+00 6.862529411764708431e-01 0.000000000000000000e+00 1.000000000000000000e+00
0.000000000000000000e+00 6.757980392156862637e-01 0.000000000000000000e+00 1.000000000000000000e+00
0.000000000000000000e+00 6.653431372549019063e-01 0.000000000000000000e+00 1.000000000000000000e+00
0.000000000000000000e+00 6.548882352941176599e-01 0.000000000000000000e+00 1.000000000000000000e+00
0.000000000000000000e+00 6.444333333333333025e-01 0.000000000000000000e+00 1.000000000000000000e+00
0.000000000000000000e+00 6.339784313725489451e-01 0.000000000000000000e+00 1.000000000000000000e+00
0.000000000000000000e+00 6.235235294117646987e-01 0.000000000000000000e+00 1.000000000000000000e+00
0.000000000000000000e+00 6.130686274509803413e-01 0.000000000000000000e+00 1.000000000000000000e+00
0.000000000000000000e+00 6.026137254901960949e-01 0.000000000000000000e+00 1.000000000000000000e+00
0.000000000000000000e+00 6.039235294117646369e-01 3.137058823529411539e-02 1.000000000000000000e+00
0.000000000000000000e+00 6.091549019607842563e-01 7.319803921568628080e-02 1.000000000000000000e+00
0.000000000000000000e+00 6.143862745098038758e-01 1.150254901960784393e-01 1.000000000000000000e+00
0.000000000000000000e+00 6.196176470588234952e-01 1.568529411764705839e-01 1.000000000000000000e+00
0.000000000000000000e+00 6.248490196078431147e-01 1.986803921568627562e-01 1.000000000000000000e+00
0.000000000000000000e+00 6.300803921568627342e-01 2.405078431372549008e-01 1.000000000000000000e+00
0.000000000000000000e+00 6.353117647058823536e-01 2.823352941176470732e-01 1.000000000000000000e+00
0.000000000000000000e+00 6.405431372549017510e-01 3.241627450980379965e-01 1.000000000000000000e+00
0.000000000000000000e+00 6.457745098039215925e-01 3.659901960784313624e-01 1.000000000000000000e+00
0.000000000000000000e+00 6.510058823529411010e-01 4.078176470588235070e-01 1.000000000000000000e+00
0.000000000000000000e+00 6.562372549019607204e-01 4.496450980392157071e-01 1.000000000000000000e+00
0.000000000000000000e+00 6.614686274509803399e-01 4.914725490196077962e-01 1.000000000000000000e+00
0.000000000000000000e+00 6.666999999999999593e-01 5.332999999999999963e-01 1.000000000000000000e+00
0.000000000000000000e+00 6.666999999999999593e-01 5.437627450980392352e-01 1.000000000000000000e+00
0.000000000000000000e+00 6.666999999999999593e-01 5.542254901960784741e-01 1.000000000000000000e+00
0.000000000000000000e+00 6.666999999999999593e-01 5.646882352941176020e-01 1.000000000000000000e+00
0.000000000000000000e+00 6.666999999999999593e-01 5.751509803921568409e-01 1.000000000000000000e+00
0.000000000000000000e+00 6.666999999999999593e-01 5.856137254901960798e-01 1.000000000000000000e+00
0.000000000000000000e+00 6.666999999999999593e-01 5.960764705882353187e-01 1.000000000000000000e+00
0.000000000000000000e+00 6.666999999999999593e-01 6.065392156862744466e-01 1.000000000000000000e+00
0.000000000000000000e+00 6.666999999999999593e-01 6.170019607843136855e-01 1.000000000000000000e+00
0.000000000000000000e+00 6.666999999999999593e-01 6.274647058823529244e-01 1.000000000000000000e+00
0.000000000000000000e+00 6.666999999999999593e-01 6.379274509803921633e-01 1.000000000000000000e+00
0.000000000000000000e+00 6.666999999999999593e-01 6.483901960784310692e-01 1.000000000000000000e+00
0.000000000000000000e+00 6.666999999999999593e-01 6.588529411764705301e-01 1.000000000000000000e+00
0.000000000000000000e+00 6.653921568627451100e-01 6.706215686274509258e-01 1.000000000000000000e+00
0.000000000000000000e+00 6.601607843137254905e-01 6.863078431372549026e-01 1.000000000000000000e+00
0.000000000000000000e+00 6.549294117647058711e-01 7.019941176470587685e-01 1.000000000000000000e+00
0.000000000000000000e+00 6.496980392156862516e-01 7.176803921568627453e-01 1.000000000000000000e+00
0.000000000000000000e+00 6.444666666666666321e-01 7.333666666666666112e-01 1.000000000000000000e+00
0.000000000000000000e+00 6.392352941176470127e-01 7.490529411764705880e-01 1.000000000000000000e+00
0.000000000000000000e+00 6.340039215686273932e-01 7.647392156862744539e-01 1.000000000000000000e+00
0.000000000000000000e+00 6.287725490196077738e-01 7.804254901960784307e-01 1.000000000000000000e+00
0.000000000000000000e+00 6.235411764705881543e-01 7.961117647058824076e-01 1.000000000000000000e+00
0.000000000000000000e+00 6.183098039215686459e-01 8.117980392156862735e-01 1.000000000000000000e+00
0.000000000000000000e+00 6.130784313725490264e-01 8.274843137254902503e-01 1.000000000000000000e+00
0.000000000000000000e+00 6.078470588235294070e-01 8.431705882352941162e-01 1.000000000000000000e+00
0.000000000000000000e+00 6.026156862745097875e-01 8.588568627450980930e-01 1.000000000000000000e+00
0.000000000000000000e+00 5.947725490196078546e-01 8.667000000000000259e-01 1.000000000000000000e+00
0.000000000000000000e+00 5.843176470588238303e-01 8.667000000000000259e-01 1.000000000000000000e+00
0.000000000000000000e+00 5.738627450980392508e-01 8.667000000000000259e-01 1.000000000000000000e+00
0.000000000000000000e+00 5.634078431372548934e-01 8.667000000000000259e-01 1.000000000000000000e+00
0.000000000000000000e+00 5.529529411764705360e-01 8.667000000000000259e-01 1.000000000000000000e+00
0.000000000000000000e+00 5.424980392156862896e-01 8.667000000000000259e-01 1.000000000000000000e+00
0.000000000000000000e+00 5.320431372549019322e-01 8.667000000000000259e-01 1.000000000000000000e+00
0.000000000000000000e+00 5.215882352941176858e-01 8.667000000000000259e-01 1.000000000000000000e+00
0.000000000000000000e+00 5.111333333333333284e-01 8.667000000000000259e-01 1.000000000000000000e+00
0.000000000000000000e+00 5.006784313725489710e-01 8.667000000000000259e-01 1.000000000000000000e+00
0.000000000000000000e+00 4.902235294117647246e-01 8.667000000000000259e-01 1.000000000000000000e+00
0.000000000000000000e+00 4.797686274509803672e-01 8.667000000000000259e-01 1.000000000000000000e+00
0.000000000000000000e+00 4.693137254901961208e-01 8.667000000000000259e-01 1.000000000000000000e+00
0.000000000000000000e+00 4.392470588235294349e-01 8.667000000000000259e-01 1.000000000000000000e+00
0.000000000000000000e+00 4.026431372549019727e-01 8.667000000000000259e-01 1.000000000000000000e+00
0.000000000000000000e+00 3.660392156862745106e-01 8.667000000000000259e-01 1.000000000000000000e+00
0.000000000000000000e+00 3.294352941176470484e-01 8.667000000000000259e-01 1.000000000000000000e+00
0.000000000000000000e+00 2.928313725490206409e-01 8.667000000000000259e-01 1.000000000000000000e+00
0.000000000000000000e+00 2.562274509803921241e-01 8.667000000000000259e-01 1.000000000000000000e+00
0.000000000000000000e+00 2.196235294117647174e-01 8.667000000000000259e-01 1.000000000000000000e+00
0.000000000000000000e+00 1.830196078431372553e-01 8.667000000000000259e-01 1.000000000000000000e+00
0.000000000000000000e+00 1.464156862745097931e-01 8.667000000000000259e-01 1.000000000000000000e+00
0.000000000000000000e+00 1.098117647058823865e-01 8.667000000000000259e-01 1.000000000000000000e+00
0.000000000000000000e+00 7.320784313725492432e-02 8.667000000000000259e-01 1.000000000000000000e+00
0.000000000000000000e+00 3.660392156862746216e-02 8.667000000000000259e-01 1.000000000000000000e+00
0.000000000000000000e+00 0.000000000000000000e+00 8.667000000000000259e-01 1.000000000000000000e+00
0.000000000000000000e+00 0.000000000000000000e+00 8.510137254901960491e-01 1.000000000000000000e+00
0.000000000000000000e+00 0.000000000000000000e+00 8.353274509803921832e-01 1.000000000000000000e+00
0.000000000000000000e+00 0.000000000000000000e+00 8.196411764705882064e-01 1.000000000000000000e+00
0.000000000000000000e+00 0.000000000000000000e+00 8.039549019607843405e-01 1.000000000000000000e+00
0.000000000000000000e+00 0.000000000000000000e+00 7.882686274509803637e-01 1.000000000000000000e+00
0.000000000000000000e+00 0.000000000000000000e+00 7.725823529411764978e-01 1.000000000000000000e+00
0.000000000000000000e+00 0.000000000000000000e+00 7.568960784313725210e-01 1.000000000000000000e+00
0.000000000000000000e+00 0.000000000000000000e+00 7.412098039215690992e-01 1.000000000000000000e+00
0.000000000000000000e+00 0.000000000000000000e+00 7.255235294117646783e-01 1.000000000000000000e+00
0.000000000000000000e+00 0.000000000000000000e+00 7.098372549019607014e-01 1.000000000000000000e+00
0.000000000000000000e+00 0.000000000000000000e+00 6.941509803921568356e-01 1.000000000000000000e+00
0.000000000000000000e+00 0.000000000000000000e+00 6.784647058823529697e-01 1.000000000000000000e+00
1.045686274509803962e-02 0.000000000000000000e+00 6.653921568627451100e-01 1.000000000000000000e+00
5.228431372549019462e-02 0.000000000000000000e+00 6.601607843137254905e-01 1.000000000000000000e+00
9.411176470588235310e-02 0.000000000000000000e+00 6.549294117647058711e-01 1.000000000000000000e+00
1.359392156862745116e-01 0.000000000000000000e+00 6.496980392156862516e-01 1.000000000000000000e+00
1.777666666666666562e-01 0.000000000000000000e+00 6.444666666666666321e-01 1.000000000000000000e+00
2.195941176470588008e-01 0.000000000000000000e+00 6.392352941176470127e-01 1.000000000000000000e+00
2.614215686274509731e-01 0.000000000000000000e+00 6.340039215686273932e-01 1.000000000000000000e+00
3.032490196078431177e-01 0.000000000000000000e+00 6.287725490196077738e-01 1.000000000000000000e+00
3.450764705882353178e-01 0.000000000000000000e+00 6.235411764705881543e-01 1.000000000000000000e+00
3.869039215686274624e-01 0.000000000000000000e+00 6.183098039215686459e-01 1.000000000000000000e+00
4.287313725490196070e-01 0.000000000000000000e+00 6.130784313725490264e-01 1.000000000000000000e+00
4.705588235294105859e-01 0.000000000000000000e+00 6.078470588235295180e-01 1.000000000000000000e+00
5.123862745098038962e-01 0.000000000000000000e+00 6.026156862745097875e-01 1.000000000000000000e+00
5.306882352941176828e-01 0.000000000000000000e+00 5.973843137254901681e-01 1.000000000000000000e+00
5.254647058823529449e-01 0.000000000000000000e+00 5.921529411764705486e-01 1.000000000000000000e+00
5.202411764705882069e-01 0.000000000000000000e+00 5.869215686274509292e-01 1.000000000000000000e+00
5.150176470588234690e-01 0.000000000000000000e+00 5.816901960784313097e-01 1.000000000000000000e+00
5.097941176470588420e-01 0.000000000000000000e+00 5.764588235294118013e-01 1.000000000000000000e+00
5.045705882352941041e-01 0.000000000000000000e+00 5.712274509803921818e-01 1.000000000000000000e+00
4.993470588235294216e-01 0.000000000000000000e+00 5.659960784313725624e-01 1.000000000000000000e+00
4.941235294117646837e-01 0.000000000000000000e+00 5.607647058823529429e-01 1.000000000000000000e+00
4.889000000000000012e-01 0.000000000000000000e+00 5.555333333333333234e-01 1.000000000000000000e+00
4.836764705882353188e-01 0.000000000000000000e+00 5.503019607843137040e-01 1.000000000000000000e+00
4.784529411764705809e-01 0.000000000000000000e+00 5.450705882352940845e-01 1.000000000000000000e+00
4.732294117647058984e-01 0.000000000000000000e+00 5.398392156862744651e-01 1.000000000000000000e+00
4.680058823529411605e-01 0.000000000000000000e+00 5.346078431372549566e-01 1.000000000000000000e+00
4.392470588235294349e-01 0.000000000000000000e+00 5.019294117647058462e-01 1.000000000000000000e+00
4.026431372549030274e-01 0.000000000000000000e+00 4.601019607843149228e-01 1.000000000000000000e+00
3.660392156862745106e-01 0.000000000000000000e+00 4.182745098039215570e-01 1.000000000000000000e+00
3.294352941176470484e-01 0.000000000000000000e+00 3.764470588235294124e-01 1.000000000000000000e+00
2.928313725490195862e-01 0.000000000000000000e+00 3.346196078431372678e-01 1.000000000000000000e+00
2.562274509803921241e-01 0.000000000000000000e+00 2.927921568627450677e-01 1.000000000000000000e+00
2.196235294117647174e-01 0.000000000000000000e+00 2.509647058823529231e-01 1.000000000000000000e+00
1.830196078431372553e-01 0.000000000000000000e+00 2.091372549019608340e-01 1.000000000000000000e+00
1.464156862745097931e-01 0.000000000000000000e+00 1.673098039215686339e-01 1.000000000000000000e+00
1.098117647058823865e-01 0.000000000000000000e+00 1.254823529411764893e-01 1.000000000000000000e+00
7.320784313725492432e-02 0.000000000000000000e+00 8.365490196078428919e-02 1.000000000000000000e+00
3.660392156862746216e-02 0.000000000000000000e+00 4.182745098039220011e-02 1.000000000000000000e+00
0.000000000000000000e+00 0.000000000000000000e+00 0.000000000000000000e+00 1.000000000000000000e+00
