4.980392156862745168e-01 1.529411764705882470e-01 1.568627450980392135e-02 1.000000000000000000e+00
5.028373702422145319e-01 1.547866205305651888e-01 1.556324490580545880e-02 1.000000000000000000e+00
5.076355247981545471e-01 1.566320645905421027e-01 1.544021530180699625e-02 1.000000000000000000e+00
5.124336793540945623e-01 1.584775086505190445e-01 1.531718569780853544e-02 1.000000000000000000e+00
5.172318339100345774e-01 1.603229527104959862e-01 1.519415609381007289e-02 1.000000000000000000e+00
5.220299884659745926e-01 1.621683967704729001e-01 1.507112648981161034e-02 1.000000000000000000e+00
5.268281430219146078e-01 1.640138408304498419e-01 1.494809688581314779e-02 1.000000000000000000e+00
5.316262975778547339e-01 1.658592848904267558e-01 1.482506728181468697e-02 1.000000000000000000e+00
5.364244521337947491e-01 1.677047289504036975e-01 1.470203767781622442e-02 1.000000000000000000e+00
5.412226066897347643e-01 1.695501730103806393e-01 1.457900807381776187e-02 1.000000000000000000e+00
5.460207612456747794e-01 1.713956170703575532e-01 1.445597846981929932e-02 1.000000000000000000e+00
5.508189158016147946e-01 1.732410611303344949e-01 1.433294886582083677e-02 1.000000000000000000e+00
5.556170703575548098e-01 1.750865051903114367e-01 1.420991926182237422e-02 1.000000000000000000e+00
5.604152249134948249e-01 1.769319492502883506e-01 1.408688965782391340e-02 1.000000000000000000e+00
5.652133794694348401e-01 1.787773933102652923e-01 1.396386005382545085e-02 1.000000000000000000e+00
5.700115340253748553e-01 1.806228373702422063e-01 1.384083044982698830e-02 1.000000000000000000e+00
5.748096885813148704e-01 1.824682814302191480e-01 1.371780084582852749e-02 1.000000000000000000e+00
5.796078431372548856e-01 1.843137254901960898e-01 1.359477124183006494e-02 1.000000000000000000e+00
5.844059976931949008e-01 1.861591695501730037e-01 1.347174163783160239e-02 1.000000000000000000e+00
5.892041522491349159e-01 1.880046136101499454e-01 1.334871203383313984e-02 1.000000000000000000e+00
5.940023068050750421e-01 1.898500576701268594e-01 1.322568242983467729e-02 1.000000000000000000e+00
5.988004613610149462e-01 1.916955017301038011e-01 1.310265282583621474e-02 1.000000000000000000e+00
6.035986159169550724e-01 1.935409457900807428e-01 1.297962322183775392e-02 1.000000000000000000e+00
6.083967704728950876e-01 1.953863898500576846e-01 1.285659361783929137e-02 1.000000000000000000e+00
6.131949250288351028e-01 1.972318339100345985e-01 1.273356401384082882e-02 1.000000000000000000e+00
6.179930795847751179e-01 1.990772779700115402e-01 1.261053440984236627e-02 1.000000000000000000e+00
6.227912341407151331e-01 2.009227220299884542e-01 1.248750480584390546e-02 1.000000000000000000e+00
6.275893886966551483e-01 2.027681660899653959e-01 1.236447520184544291e-02 1.000000000000000000e+00
6.323875432525951634e-01 2.046136101499423376e-01 1.224144559784698036e-02 1.000000000000000000e+00
6.371856978085351786e-01 2.064590542099192516e-01 1.211841599384851781e-02 1.000000000000000000e+00
6.419838523644751938e-01 2.083044982698961933e-01 1.199538638985005526e-02 1.000000000000000000e+00
6.467820069204152089e-01 2.101499423298731073e-01 1.187235678585159271e-02 1.000000000000000000e+00
6.517647058823529127e-01 2.120415224913494712e-01 1.173394848135332451e-02 1.000000000000000000e+00
6.580392156862744368e-01 2.142560553633217901e-01 1.148788927335640114e-02 1.000000000000000000e+00
6.643137254901960720e-01 2.164705882352941091e-01 1.124183006535947604e-02 1.000000000000000000e+00
6.705882352941177071e-01 2.186851211072664281e-01 1.099577085736255094e-02 1.000000000000000000e+00
6.768627450980392313e-01 2.208996539792387470e-01 1.074971164936562758e-02 1.000000000000000000e+00
6.831372549019607554e-01 2.231141868512110660e-01 1.050365244136870421e-02 1.000000000000000000e+00
6.894117647058823906e-01 2.253287197231833849e-01 1.025759323337177911e-02 1.000000000000000000e+00
6.956862745098039147e-01 2.275432525951557039e-01 1.001153402537485401e-02 1.000000000000000000e+00
7.019607843137254388e-01 2.297577854671280229e-01 9.765474817377930647e-03 1.000000000000000000e+00
7.082352941176470740e-01 2.319723183391003141e-01 9.519415609381007282e-03 1.000000000000000000e+00
7.145098039215685981e-01 2.341868512110726608e-01 9.273356401384082182e-03 1.000000000000000000e+00
7.207843137254902333e-01 2.364013840830449797e-01 9.027297193387157082e-03 1.000000000000000000e+00
7.270588235294117574e-01 2.386159169550172987e-01 8.781237985390233716e-03 1.000000000000000000e+00
7.333333333333332815e-01 2.408304498269895899e-01 8.535178777393310351e-03 1.000000000000000000e+00
7.396078431372549167e-01 2.430449826989619366e-01 8.289119569396385251e-03 1.000000000000000000e+00
7.458823529411764408e-01 2.452595155709342556e-01 8.043060361399460151e-03 1.000000000000000000e+00
7.521568627450980760e-01 2.474740484429065746e-01 7.797001153402536786e-03 1.000000000000000000e+00
7.584313725490196001e-01 2.496885813148788658e-01 7.550941945405614288e-03 1.000000000000000000e+00
7.647058823529411242e-01 2.519031141868511847e-01 7.304882737408688320e-03 1.000000000000000000e+00
7.709803921568627594e-01 2.541176470588235037e-01 7.058823529411764088e-03 1.000000000000000000e+00
7.772549019607842835e-01 2.563321799307958226e-01 6.812764321414839855e-03 1.000000000000000000e+00
7.835294117647058076e-01 2.585467128027681416e-01 6.566705113417917357e-03 1.000000000000000000e+00
7.898039215686274428e-01 2.607612456747404606e-01 6.320645905420991389e-03 1.000000000000000000e+00
7.960784313725489669e-01 2.629757785467127795e-01 6.074586697424067157e-03 1.000000000000000000e+00
8.023529411764706021e-01 2.651903114186850985e-01 5.828527489427142924e-03 1.000000000000000000e+00
8.086274509803921262e-01 2.674048442906574174e-01 5.582468281430220426e-03 1.000000000000000000e+00
8.149019607843137614e-01 2.696193771626297364e-01 5.336409073433294459e-03 1.000000000000000000e+00
8.211764705882352855e-01 2.718339100346020554e-01 5.090349865436370226e-03 1.000000000000000000e+00
8.274509803921568096e-01 2.740484429065743743e-01 4.844290657439445993e-03 1.000000000000000000e+00
8.337254901960783338e-01 2.762629757785466933e-01 4.598231449442523495e-03 1.000000000000000000e+00
8.399999999999999689e-01 2.784775086505190123e-01 4.352172241445597528e-03 1.000000000000000000e+00
8.462745098039214930e-01 2.806920415224913312e-01 4.106113033448673295e-03 1.000000000000000000e+00
8.517185697808534739e-01 2.833679354094578717e-01 4.475201845444060078e-03 1.000000000000000000e+00
8.546712802768166028e-01 2.874279123414071324e-01 6.689734717416378172e-03 1.000000000000000000e+00
8.576239907727796208e-01 2.914878892733563376e-01 8.904267589388665041e-03 1.000000000000000000e+00
8.605767012687427497e-01 2.955478662053056538e-01 1.111880046136101349e-02 1.000000000000000000e+00
8.635294117647058787e-01 2.996078431372549145e-01 1.333333333333333245e-02 1.000000000000000000e+00
8.664821222606688966e-01 3.036678200692041196e-01 1.554786620530565142e-02 1.000000000000000000e+00
8.694348327566320256e-01 3.077277970011533803e-01 1.776239907727797038e-02 1.000000000000000000e+00
8.723875432525951545e-01 3.117877739331026410e-01 1.997693194925028934e-02 1.000000000000000000e+00
8.753402537485581725e-01 3.158477508650519017e-01 2.219146482122260830e-02 1.000000000000000000e+00
8.782929642445213014e-01 3.199077277970011624e-01 2.440599769319492726e-02 1.000000000000000000e+00
8.812456747404843194e-01 3.239677047289503120e-01 2.662053056516721500e-02 1.000000000000000000e+00
8.841983852364474483e-01 3.280276816608996282e-01 2.883506343713956172e-02 1.000000000000000000e+00
8.871510957324105773e-01 3.320876585928488889e-01 3.104959630911188068e-02 1.000000000000000000e+00
8.901038062283737062e-01 3.361476355247981496e-01 3.326412918108419964e-02 1.000000000000000000e+00
8.930565167243367242e-01 3.402076124567474102e-01 3.547866205305651860e-02 1.000000000000000000e+00
8.960092272202998531e-01 3.442675893886966154e-01 3.769319492502883756e-02 1.000000000000000000e+00
8.989619377162629821e-01 3.483275663206458761e-01 3.990772779700114958e-02 1.000000000000000000e+00
9.019146482122260000e-01 3.523875432525951368e-01 4.212226066897346854e-02 1.000000000000000000e+00
9.048673587081891290e-01 3.564475201845443419e-01 4.433679354094575281e-02 1.000000000000000000e+00
9.078200692041522579e-01 3.605074971164936581e-01 4.655132641291810647e-02 1.000000000000000000e+00
9.107727797001152759e-01 3.645674740484429188e-01 4.876585928489042543e-02 1.000000000000000000e+00
9.137254901960784048e-01 3.686274509803921240e-01 5.098039215686274439e-02 1.000000000000000000e+00
9.166782006920415338e-01 3.726874279123413847e-01 5.319492502883506335e-02 1.000000000000000000e+00
9.196309111880045517e-01 3.767474048442906454e-01 5.540945790080737537e-02 1.000000000000000000e+00
9.225836216839676807e-01 3.808073817762399060e-01 5.762399077277969434e-02 1.000000000000000000e+00
9.255363321799308096e-01 3.848673587081891112e-01 5.983852364475201330e-02 1.000000000000000000e+00
9.284890426758938275e-01 3.889273356401383164e-01 6.205305651672430450e-02 1.000000000000000000e+00
9.314417531718569565e-01 3.929873125720876326e-01 6.426758938869664428e-02 1.000000000000000000e+00
9.343944636678200855e-01 3.970472895040368932e-01 6.648212226066896324e-02 1.000000000000000000e+00
9.373471741637831034e-01 4.011072664359861539e-01 6.869665513264128220e-02 1.000000000000000000e+00
9.402998846597462324e-01 4.051672433679354146e-01 7.091118800461360117e-02 1.000000000000000000e+00
9.432525951557093613e-01 4.092272202998846753e-01 7.312572087658592013e-02 1.000000000000000000e+00
9.456516724336793134e-01 4.134256055363321747e-01 7.640138408304497641e-02 1.000000000000000000e+00
9.471280276816608223e-01 4.178546712802768126e-01 8.144559784698192362e-02 1.000000000000000000e+00
9.486043829296424423e-01 4.222837370242213950e-01 8.648981161091880143e-02 1.000000000000000000e+00
9.500807381776239513e-01 4.267128027681660885e-01 9.153402537485581802e-02 1.000000000000000000e+00
9.515570934256055713e-01 4.311418685121107264e-01 9.657823913879276523e-02 1.000000000000000000e+00
9.530334486735870803e-01 4.355709342560553643e-01 1.016224529027297124e-01 1.000000000000000000e+00
9.545098039215685892e-01 4.400000000000000022e-01 1.066666666666666596e-01 1.000000000000000000e+00
9.559861591695502092e-01 4.444290657439446401e-01 1.117108804306036207e-01 1.000000000000000000e+00
9.574625144175317182e-01 4.488581314878892781e-01 1.167550941945405540e-01 1.000000000000000000e+00
9.589388696655132271e-01 4.532871972318339160e-01 1.217993079584775012e-01 1.000000000000000000e+00
9.604152249134947361e-01 4.577162629757784984e-01 1.268435217224143652e-01 1.000000000000000000e+00
9.618915801614763561e-01 4.621453287197231918e-01 1.318877354863514095e-01 1.000000000000000000e+00
9.633679354094578651e-01 4.665743944636678298e-01 1.369319492502883429e-01 1.000000000000000000e+00
9.648442906574394851e-01 4.710034602076124677e-01 1.419761630142252762e-01 1.000000000000000000e+00
9.663206459054209940e-01 4.754325259515571056e-01 1.470203767781622373e-01 1.000000000000000000e+00
9.677970011534025030e-01 4.798615916955017435e-01 1.520645905420991983e-01 1.000000000000000000e+00
9.692733564013841230e-01 4.842906574394463814e-01 1.571088043060361317e-01 1.000000000000000000e+00
9.707497116493656319e-01 4.887197231833910194e-01 1.621530180699730650e-01 1.000000000000000000e+00
9.722260668973471409e-01 4.931487889273356018e-01 1.671972318339099428e-01 1.000000000000000000e+00
9.737024221453287609e-01 4.975778546712802952e-01 1.722414455978469594e-01 1.000000000000000000e+00
9.751787773933102699e-01 5.020069204152248776e-01 1.772856593617839205e-01 1.000000000000000000e+00
9.766551326412917788e-01 5.064359861591695156e-01 1.823298731257208538e-01 1.000000000000000000e+00
9.781314878892733988e-01 5.108650519031141535e-01 1.873740868896577871e-01 1.000000000000000000e+00
9.796078431372549078e-01 5.152941176470587914e-01 1.924183006535947482e-01 1.000000000000000000e+00
9.810841983852364168e-01 5.197231833910034293e-01 1.974625144175317093e-01 1.000000000000000000e+00
9.825605536332180368e-01 5.241522491349480672e-01 2.025067281814686426e-01 1.000000000000000000e+00
9.840369088811995457e-01 5.285813148788927052e-01 2.075509419454055204e-01 1.000000000000000000e+00
9.855132641291810547e-01 5.330103806228373431e-01 2.125951557093425648e-01 1.000000000000000000e+00
9.869896193771626747e-01 5.374394463667819810e-01 2.176393694732794981e-01 1.000000000000000000e+00
9.884659746251441836e-01 5.418685121107267300e-01 2.226835832372164314e-01 1.000000000000000000e+00
9.899423298731256926e-01 5.462975778546712569e-01 2.277277970011533648e-01 1.000000000000000000e+00
9.921568627450980671e-01 5.549711649365628441e-01 2.381853133410226919e-01 1.000000000000000000e+00
9.921568627450980671e-01 5.590311418685121048e-01 2.439677047289504075e-01 1.000000000000000000e+00
9.921568627450980671e-01 5.630911188004613654e-01 2.497500961168781231e-01 1.000000000000000000e+00
9.921568627450980671e-01 5.671510957324106261e-01 2.555324875048058386e-01 1.000000000000000000e+00
9.921568627450980671e-01 5.712110726643597758e-01 2.613148788927334154e-01 1.000000000000000000e+00
9.921568627450980671e-01 5.752710495963091475e-01 2.670972702806612697e-01 1.000000000000000000e+00
9.921568627450980671e-01 5.793310265282584082e-01 2.728796616685890131e-01 1.000000000000000000e+00
9.921568627450980671e-01 5.833910034602076689e-01 2.786620530565167009e-01 1.000000000000000000e+00
9.921568627450980671e-01 5.874509803921569295e-01 2.844444444444444442e-01 1.000000000000000000e+00
9.921568627450980671e-01 5.915109573241061902e-01 2.902268358323721875e-01 1.000000000000000000e+00
9.921568627450980671e-01 5.955709342560553399e-01 2.960092272202998753e-01 1.000000000000000000e+00
9.921568627450980671e-01 5.996309111880046006e-01 3.017916186082276186e-01 1.000000000000000000e+00
9.921568627450980671e-01 6.036908881199538612e-01 3.075740099961553065e-01 1.000000000000000000e+00
9.921568627450980671e-01 6.077508650519031219e-01 3.133564013840830498e-01 1.000000000000000000e+00
9.921568627450980671e-01 6.118108419838523826e-01 3.191387927720107376e-01 1.000000000000000000e+00
9.921568627450980671e-01 6.158708189158016433e-01 3.249211841599384809e-01 1.000000000000000000e+00
9.921568627450980671e-01 6.199307958477509040e-01 3.307035755478662242e-01 1.000000000000000000e+00
9.921568627450980671e-01 6.239907727797001646e-01 3.364859669357939120e-01 1.000000000000000000e+00
9.921568627450980671e-01 6.280507497116494253e-01 3.422683583237216554e-01 1.000000000000000000e+00
9.921568627450980671e-01 6.321107266435986860e-01 3.480507497116493987e-01 1.000000000000000000e+00
9.921568627450980671e-01 6.361707035755477246e-01 3.538331410995769200e-01 1.000000000000000000e+00
9.921568627450980671e-01 6.402306805074970963e-01 3.596155324875048298e-01 1.000000000000000000e+00
9.921568627450980671e-01 6.442906574394463570e-01 3.653979238754325731e-01 1.000000000000000000e+00
9.921568627450980671e-01 6.483506343713956177e-01 3.711803152633602609e-01 1.000000000000000000e+00
9.921568627450980671e-01 6.524106113033448784e-01 3.769627066512879487e-01 1.000000000000000000e+00
9.921568627450980671e-01 6.564705882352941391e-01 3.827450980392156921e-01 1.000000000000000000e+00
9.921568627450980671e-01 6.605305651672433997e-01 3.885274894271434354e-01 1.000000000000000000e+00
9.921568627450980671e-01 6.645905420991926604e-01 3.943098808150711232e-01 1.000000000000000000e+00
9.921568627450980671e-01 6.686505190311419211e-01 4.000922722029988665e-01 1.000000000000000000e+00
9.921568627450980671e-01 6.727104959630911818e-01 4.058746635909266098e-01 1.000000000000000000e+00
9.921568627450980671e-01 6.767704728950403315e-01 4.116570549788542976e-01 1.000000000000000000e+00
9.921568627450980671e-01 6.808304498269897032e-01 4.174394463667819855e-01 1.000000000000000000e+00
9.921568627450980671e-01 6.849673202614379175e-01 4.238369857747020242e-01 1.000000000000000000e+00
9.921568627450980671e-01 6.891503267973856373e-01 4.306036139946174401e-01 1.000000000000000000e+00
9.921568627450980671e-01 6.933333333333333570e-01 4.373702422145328561e-01 1.000000000000000000e+00
9.921568627450980671e-01 6.975163398692810768e-01 4.441368704344482721e-01 1.000000000000000000e+00
9.921568627450980671e-01 7.016993464052286855e-01 4.509034986543635215e-01 1.000000000000000000e+00
9.921568627450980671e-01 7.058823529411765163e-01 4.576701268742791040e-01 1.000000000000000000e+00
9.921568627450980671e-01 7.100653594771242361e-01 4.644367550941945200e-01 1.000000000000000000e+00
9.921568627450980671e-01 7.142483660130719558e-01 4.712033833141099359e-01 1.000000000000000000e+00
9.921568627450980671e-01 7.184313725490195646e-01 4.779700115340253519e-01 1.000000000000000000e+00
9.921568627450980671e-01 7.226143790849672843e-01 4.847366397539407679e-01 1.000000000000000000e+00
9.921568627450980671e-01 7.267973856209150041e-01 4.915032679738561838e-01 1.000000000000000000e+00
9.921568627450980671e-01 7.309803921568627239e-01 4.982698961937715998e-01 1.000000000000000000e+00
9.921568627450980671e-01 7.351633986928104436e-01 5.050365244136870713e-01 1.000000000000000000e+00
9.921568627450980671e-01 7.393464052287581634e-01 5.118031526336024317e-01 1.000000000000000000e+00
9.921568627450980671e-01 7.435294117647058831e-01 5.185697808535179032e-01 1.000000000000000000e+00
9.921568627450980671e-01 7.477124183006536029e-01 5.253364090734332637e-01 1.000000000000000000e+00
9.921568627450980671e-01 7.518954248366013227e-01 5.321030372933487351e-01 1.000000000000000000e+00
9.921568627450980671e-01 7.560784313725490424e-01 5.388696655132640956e-01 1.000000000000000000e+00
9.921568627450980671e-01 7.602614379084967622e-01 5.456362937331795671e-01 1.000000000000000000e+00
9.921568627450980671e-01 7.644444444444444819e-01 5.524029219530949275e-01 1.000000000000000000e+00
9.921568627450980671e-01 7.686274509803920907e-01 5.591695501730101769e-01 1.000000000000000000e+00
9.921568627450980671e-01 7.728104575163399215e-01 5.659361783929257594e-01 1.000000000000000000e+00
9.921568627450980671e-01 7.769934640522875302e-01 5.727028066128412309e-01 1.000000000000000000e+00
9.921568627450980671e-01 7.811764705882352500e-01 5.794694348327565914e-01 1.000000000000000000e+00
9.921568627450980671e-01 7.853594771241829697e-01 5.862360630526720628e-01 1.000000000000000000e+00
9.921568627450980671e-01 7.895424836601306895e-01 5.930026912725874233e-01 1.000000000000000000e+00
9.921568627450980671e-01 7.937254901960784093e-01 5.997693194925028948e-01 1.000000000000000000e+00
9.921568627450980671e-01 7.979084967320261290e-01 6.065359477124182552e-01 1.000000000000000000e+00
9.921568627450980671e-01 8.020915032679738488e-01 6.133025759323337267e-01 1.000000000000000000e+00
9.921568627450980671e-01 8.062745098039215685e-01 6.200692041522490872e-01 1.000000000000000000e+00
9.921568627450980671e-01 8.104575163398692883e-01 6.268358323721645586e-01 1.000000000000000000e+00
9.921568627450980671e-01 8.146405228758170081e-01 6.336024605920799191e-01 1.000000000000000000e+00
9.922491349480969669e-01 8.177162629757784851e-01 6.393540945790080476e-01 1.000000000000000000e+00
9.923721645520954260e-01 8.204229142637446959e-01 6.447673971549403582e-01 1.000000000000000000e+00
9.924951941560938851e-01 8.231295655517109067e-01 6.501806997308726688e-01 1.000000000000000000e+00
9.926182237600923441e-01 8.258362168396770064e-01 6.555940023068050904e-01 1.000000000000000000e+00
9.927412533640908032e-01 8.285428681276431062e-01 6.610073048827371789e-01 1.000000000000000000e+00
9.928642829680892623e-01 8.312495194156094280e-01 6.664206074586697115e-01 1.000000000000000000e+00
9.929873125720877214e-01 8.339561707035755278e-01 6.718339100346020221e-01 1.000000000000000000e+00
9.931103421760861805e-01 8.366628219915417386e-01 6.772472126105344437e-01 1.000000000000000000e+00
9.932333717800846395e-01 8.393694732795078384e-01 6.826605151864667542e-01 1.000000000000000000e+00
9.933564013840830986e-01 8.420761245674740492e-01 6.880738177623990648e-01 1.000000000000000000e+00
9.934794309880815577e-01 8.447827758554402600e-01 6.934871203383313754e-01 1.000000000000000000e+00
9.936024605920800168e-01 8.474894271434063597e-01 6.989004229142636859e-01 1.000000000000000000e+00
9.937254901960784759e-01 8.501960784313725705e-01 7.043137254901961075e-01 1.000000000000000000e+00
9.938485198000769349e-01 8.529027297193386703e-01 7.097270280661284181e-01 1.000000000000000000e+00
9.939715494040753940e-01 8.556093810073048811e-01 7.151403306420607286e-01 1.000000000000000000e+00
9.940945790080738531e-01 8.583160322952710919e-01 7.205536332179930392e-01 1.000000000000000000e+00
9.942176086120723122e-01 8.610226835832371917e-01 7.259669357939253498e-01 1.000000000000000000e+00
9.943406382160707713e-01 8.637293348712034025e-01 7.313802383698577714e-01 1.000000000000000000e+00
9.944636678200692304e-01 8.664359861591695022e-01 7.367935409457900819e-01 1.000000000000000000e+00
9.945866974240676894e-01 8.691426374471357130e-01 7.422068435217223925e-01 1.000000000000000000e+00
9.947097270280661485e-01 8.718492887351018128e-01 7.476201460976545921e-01 1.000000000000000000e+00
9.948327566320646076e-01 8.745559400230680236e-01 7.530334486735871247e-01 1.000000000000000000e+00
9.949557862360630667e-01 8.772625913110342344e-01 7.584467512495194352e-01 1.000000000000000000e+00
9.950788158400615258e-01 8.799692425990004452e-01 7.638600538254517458e-01 1.000000000000000000e+00
9.952018454440599848e-01 8.826758938869665450e-01 7.692733564013840564e-01 1.000000000000000000e+00
9.953248750480584439e-01 8.853825451749327557e-01 7.746866589773164780e-01 1.000000000000000000e+00
9.954479046520569030e-01 8.880891964628988555e-01 7.800999615532487885e-01 1.000000000000000000e+00
9.955709342560553621e-01 8.907958477508650663e-01 7.855132641291810991e-01 1.000000000000000000e+00
9.956939638600538212e-01 8.935024990388312771e-01 7.909265667051134097e-01 1.000000000000000000e+00
9.958169934640522802e-01 8.962091503267973769e-01 7.963398692810457202e-01 1.000000000000000000e+00
9.959400230680507393e-01 8.989158016147635877e-01 8.017531718569781418e-01 1.000000000000000000e+00
9.960630526720491984e-01 9.016224529027296875e-01 8.071664744329104524e-01 1.000000000000000000e+00
9.961860822760476575e-01 9.035755478662053086e-01 8.109650134563629598e-01 1.000000000000000000e+00
9.963091118800461166e-01 9.054209919261823059e-01 8.145328719723183841e-01 1.000000000000000000e+00
9.964321414840445756e-01 9.072664359861591921e-01 8.181007304882736975e-01 1.000000000000000000e+00
9.965551710880430347e-01 9.091118800461360783e-01 8.216685890042291218e-01 1.000000000000000000e+00
9.966782006920414938e-01 9.109573241061129645e-01 8.252364475201844352e-01 1.000000000000000000e+00
9.968012302960399529e-01 9.128027681660899617e-01 8.288043060361399705e-01 1.000000000000000000e+00
9.969242599000384120e-01 9.146482122260669589e-01 8.323721645520953949e-01 1.000000000000000000e+00
9.970472895040368710e-01 9.164936562860438451e-01 8.359400230680507082e-01 1.000000000000000000e+00
9.971703191080353301e-01 9.183391003460207314e-01 8.395078815840061326e-01 1.000000000000000000e+00
9.972933487120337892e-01 9.201845444059977286e-01 8.430757400999615570e-01 1.000000000000000000e+00
9.974163783160323593e-01 9.220299884659746148e-01 8.466435986159169813e-01 1.000000000000000000e+00
9.975394079200308184e-01 9.238754325259516120e-01 8.502114571318724057e-01 1.000000000000000000e+00
9.976624375240292775e-01 9.257208765859284982e-01 8.537793156478277190e-01 1.000000000000000000e+00
9.977854671280277365e-01 9.275663206459054955e-01 8.573471741637831434e-01 1.000000000000000000e+00
9.979084967320261956e-01 9.294117647058823817e-01 8.609150326797385677e-01 1.000000000000000000e+00
9.980315263360246547e-01 9.312572087658592679e-01 8.644828911956939921e-01 1.000000000000000000e+00
9.981545559400231138e-01 9.331026528258362651e-01 8.680507497116493054e-01 1.000000000000000000e+00
9.982775855440215729e-01 9.349480968858131513e-01 8.716186082276047298e-01 1.000000000000000000e+00
9.984006151480200320e-01 9.367935409457901486e-01 8.751864667435601541e-01 1.000000000000000000e+00
9.985236447520184910e-01 9.386389850057670348e-01 8.787543252595155785e-01 1.000000000000000000e+00
9.986466743560169501e-01 9.404844290657439210e-01 8.823221837754708918e-01 1.000000000000000000e+00
9.987697039600154092e-01 9.423298731257209182e-01 8.858900422914263162e-01 1.000000000000000000e+00
9.988927335640138683e-01 9.441753171856978044e-01 8.894579008073817405e-01 1.000000000000000000e+00
9.990157631680123274e-01 9.460207612456748016e-01 8.930257593233371649e-01 1.000000000000000000e+00
9.991387927720107864e-01 9.478662053056516879e-01 8.965936178392925893e-01 1.000000000000000000e+00
9.992618223760092455e-01 9.497116493656285741e-01 9.001614763552479026e-01 1.000000000000000000e+00
9.993848519800077046e-01 9.515570934256055713e-01 9.037293348712033270e-01 1.000000000000000000e+00
9.995078815840061637e-01 9.534025374855824575e-01 9.072971933871587513e-01 1.000000000000000000e+00
9.996309111880046228e-01 9.552479815455594547e-01 9.108650519031141757e-01 1.000000000000000000e+00
9.997539407920030818e-01 9.570934256055363409e-01 9.144329104190696000e-01 1.000000000000000000e+00
9.998769703960015409e-01 9.589388696655133382e-01 9.180007689350249134e-01 1.000000000000000000e+00
1.000000000000000000e+00 9.607843137254902244e-01 9.215686274509803377e-01 1.000000000000000000e+00
