4.980392156862745168e-01 0.000000000000000000e+00 0.000000000000000000e+00 1.000000000000000000e+00
5.044367550941945000e-01 0.000000000000000000e+00 0.000000000000000000e+00 1.000000000000000000e+00
5.108342945021145942e-01 0.000000000000000000e+00 0.000000000000000000e+00 1.000000000000000000e+00
5.172318339100345774e-01 0.000000000000000000e+00 0.000000000000000000e+00 1.000000000000000000e+00
5.236293733179546717e-01 0.000000000000000000e+00 0.000000000000000000e+00 1.000000000000000000e+00
5.300269127258746549e-01 0.000000000000000000e+00 0.000000000000000000e+00 1.000000000000000000e+00
5.364244521337946381e-01 0.000000000000000000e+00 0.000000000000000000e+00 1.000000000000000000e+00
5.428219915417147323e-01 0.000000000000000000e+00 0.000000000000000000e+00 1.000000000000000000e+00
5.492195309496347155e-01 0.000000000000000000e+00 0.000000000000000000e+00 1.000000000000000000e+00
5.556170703575548098e-01 0.000000000000000000e+00 0.000000000000000000e+00 1.000000000000000000e+00
5.620146097654747930e-01 0.000000000000000000e+00 0.000000000000000000e+00 1.000000000000000000e+00
5.684121491733948872e-01 0.000000000000000000e+00 0.000000000000000000e+00 1.000000000000000000e+00
5.748096885813148704e-01 0.000000000000000000e+00 0.000000000000000000e+00 1.000000000000000000e+00
5.812072279892348536e-01 0.000000000000000000e+00 0.000000000000000000e+00 1.000000000000000000e+00
5.876047673971549479e-01 0.000000000000000000e+00 0.000000000000000000e+00 1.000000000000000000e+00
5.940023068050749311e-01 0.000000000000000000e+00 0.000000000000000000e+00 1.000000000000000000e+00
6.003998462129950253e-01 0.000000000000000000e+00 0.000000000000000000e+00 1.000000000000000000e+00
6.067973856209150085e-01 0.000000000000000000e+00 0.000000000000000000e+00 1.000000000000000000e+00
6.131949250288349917e-01 0.000000000000000000e+00 0.000000000000000000e+00 1.000000000000000000e+00
6.195924644367550860e-01 0.000000000000000000e+00 0.000000000000000000e+00 1.000000000000000000e+00
6.259900038446750692e-01 0.000000000000000000e+00 0.000000000000000000e+00 1.000000000000000000e+00
6.323875432525951634e-01 0.000000000000000000e+00 0.000000000000000000e+00 1.000000000000000000e+00
6.387850826605151466e-01 0.000000000000000000e+00 0.000000000000000000e+00 1.000000000000000000e+00
6.451826220684351298e-01 0.000000000000000000e+00 0.000000000000000000e+00 1.000000000000000000e+00
6.515801614763552241e-01 0.000000000000000000e+00 0.000000000000000000e+00 1.000000000000000000e+00
6.579777008842752073e-01 0.000000000000000000e+00 0.000000000000000000e+00 1.000000000000000000e+00
6.643752402921953015e-01 0.000000000000000000e+00 0.000000000000000000e+00 1.000000000000000000e+00
6.707727797001152847e-01 0.000000000000000000e+00 0.000000000000000000e+00 1.000000000000000000e+00
6.771703191080353790e-01 0.000000000000000000e+00 0.000000000000000000e+00 1.000000000000000000e+00
6.835678585159553622e-01 0.000000000000000000e+00 0.000000000000000000e+00 1.000000000000000000e+00
6.899653979238753454e-01 0.000000000000000000e+00 0.000000000000000000e+00 1.000000000000000000e+00
6.963629373317954396e-01 0.000000000000000000e+00 0.000000000000000000e+00 1.000000000000000000e+00
7.025144175317185047e-01 7.381776239907728064e-04 4.767397154940407550e-04 1.000000000000000000e+00
7.069434832756631426e-01 6.643598615916912649e-03 4.290657439446339365e-03 1.000000000000000000e+00
7.113725490196077805e-01 1.254901960784313673e-02 8.104575163398693161e-03 1.000000000000000000e+00
7.158016147635524185e-01 1.845444059976932005e-02 1.191849288735101833e-02 1.000000000000000000e+00
7.202306805074970564e-01 2.435986159169550511e-02 1.573241061130334698e-02 1.000000000000000000e+00
7.246597462514416943e-01 3.026528258362164506e-02 1.954632833525564439e-02 1.000000000000000000e+00
7.290888119953863322e-01 3.617070357554786481e-02 2.336024605920799732e-02 1.000000000000000000e+00
7.335178777393309701e-01 4.207612456747405333e-02 2.717416378316032249e-02 1.000000000000000000e+00
7.379469434832756081e-01 4.798154555940022797e-02 3.098808150711264767e-02 1.000000000000000000e+00
7.423760092272202460e-01 5.388696655132636792e-02 3.480199923106494508e-02 1.000000000000000000e+00
7.468050749711648839e-01 5.979238754325259114e-02 3.861591695501730148e-02 1.000000000000000000e+00
7.512341407151095218e-01 6.569780853517877273e-02 4.242983467896962319e-02 1.000000000000000000e+00
7.556632064590541598e-01 7.160322952710496125e-02 4.624375240292195183e-02 1.000000000000000000e+00
7.600922722029987977e-01 7.750865051903109426e-02 5.005767012687424578e-02 1.000000000000000000e+00
7.645213379469434356e-01 8.341407151095732442e-02 5.387158785082660217e-02 1.000000000000000000e+00
7.689504036908880735e-01 8.931949250288349906e-02 5.768550557477893082e-02 1.000000000000000000e+00
7.733794694348327114e-01 9.522491349480968759e-02 6.149942329873125252e-02 1.000000000000000000e+00
7.778085351787773494e-01 1.011303344867358206e-01 6.531334102268354647e-02 1.000000000000000000e+00
7.822376009227219873e-01 1.070357554786620508e-01 6.912725874663590286e-02 1.000000000000000000e+00
7.866666666666666252e-01 1.129411764705882254e-01 7.294117647058823151e-02 1.000000000000000000e+00
7.910957324106112631e-01 1.188465974625144139e-01 7.675509419454056015e-02 1.000000000000000000e+00
7.955247981545559011e-01 1.247520184544405469e-01 8.056901191849286104e-02 1.000000000000000000e+00
7.999538638985005390e-01 1.306574394463667632e-01 8.438292964244520356e-02 1.000000000000000000e+00
8.043829296424451769e-01 1.365628604382929656e-01 8.819684736639753220e-02 1.000000000000000000e+00
8.088119953863898148e-01 1.424682814302191403e-01 9.201076509034986084e-02 1.000000000000000000e+00
8.132410611303344528e-01 1.483737024221452871e-01 9.582468281430216173e-02 1.000000000000000000e+00
8.176701268742790907e-01 1.542791234140715173e-01 9.963860053825451812e-02 1.000000000000000000e+00
8.220991926182237286e-01 1.601845444059976920e-01 1.034525182622068329e-01 1.000000000000000000e+00
8.265282583621683665e-01 1.660899653979238666e-01 1.072664359861591615e-01 1.000000000000000000e+00
8.309573241061130044e-01 1.719953863898500135e-01 1.110803537101114624e-01 1.000000000000000000e+00
8.353863898500576424e-01 1.779008073817762436e-01 1.148942714340638188e-01 1.000000000000000000e+00
8.398154555940022803e-01 1.838062283737024183e-01 1.187081891580161475e-01 1.000000000000000000e+00
8.438754325259515410e-01 1.898654363706266668e-01 1.228296808919646238e-01 1.000000000000000000e+00
8.468281430219146699e-01 1.963860053825451646e-01 1.278738946559015710e-01 1.000000000000000000e+00
8.497808535178776879e-01 2.029065743944635791e-01 1.329181084198384488e-01 1.000000000000000000e+00
8.527335640138408168e-01 2.094271434063821602e-01 1.379623221837754654e-01 1.000000000000000000e+00
8.556862745098039458e-01 2.159477124183006580e-01 1.430065359477123987e-01 1.000000000000000000e+00
8.586389850057669637e-01 2.224682814302191280e-01 1.480507497116493598e-01 1.000000000000000000e+00
8.615916955017300927e-01 2.289888504421376259e-01 1.530949634755863209e-01 1.000000000000000000e+00
8.645444059976932216e-01 2.355094194540561237e-01 1.581391772395232542e-01 1.000000000000000000e+00
8.674971164936562396e-01 2.420299884659746215e-01 1.631833910034602153e-01 1.000000000000000000e+00
8.704498269896193685e-01 2.485505574778931193e-01 1.682276047673971486e-01 1.000000000000000000e+00
8.734025374855823864e-01 2.550711264898115060e-01 1.732718185313340264e-01 1.000000000000000000e+00
8.763552479815455154e-01 2.615916955017301149e-01 1.783160322952710430e-01 1.000000000000000000e+00
8.793079584775086444e-01 2.681122645136486127e-01 1.833602460592079764e-01 1.000000000000000000e+00
8.822606689734717733e-01 2.746328335255671105e-01 1.884044598231449374e-01 1.000000000000000000e+00
8.852133794694347912e-01 2.811534025374855528e-01 1.934486735870818985e-01 1.000000000000000000e+00
8.881660899653979202e-01 2.876739715494040506e-01 1.984928873510188319e-01 1.000000000000000000e+00
8.911188004613610492e-01 2.941945405613225484e-01 2.035371011149557652e-01 1.000000000000000000e+00
8.940715109573240671e-01 3.007151095732410462e-01 2.085813148788926985e-01 1.000000000000000000e+00
8.970242214532871960e-01 3.072356785851594330e-01 2.136255286428295763e-01 1.000000000000000000e+00
8.999769319492503250e-01 3.137562475970779863e-01 2.186697424067666207e-01 1.000000000000000000e+00
9.029296424452133429e-01 3.202768166089965396e-01 2.237139561707035540e-01 1.000000000000000000e+00
9.058823529411764719e-01 3.267973856209149819e-01 2.287581699346404873e-01 1.000000000000000000e+00
9.088350634371396009e-01 3.333179546328335352e-01 2.338023836985774484e-01 1.000000000000000000e+00
9.117877739331026188e-01 3.398385236447519775e-01 2.388465974625144095e-01 1.000000000000000000e+00
9.147404844290657477e-01 3.463590926566704753e-01 2.438908112264513428e-01 1.000000000000000000e+00
9.176931949250288767e-01 3.528796616685889731e-01 2.489350249903882761e-01 1.000000000000000000e+00
9.206459054209918946e-01 3.594002306805074154e-01 2.539792387543251539e-01 1.000000000000000000e+00
9.235986159169550236e-01 3.659207996924259687e-01 2.590234525182621983e-01 1.000000000000000000e+00
9.265513264129181525e-01 3.724413687043444665e-01 2.640676662821991316e-01 1.000000000000000000e+00
9.295040369088811705e-01 3.789619377162629643e-01 2.691118800461360649e-01 1.000000000000000000e+00
9.324567474048442994e-01 3.854825067281814066e-01 2.741560938100729983e-01 1.000000000000000000e+00
9.354094579008074284e-01 3.920030757400999599e-01 2.792003075740099871e-01 1.000000000000000000e+00
9.378546712802767749e-01 3.979238754325259420e-01 2.831372549019607887e-01 1.000000000000000000e+00
9.394540561322568539e-01 4.028450595924644162e-01 2.852287581699346486e-01 1.000000000000000000e+00
9.410534409842368220e-01 4.077662437524028349e-01 2.873202614379084530e-01 1.000000000000000000e+00
9.426528258362167900e-01 4.126874279123413647e-01 2.894117647058823684e-01 1.000000000000000000e+00
9.442522106881968691e-01 4.176086120722798944e-01 2.915032679738562282e-01 1.000000000000000000e+00
9.458515955401768371e-01 4.225297962322183687e-01 2.935947712418300881e-01 1.000000000000000000e+00
9.474509803921569162e-01 4.274509803921568429e-01 2.956862745098038925e-01 1.000000000000000000e+00
9.490503652441368843e-01 4.323721645520953727e-01 2.977777777777777524e-01 1.000000000000000000e+00
9.506497500961168523e-01 4.372933487120338469e-01 2.998692810457516122e-01 1.000000000000000000e+00
9.522491349480969314e-01 4.422145328719723212e-01 3.019607843137254721e-01 1.000000000000000000e+00
9.538485198000768994e-01 4.471357170319107399e-01 3.040522875816993320e-01 1.000000000000000000e+00
9.554479046520568675e-01 4.520569011918492697e-01 3.061437908496731919e-01 1.000000000000000000e+00
9.570472895040369465e-01 4.569780853517877994e-01 3.082352941176470518e-01 1.000000000000000000e+00
9.586466743560169146e-01 4.618992695117262737e-01 3.103267973856209117e-01 1.000000000000000000e+00
9.602460592079969937e-01 4.668204536716647479e-01 3.124183006535947715e-01 1.000000000000000000e+00
9.618454440599769617e-01 4.717416378316032222e-01 3.145098039215686314e-01 1.000000000000000000e+00
9.634448289119569298e-01 4.766628219915416964e-01 3.166013071895424913e-01 1.000000000000000000e+00
9.650442137639370088e-01 4.815840061514802262e-01 3.186928104575162957e-01 1.000000000000000000e+00
9.666435986159169769e-01 4.865051903114185894e-01 3.207843137254901555e-01 1.000000000000000000e+00
9.682429834678969449e-01 4.914263744713571747e-01 3.228758169934640154e-01 1.000000000000000000e+00
9.698423683198770240e-01 4.963475586312956489e-01 3.249673202614378753e-01 1.000000000000000000e+00
9.714417531718569920e-01 5.012687427912341231e-01 3.270588235294117352e-01 1.000000000000000000e+00
9.730411380238370711e-01 5.061899269511725974e-01 3.291503267973855951e-01 1.000000000000000000e+00
9.746405228758170392e-01 5.111111111111110716e-01 3.312418300653594549e-01 1.000000000000000000e+00
9.762399077277970072e-01 5.160322952710496569e-01 3.333333333333333148e-01 1.000000000000000000e+00
9.778392925797770863e-01 5.209534794309881311e-01 3.354248366013071747e-01 1.000000000000000000e+00
9.794386774317570543e-01 5.258746635909264944e-01 3.375163398692809791e-01 1.000000000000000000e+00
9.810380622837370224e-01 5.307958477508650796e-01 3.396078431372548945e-01 1.000000000000000000e+00
9.826374471357171014e-01 5.357170319108035539e-01 3.416993464052287544e-01 1.000000000000000000e+00
9.842368319876970695e-01 5.406382160707420281e-01 3.437908496732026142e-01 1.000000000000000000e+00
9.858362168396770375e-01 5.455594002306805024e-01 3.458823529411764186e-01 1.000000000000000000e+00
9.882968089196463302e-01 5.557708573625529391e-01 3.516647443291041619e-01 1.000000000000000000e+00
9.884198385236447892e-01 5.614302191464821679e-01 3.569550173010380689e-01 1.000000000000000000e+00
9.885428681276432483e-01 5.670895809304113966e-01 3.622452902729719204e-01 1.000000000000000000e+00
9.886658977316417074e-01 5.727489427143406253e-01 3.675355632449057719e-01 1.000000000000000000e+00
9.887889273356401665e-01 5.784083044982697430e-01 3.728258362168395124e-01 1.000000000000000000e+00
9.889119569396386256e-01 5.840676662821991938e-01 3.781161091887735304e-01 1.000000000000000000e+00
9.890349865436370846e-01 5.897270280661284225e-01 3.834063821607074374e-01 1.000000000000000000e+00
9.891580161476355437e-01 5.953863898500576513e-01 3.886966551326412889e-01 1.000000000000000000e+00
9.892810457516340028e-01 6.010457516339868800e-01 3.939869281045751404e-01 1.000000000000000000e+00
9.894040753556324619e-01 6.067051134179162197e-01 3.992772010765090474e-01 1.000000000000000000e+00
9.895271049596309210e-01 6.123644752018454485e-01 4.045674740484428988e-01 1.000000000000000000e+00
9.896501345636293800e-01 6.180238369857746772e-01 4.098577470203768058e-01 1.000000000000000000e+00
9.897731641676278391e-01 6.236831987697040169e-01 4.151480199923106573e-01 1.000000000000000000e+00
9.898961937716262982e-01 6.293425605536332457e-01 4.204382929642445088e-01 1.000000000000000000e+00
9.900192233756247573e-01 6.350019223375624744e-01 4.257285659361784158e-01 1.000000000000000000e+00
9.901422529796232164e-01 6.406612841214917031e-01 4.310188389081122673e-01 1.000000000000000000e+00
9.902652825836216754e-01 6.463206459054209319e-01 4.363091118800461743e-01 1.000000000000000000e+00
9.903883121876201345e-01 6.519800076893502716e-01 4.415993848519800258e-01 1.000000000000000000e+00
9.905113417916185936e-01 6.576393694732795003e-01 4.468896578239138773e-01 1.000000000000000000e+00
9.906343713956170527e-01 6.632987312572087291e-01 4.521799307958477843e-01 1.000000000000000000e+00
9.907574009996155118e-01 6.689580930411378468e-01 4.574702037677815247e-01 1.000000000000000000e+00
9.908804306036140819e-01 6.746174548250672975e-01 4.627604767397155427e-01 1.000000000000000000e+00
9.910034602076125410e-01 6.802768166089965263e-01 4.680507497116493942e-01 1.000000000000000000e+00
9.911264898116110000e-01 6.859361783929257550e-01 4.733410226835832457e-01 1.000000000000000000e+00
9.912495194156094591e-01 6.915955401768549837e-01 4.786312956555171527e-01 1.000000000000000000e+00
9.913725490196079182e-01 6.972549019607843235e-01 4.839215686274510597e-01 1.000000000000000000e+00
9.914955786236063773e-01 7.029142637447135522e-01 4.892118415993849112e-01 1.000000000000000000e+00
9.916186082276048364e-01 7.085736255286427809e-01 4.945021145713187627e-01 1.000000000000000000e+00
9.917416378316032954e-01 7.142329873125721207e-01 4.997923875432526142e-01 1.000000000000000000e+00
9.918646674356017545e-01 7.198923490965013494e-01 5.050826605151865767e-01 1.000000000000000000e+00
9.919876970396002136e-01 7.255517108804305781e-01 5.103729334871204282e-01 1.000000000000000000e+00
9.921107266435986727e-01 7.312110726643598069e-01 5.156632064590542797e-01 1.000000000000000000e+00
9.921568627450980671e-01 7.352556708958092324e-01 5.196462898885044757e-01 1.000000000000000000e+00
9.921568627450980671e-01 7.383314109957708204e-01 5.228450595924645228e-01 1.000000000000000000e+00
9.921568627450980671e-01 7.414071510957324085e-01 5.260438292964244589e-01 1.000000000000000000e+00
9.921568627450980671e-01 7.444828911956938855e-01 5.292425990003845060e-01 1.000000000000000000e+00
9.921568627450980671e-01 7.475586312956553625e-01 5.324413687043444421e-01 1.000000000000000000e+00
9.921568627450980671e-01 7.506343713956170616e-01 5.356401384083044892e-01 1.000000000000000000e+00
9.921568627450980671e-01 7.537101114955786496e-01 5.388389081122645363e-01 1.000000000000000000e+00
9.921568627450980671e-01 7.567858515955401266e-01 5.420376778162245834e-01 1.000000000000000000e+00
9.921568627450980671e-01 7.598615916955017147e-01 5.452364475201846306e-01 1.000000000000000000e+00
9.921568627450980671e-01 7.629373317954633027e-01 5.484352172241445667e-01 1.000000000000000000e+00
9.921568627450980671e-01 7.660130718954247797e-01 5.516339869281046138e-01 1.000000000000000000e+00
9.921568627450980671e-01 7.690888119953863677e-01 5.548327566320646609e-01 1.000000000000000000e+00
9.921568627450980671e-01 7.721645520953479558e-01 5.580315263360245970e-01 1.000000000000000000e+00
9.921568627450980671e-01 7.752402921953094328e-01 5.612302960399846441e-01 1.000000000000000000e+00
9.921568627450980671e-01 7.783160322952710208e-01 5.644290657439446912e-01 1.000000000000000000e+00
9.921568627450980671e-01 7.813917723952326089e-01 5.676278354479047383e-01 1.000000000000000000e+00
9.921568627450980671e-01 7.844675124951941969e-01 5.708266051518646744e-01 1.000000000000000000e+00
9.921568627450980671e-01 7.875432525951556739e-01 5.740253748558247215e-01 1.000000000000000000e+00
9.921568627450980671e-01 7.906189926951172620e-01 5.772241445597847687e-01 1.000000000000000000e+00
9.921568627450980671e-01 7.936947327950788500e-01 5.804229142637447048e-01 1.000000000000000000e+00
9.921568627450980671e-01 7.967704728950403270e-01 5.836216839677046408e-01 1.000000000000000000e+00
9.921568627450980671e-01 7.998462129950019150e-01 5.868204536716647990e-01 1.000000000000000000e+00
9.921568627450980671e-01 8.029219530949635031e-01 5.900192233756247351e-01 1.000000000000000000e+00
9.921568627450980671e-01 8.059976931949250911e-01 5.932179930795847822e-01 1.000000000000000000e+00
9.921568627450980671e-01 8.090734332948865681e-01 5.964167627835448293e-01 1.000000000000000000e+00
9.921568627450980671e-01 8.121491733948481562e-01 5.996155324875048764e-01 1.000000000000000000e+00
9.921568627450980671e-01 8.152249134948097442e-01 6.028143021914648125e-01 1.000000000000000000e+00
9.921568627450980671e-01 8.183006535947712212e-01 6.060130718954248596e-01 1.000000000000000000e+00
9.921568627450980671e-01 8.213763936947328093e-01 6.092118415993849068e-01 1.000000000000000000e+00
9.921568627450980671e-01 8.244521337946943973e-01 6.124106113033449539e-01 1.000000000000000000e+00
9.921568627450980671e-01 8.275278738946559853e-01 6.156093810073048900e-01 1.000000000000000000e+00
9.921568627450980671e-01 8.306036139946174623e-01 6.188081507112649371e-01 1.000000000000000000e+00
9.922491349480969669e-01 8.332179930795847733e-01 6.234832756632064932e-01 1.000000000000000000e+00
9.923721645520954260e-01 8.356785851595540660e-01 6.286505190311418856e-01 1.000000000000000000e+00
9.924951941560938851e-01 8.381391772395232476e-01 6.338177623990772780e-01 1.000000000000000000e+00
9.926182237600923441e-01 8.405997693194925402e-01 6.389850057670126704e-01 1.000000000000000000e+00
9.927412533640908032e-01 8.430603613994617218e-01 6.441522491349479518e-01 1.000000000000000000e+00
9.928642829680892623e-01 8.455209534794310144e-01 6.493194925028835662e-01 1.000000000000000000e+00
9.929873125720877214e-01 8.479815455594003071e-01 6.544867358708189586e-01 1.000000000000000000e+00
9.931103421760861805e-01 8.504421376393694887e-01 6.596539792387543510e-01 1.000000000000000000e+00
9.932333717800846395e-01 8.529027297193387813e-01 6.648212226066897435e-01 1.000000000000000000e+00
9.933564013840830986e-01 8.553633217993079629e-01 6.699884659746251359e-01 1.000000000000000000e+00
9.934794309880815577e-01 8.578239138792772556e-01 6.751557093425605283e-01 1.000000000000000000e+00
9.936024605920800168e-01 8.602845059592464372e-01 6.803229527104959207e-01 1.000000000000000000e+00
9.937254901960784759e-01 8.627450980392157298e-01 6.854901960784314241e-01 1.000000000000000000e+00
9.938485198000769349e-01 8.652056901191849114e-01 6.906574394463668165e-01 1.000000000000000000e+00
9.939715494040753940e-01 8.676662821991542041e-01 6.958246828143022089e-01 1.000000000000000000e+00
9.940945790080738531e-01 8.701268742791233857e-01 7.009919261822376013e-01 1.000000000000000000e+00
9.942176086120723122e-01 8.725874663590926783e-01 7.061591695501729937e-01 1.000000000000000000e+00
9.943406382160707713e-01 8.750480584390618599e-01 7.113264129181083861e-01 1.000000000000000000e+00
9.944636678200692304e-01 8.775086505190311525e-01 7.164936562860437785e-01 1.000000000000000000e+00
9.945866974240676894e-01 8.799692425990004452e-01 7.216608996539792820e-01 1.000000000000000000e+00
9.947097270280661485e-01 8.824298346789695158e-01 7.268281430219145633e-01 1.000000000000000000e+00
9.948327566320646076e-01 8.848904267589389194e-01 7.319953863898500668e-01 1.000000000000000000e+00
9.949557862360630667e-01 8.873510188389081010e-01 7.371626297577854592e-01 1.000000000000000000e+00
9.950788158400615258e-01 8.898116109188773937e-01 7.423298731257208516e-01 1.000000000000000000e+00
9.952018454440599848e-01 8.922722029988465753e-01 7.474971164936562440e-01 1.000000000000000000e+00
9.953248750480584439e-01 8.947327950788158679e-01 7.526643598615916364e-01 1.000000000000000000e+00
9.954479046520569030e-01 8.971933871587850495e-01 7.578316032295271398e-01 1.000000000000000000e+00
9.955709342560553621e-01 8.996539792387543422e-01 7.629988465974625322e-01 1.000000000000000000e+00
9.956939638600538212e-01 9.021145713187235238e-01 7.681660899653979246e-01 1.000000000000000000e+00
9.958169934640522802e-01 9.045751633986928164e-01 7.733333333333333171e-01 1.000000000000000000e+00
9.959400230680507393e-01 9.070357554786619980e-01 7.785005767012687095e-01 1.000000000000000000e+00
9.960630526720491984e-01 9.094963475586312907e-01 7.836678200692042129e-01 1.000000000000000000e+00
9.961860822760476575e-01 9.114186851211072415e-01 7.881891580161476396e-01 1.000000000000000000e+00
9.963091118800461166e-01 9.132641291810842388e-01 7.926182237600922775e-01 1.000000000000000000e+00
9.964321414840445756e-01 9.151095732410611250e-01 7.970472895040369155e-01 1.000000000000000000e+00
9.965551710880430347e-01 9.169550173010380112e-01 8.014763552479815534e-01 1.000000000000000000e+00
9.966782006920414938e-01 9.188004613610148974e-01 8.059054209919260803e-01 1.000000000000000000e+00
9.968012302960399529e-01 9.206459054209918946e-01 8.103344867358708292e-01 1.000000000000000000e+00
9.969242599000384120e-01 9.224913494809688919e-01 8.147635524798154671e-01 1.000000000000000000e+00
9.970472895040368710e-01 9.243367935409457781e-01 8.191926182237601051e-01 1.000000000000000000e+00
9.971703191080353301e-01 9.261822376009226643e-01 8.236216839677047430e-01 1.000000000000000000e+00
9.972933487120337892e-01 9.280276816608996615e-01 8.280507497116493809e-01 1.000000000000000000e+00
9.974163783160323593e-01 9.298731257208765477e-01 8.324798154555940188e-01 1.000000000000000000e+00
9.975394079200308184e-01 9.317185697808535449e-01 8.369088811995386568e-01 1.000000000000000000e+00
9.976624375240292775e-01 9.335640138408304312e-01 8.413379469434832947e-01 1.000000000000000000e+00
9.977854671280277365e-01 9.354094579008074284e-01 8.457670126874279326e-01 1.000000000000000000e+00
9.979084967320261956e-01 9.372549019607843146e-01 8.501960784313725705e-01 1.000000000000000000e+00
9.980315263360246547e-01 9.391003460207612008e-01 8.546251441753172085e-01 1.000000000000000000e+00
9.981545559400231138e-01 9.409457900807381980e-01 8.590542099192618464e-01 1.000000000000000000e+00
9.982775855440215729e-01 9.427912341407150842e-01 8.634832756632064843e-01 1.000000000000000000e+00
9.984006151480200320e-01 9.446366782006920815e-01 8.679123414071511222e-01 1.000000000000000000e+00
9.985236447520184910e-01 9.464821222606689677e-01 8.723414071510957601e-01 1.000000000000000000e+00
9.986466743560169501e-01 9.483275663206458539e-01 8.767704728950402870e-01 1.000000000000000000e+00
9.987697039600154092e-01 9.501730103806228511e-01 8.811995386389850360e-01 1.000000000000000000e+00
9.988927335640138683e-01 9.520184544405997373e-01 8.856286043829296739e-01 1.000000000000000000e+00
9.990157631680123274e-01 9.538638985005767346e-01 8.900576701268743118e-01 1.000000000000000000e+00
9.991387927720107864e-01 9.557093425605536208e-01 8.944867358708189498e-01 1.000000000000000000e+00
9.992618223760092455e-01 9.575547866205305070e-01 8.989158016147635877e-01 1.000000000000000000e+00
9.993848519800077046e-01 9.594002306805075042e-01 9.033448673587082256e-01 1.000000000000000000e+00
9.995078815840061637e-01 9.612456747404843904e-01 9.077739331026528635e-01 1.000000000000000000e+00
9.996309111880046228e-01 9.630911188004613877e-01 9.122029988465975014e-01 1.000000000000000000e+00
9.997539407920030818e-01 9.649365628604382739e-01 9.166320645905421394e-01 1.000000000000000000e+00
9.998769703960015409e-01 9.667820069204152711e-01 9.210611303344867773e-01 1.000000000000000000e+00
1.000000000000000000e+00 9.686274509803921573e-01 9.254901960784314152e-01 1.000000000000000000e+00
