6.509803921568627638e-01 8.078431372549019773e-01 8.901960784313724950e-01 1.000000000000000000e+00
6.509803921568627638e-01 8.078431372549019773e-01 8.901960784313724950e-01 1.000000000000000000e+00
6.509803921568627638e-01 8.078431372549019773e-01 8.901960784313724950e-01 1.000000000000000000e+00
6.509803921568627638e-01 8.078431372549019773e-01 8.901960784313724950e-01 1.000000000000000000e+00
6.509803921568627638e-01 8.078431372549019773e-01 8.901960784313724950e-01 1.000000000000000000e+00
6.509803921568627638e-01 8.078431372549019773e-01 8.901960784313724950e-01 1.000000000000000000e+00
6.509803921568627638e-01 8.078431372549019773e-01 8.901960784313724950e-01 1.000000000000000000e+00
6.509803921568627638e-01 8.078431372549019773e-01 8.901960784313724950e-01 1.000000000000000000e+00
6.509803921568627638e-01 8.078431372549019773e-01 8.901960784313724950e-01 1.000000000000000000e+00
6.509803921568627638e-01 8.078431372549019773e-01 8.901960784313724950e-01 1.000000000000000000e+00
6.509803921568627638e-01 8.078431372549019773e-01 8.901960784313724950e-01 1.000000000000000000e+00
6.509803921568627638e-01 8.078431372549019773e-01 8.901960784313724950e-01 1.000000000000000000e+00
6.509803921568627638e-01 8.078431372549019773e-01 8.901960784313724950e-01 1.000000000000000000e+00
6.509803921568627638e-01 8.078431372549019773e-01 8.901960784313724950e-01 1.000000000000000000e+00
6.509803921568627638e-01 8.078431372549019773e-01 8.901960784313724950e-01 1.000000000000000000e+00
6.509803921568627638e-01 8.078431372549019773e-01 8.901960784313724950e-01 1.000000000000000000e+00
6.509803921568627638e-01 8.078431372549019773e-01 8.901960784313724950e-01 1.000000000000000000e+00
6.509803921568627638e-01 8.078431372549019773e-01 8.901960784313724950e-01 1.000000000000000000e+00
6.509803921568627638e-01 8.078431372549019773e-01 8.901960784313724950e-01 1.000000000000000000e+00
6.509803921568627638e-01 8.078431372549019773e-01 8.901960784313724950e-01 1.000000000000000000e+00
6.509803921568627638e-01 8.078431372549019773e-01 8.901960784313724950e-01 1.000000000000000000e+00
6.509803921568627638e-01 8.078431372549019773e-01 8.901960784313724950e-01 1.000000000000000000e+00
1.215686274509803905e-01 4.705882352941176405e-01 7.058823529411765163e-01 1.000000000000000000e+00
1.215686274509803905e-01 4.705882352941176405e-01 7.058823529411765163e-01 1.000000000000000000e+00
1.215686274509803905e-01 4.705882352941176405e-01 7.058823529411765163e-01 1.000000000000000000e+00
1.215686274509803905e-01 4.705882352941176405e-01 7.058823529411765163e-01 1.000000000000000000e+00
1.215686274509803905e-01 4.705882352941176405e-01 7.058823529411765163e-01 1.000000000000000000e+00
1.215686274509803905e-01 4.705882352941176405e-01 7.058823529411765163e-01 1.000000000000000000e+00
1.215686274509803905e-01 4.705882352941176405e-01 7.058823529411765163e-01 1.000000000000000000e+00
1.215686274509803905e-01 4.705882352941176405e-01 7.058823529411765163e-01 1.000000000000000000e+00
1.215686274509803905e-01 4.705882352941176405e-01 7.058823529411765163e-01 1.000000000000000000e+00
1.215686274509803905e-01 4.705882352941176405e-01 7.058823529411765163e-01 1.000000000000000000e+00
1.215686274509803905e-01 4.705882352941176405e-01 7.058823529411765163e-01 1.000000000000000000e+00
1.215686274509803905e-01 4.705882352941176405e-01 7.058823529411765163e-01 1.000000000000000000e+00
1.215686274509803905e-01 4.705882352941176405e-01 7.058823529411765163e-01 1.000000000000000000e+00
1.215686274509803905e-01 4.705882352941176405e-01 7.058823529411765163e-01 1.000000000000000000e+00
1.215686274509803905e-01 4.705882352941176405e-01 7.058823529411765163e-01 1.000000000000000000e+00
1.215686274509803905e-01 4.705882352941176405e-01 7.058823529411765163e-01 1.000000000000000000e+00
1.215686274509803905e-01 4.705882352941176405e-01 7.058823529411765163e-01 1.000000000000000000e+00
1.215686274509803905e-01 4.705882352941176405e-01 7.058823529411765163e-01 1.000000000000000000e+00
1.215686274509803905e-01 4.705882352941176405e-01 7.058823529411765163e-01 1.000000000000000000e+00
1.215686274509803905e-01 4.705882352941176405e-01 7.058823529411765163e-01 1.000000000000000000e+00
1.215686274509803905e-01 4.705882352941176405e-01 7.058823529411765163e-01 1.000000000000000000e+00
6.980392156862744724e-01 8.745098039215686292e-01 5.411764705882352589e-01 1.000000000000000000e+00
6.980392156862744724e-01 8.745098039215686292e-01 5.411764705882352589e-01 1.000000000000000000e+00
6.980392156862744724e-01 8.745098039215686292e-01 5.411764705882352589e-01 1.000000000000000000e+00
6.980392156862744724e-01 8.745098039215686292e-01 5.411764705882352589e-01 1.000000000000000000e+00
6.980392156862744724e-01 8.745098039215686292e-01 5.411764705882352589e-01 1.000000000000000000e+00
6.980392156862744724e-01 8.745098039215686292e-01 5.411764705882352589e-01 1.000000000000000000e+00
6.980392156862744724e-01 8.745098039215686292e-01 5.411764705882352589e-01 1.000000000000000000e+00
6.980392156862744724e-01 8.745098039215686292e-01 5.411764705882352589e-01 1.000000000000000000e+00
6.980392156862744724e-01 8.745098039215686292e-01 5.411764705882352589e-01 1.000000000000000000e+00
6.980392156862744724e-01 8.745098039215686292e-01 5.411764705882352589e-01 1.000000000000000000e+00
6.980392156862744724e-01 8.745098039215686292e-01 5.411764705882352589e-01 1.000000000000000000e+00
6.980392156862744724e-01 8.745098039215686292e-01 5.411764705882352589e-01 1.000000000000000000e+00
6.980392156862744724e-01 8.745098039215686292e-01 5.411764705882352589e-01 1.000000000000000000e+00
6.980392156862744724e-01 8.745098039215686292e-01 5.411764705882352589e-01 1.000000000000000000e+00
6.980392156862744724e-01 8.745098039215686292e-01 5.411764705882352589e-01 1.000000000000000000e+00
6.980392156862744724e-01 8.745098039215686292e-01 5.411764705882352589e-01 1.000000000000000000e+00
6.980392156862744724e-01 8.745098039215686292e-01 5.411764705882352589e-01 1.000000000000000000e+00
6.980392156862744724e-01 8.745098039215686292e-01 5.411764705882352589e-01 1.000000000000000000e+00
6.980392156862744724e-01 8.745098039215686292e-01 5.411764705882352589e-01 1.000000000000000000e+00
6.980392156862744724e-01 8.745098039215686292e-01 5.411764705882352589e-01 1.000000000000000000e+00
6.980392156862744724e-01 8.745098039215686292e-01 5.411764705882352589e-01 1.000000000000000000e+00
2.000000000000000111e-01 6.274509803921568540e-01 1.725490196078431349e-01 1.000000000000000000e+00
2.000000000000000111e-01 6.274509803921568540e-01 1.725490196078431349e-01 1.000000000000000000e+00
2.000000000000000111e-01 6.274509803921568540e-01 1.725490196078431349e-01 1.000000000000000000e+00
2.000000000000000111e-01 6.274509803921568540e-01 1.725490196078431349e-01 1.000000000000000000e+00
2.000000000000000111e-01 6.274509803921568540e-01 1.725490196078431349e-01 1.000000000000000000e+00
2.000000000000000111e-01 6.274509803921568540e-01 1.725490196078431349e-01 1.000000000000000000e+00
2.000000000000000111e-01 6.274509803921568540e-01 1.725490196078431349e-01 1.000000000000000000e+00
2.000000000000000111e-01 6.274509803921568540e-01 1.725490196078431349e-01 1.000000000000000000e+00
2.000000000000000111e-01 6.274509803921568540e-01 1.725490196078431349e-01 1.000000000000000000e+00
2.000000000000000111e-01 6.274509803921568540e-01 1.725490196078431349e-01 1.000000000000000000e+00
2.000000000000000111e-01 6.274509803921568540e-01 1.725490196078431349e-01 1.000000000000000000e+00
2.000000000000000111e-01 6.274509803921568540e-01 1.725490196078431349e-01 1.000000000000000000e+00
2.000000000000000111e-01 6.274509803921568540e-01 1.725490196078431349e-01 1.000000000000000000e+00
2.000000000000000111e-01 6.274509803921568540e-01 1.725490196078431349e-01 1.000000000000000000e+00
2.000000000000000111e-01 6.274509803921568540e-01 1.725490196078431349e-01 1.000000000000000000e+00
2.000000000000000111e-01 6.274509803921568540e-01 1.725490196078431349e-01 1.000000000000000000e+00
2.000000000000000111e-01 6.274509803921568540e-01 1.725490196078431349e-01 1.000000000000000000e+00
2.000000000000000111e-01 6.274509803921568540e-01 1.725490196078431349e-01 1.000000000000000000e+00
2.000000000000000111e-01 6.274509803921568540e-01 1.725490196078431349e-01 1.000000000000000000e+00
2.000000000000000111e-01 6.274509803921568540e-01 1.725490196078431349e-01 1.000000000000000000e+00
2.000000000000000111e-01 6.274509803921568540e-01 1.725490196078431349e-01 1.000000000000000000e+00
9.843137254901960231e-01 6.039215686274509443e-01 5.999999999999999778e-01 1.000000000000000000e+00
9.843137254901960231e-01 6.039215686274509443e-01 5.999999999999999778e-01 1.000000000000000000e+00
9.843137254901960231e-01 6.039215686274509443e-01 5.999999999999999778e-01 1.000000000000000000e+00
9.843137254901960231e-01 6.039215686274509443e-01 5.999999999999999778e-01 1.000000000000000000e+00
9.843137254901960231e-01 6.039215686274509443e-01 5.999999999999999778e-01 1.000000000000000000e+00
9.843137254901960231e-01 6.039215686274509443e-01 5.999999999999999778e-01 1.000000000000000000e+00
9.843137254901960231e-01 6.039215686274509443e-01 5.999999999999999778e-01 1.000000000000000000e+00
9.843137254901960231e-01 6.039215686274509443e-01 5.999999999999999778e-01 1.000000000000000000e+00
9.843137254901960231e-01 6.039215686274509443e-01 5.999999999999999778e-01 1.000000000000000000e+00
9.843137254901960231e-01 6.039215686274509443e-01 5.999999999999999778e-01 1.000000000000000000e+00
9.843137254901960231e-01 6.039215686274509443e-01 5.999999999999999778e-01 1.000000000000000000e+00
9.843137254901960231e-01 6.039215686274509443e-01 5.999999999999999778e-01 1.000000000000000000e+00
9.843137254901960231e-01 6.039215686274509443e-01 5.999999999999999778e-01 1.000000000000000000e+00
9.843137254901960231e-01 6.039215686274509443e-01 5.999999999999999778e-01 1.000000000000000000e+00
9.843137254901960231e-01 6.039215686274509443e-01 5.999999999999999778e-01 1.000000000000000000e+00
9.843137254901960231e-01 6.039215686274509443e-01 5.999999999999999778e-01 1.000000000000000000e+00
9.843137254901960231e-01 6.039215686274509443e-01 5.999999999999999778e-01 1.000000000000000000e+00
9.843137254901960231e-01 6.039215686274509443e-01 5.999999999999999778e-01 1.000000000000000000e+00
9.843137254901960231e-01 6.039215686274509443e-01 5.999999999999999778e-01 1.000000000000000000e+00
9.843137254901960231e-01 6.039215686274509443e-01 5.999999999999999778e-01 1.000000000000000000e+00
9.843137254901960231e-01 6.039215686274509443e-01 5.999999999999999778e-01 1.000000000000000000e+00
8.901960784313724950e-01 1.019607843137254888e-01 1.098039215686274495e-01 1.000000000000000000e+00
8.901960784313724950e-01 1.019607843137254888e-01 1.098039215686274495e-01 1.000000000000000000e+00
8.901960784313724950e-01 1.019607843137254888e-01 1.098039215686274495e-01 1.000000000000000000e+00
8.901960784313724950e-01 1.019607843137254888e-01 1.098039215686274495e-01 1.000000000000000000e+00
8.901960784313724950e-01 1.019607843137254888e-01 1.098039215686274495e-01 1.000000000000000000e+00
8.901960784313724950e-01 1.019607843137254888e-01 1.098039215686274495e-01 1.000000000000000000e+00
8.901960784313724950e-01 1.019607843137254888e-01 1.098039215686274495e-01 1.000000000000000000e+00
8.901960784313724950e-01 1.019607843137254888e-01 1.098039215686274495e-01 1.000000000000000000e+00
8.901960784313724950e-01 1.019607843137254888e-01 1.098039215686274495e-01 1.000000000000000000e+00
8.901960784313724950e-01 1.019607843137254888e-01 1.098039215686274495e-01 1.000000000000000000e+00
8.901960784313724950e-01 1.019607843137254888e-01 1.098039215686274495e-01 1.000000000000000000e+00
8.901960784313724950e-01 1.019607843137254888e-01 1.098039215686274495e-01 1.000000000000000000e+00
8.901960784313724950e-01 1.019607843137254888e-01 1.098039215686274495e-01 1.000000000000000000e+00
8.901960784313724950e-01 1.019607843137254888e-01 1.098039215686274495e-01 1.000000000000000000e+00
8.901960784313724950e-01 1.019607843137254888e-01 1.098039215686274495e-01 1.000000000000000000e+00
8.901960784313724950e-01 1.019607843137254888e-01 1.098039215686274495e-01 1.000000000000000000e+00
8.901960784313724950e-01 1.019607843137254888e-01 1.098039215686274495e-01 1.000000000000000000e+00
8.901960784313724950e-01 1.019607843137254888e-01 1.098039215686274495e-01 1.000000000000000000e+00
8.901960784313724950e-01 1.019607843137254888e-01 1.098039215686274495e-01 1.000000000000000000e+00
8.901960784313724950e-01 1.019607843137254888e-01 1.098039215686274495e-01 1.000000000000000000e+00
8.901960784313724950e-01 1.019607843137254888e-01 1.098039215686274495e-01 1.000000000000000000e+00
9.921568627450980671e-01 7.490196078431372584e-01 4.352941176470588314e-01 1.000000000000000000e+00
9.921568627450980671e-01 7.490196078431372584e-01 4.352941176470588314e-01 1.000000000000000000e+00
9.921568627450980671e-01 7.490196078431372584e-01 4.352941176470588314e-01 1.000000000000000000e+00
9.921568627450980671e-01 7.490196078431372584e-01 4.352941176470588314e-01 1.000000000000000000e+00
9.921568627450980671e-01 7.490196078431372584e-01 4.352941176470588314e-01 1.000000000000000000e+00
9.921568627450980671e-01 7.490196078431372584e-01 4.352941176470588314e-01 1.000000000000000000e+00
9.921568627450980671e-01 7.490196078431372584e-01 4.352941176470588314e-01 1.000000000000000000e+00
9.921568627450980671e-01 7.490196078431372584e-01 4.352941176470588314e-01 1.000000000000000000e+00
9.921568627450980671e-01 7.490196078431372584e-01 4.352941176470588314e-01 1.000000000000000000e+00
9.921568627450980671e-01 7.490196078431372584e-01 4.352941176470588314e-01 1.000000000000000000e+00
9.921568627450980671e-01 7.490196078431372584e-01 4.352941176470588314e-01 1.000000000000000000e+00
9.921568627450980671e-01 7.490196078431372584e-01 4.352941176470588314e-01 1.000000000000000000e+00
9.921568627450980671e-01 7.490196078431372584e-01 4.352941176470588314e-01 1.000000000000000000e+00
9.921568627450980671e-01 7.490196078431372584e-01 4.352941176470588314e-01 1.000000000000000000e+00
9.921568627450980671e-01 7.490196078431372584e-01 4.352941176470588314e-01 1.000000000000000000e+00
9.921568627450980671e-01 7.490196078431372584e-01 4.352941176470588314e-01 1.000000000000000000e+00
9.921568627450980671e-01 7.490196078431372584e-01 4.352941176470588314e-01 1.000000000000000000e+00
9.921568627450980671e-01 7.490196078431372584e-01 4.352941176470588314e-01 1.000000000000000000e+00
9.921568627450980671e-01 7.490196078431372584e-01 4.352941176470588314e-01 1.000000000000000000e+00
9.921568627450980671e-01 7.490196078431372584e-01 4.352941176470588314e-01 1.000000000000000000e+00
9.921568627450980671e-01 7.490196078431372584e-01 4.352941176470588314e-01 1.000000000000000000e+00
9.921568627450980671e-01 7.490196078431372584e-01 4.352941176470588314e-01 1.000000000000000000e+00
1.000000000000000000e+00 4.980392156862745168e-01 0.000000000000000000e+00 1.000000000000000000e+00
1.000000000000000000e+00 4.980392156862745168e-01 0.000000000000000000e+00 1.000000000000000000e+00
1.000000000000000000e+00 4.980392156862745168e-01 0.000000000000000000e+00 1.000000000000000000e+00
1.000000000000000000e+00 4.980392156862745168e-01 0.000000000000000000e+00 1.000000000000000000e+00
1.000000000000000000e+00 4.980392156862745168e-01 0.000000000000000000e+00 1.000000000000000000e+00
1.000000000000000000e+00 4.980392156862745168e-01 0.000000000000000000e+00 1.000000000000000000e+00
1.000000000000000000e+00 4.980392156862745168e-01 0.000000000000000000e+00 1.000000000000000000e+00
1.000000000000000000e+00 4.980392156862745168e-01 0.000000000000000000e+00 1.000000000000000000e+00
1.000000000000000000e+00 4.980392156862745168e-01 0.000000000000000000e+00 1.000000000000000000e+00
1.000000000000000000e+00 4.980392156862745168e-01 0.000000000000000000e+00 1.000000000000000000e+00
1.000000000000000000e+00 4.980392156862745168e-01 0.000000000000000000e+00 1.000000000000000000e+00
1.000000000000000000e+00 4.980392156862745168e-01 0.000000000000000000e+00 1.000000000000000000e+00
1.000000000000000000e+00 4.980392156862745168e-01 0.000000000000000000e+00 1.000000000000000000e+00
1.000000000000000000e+00 4.980392156862745168e-01 0.000000000000000000e+00 1.000000000000000000e+00
1.000000000000000000e+00 4.980392156862745168e-01 0.000000000000000000e+00 1.000000000000000000e+00
1.000000000000000000e+00 4.980392156862745168e-01 0.000000000000000000e+00 1.000000000000000000e+00
1.000000000000000000e+00 4.980392156862745168e-01 0.000000000000000000e+00 1.000000000000000000e+00
1.000000000000000000e+00 4.980392156862745168e-01 0.000000000000000000e+00 1.000000000000000000e+00
1.000000000000000000e+00 4.980392156862745168e-01 0.000000000000000000e+00 1.000000000000000000e+00
1.000000000000000000e+00 4.980392156862745168e-01 0.000000000000000000e+00 1.000000000000000000e+00
1.000000000000000000e+00 4.980392156862745168e-01 0.000000000000000000e+00 1.000000000000000000e+00
7.921568627450980005e-01 6.980392156862744724e-01 8.392156862745098200e-01 1.000000000000000000e+00
7.921568627450980005e-01 6.980392156862744724e-01 8.392156862745098200e-01 1.000000000000000000e+00
7.921568627450980005e-01 6.980392156862744724e-01 8.392156862745098200e-01 1.000000000000000000e+00
7.921568627450980005e-01 6.980392156862744724e-01 8.392156862745098200e-01 1.000000000000000000e+00
7.921568627450980005e-01 6.980392156862744724e-01 8.392156862745098200e-01 1.000000000000000000e+00
7.921568627450980005e-01 6.980392156862744724e-01 8.392156862745098200e-01 1.000000000000000000e+00
7.921568627450980005e-01 6.980392156862744724e-01 8.392156862745098200e-01 1.000000000000000000e+00
7.921568627450980005e-01 6.980392156862744724e-01 8.392156862745098200e-01 1.000000000000000000e+00
7.921568627450980005e-01 6.980392156862744724e-01 8.392156862745098200e-01 1.000000000000000000e+00
7.921568627450980005e-01 6.980392156862744724e-01 8.392156862745098200e-01 1.000000000000000000e+00
7.921568627450980005e-01 6.980392156862744724e-01 8.392156862745098200e-01 1.000000000000000000e+00
7.921568627450980005e-01 6.980392156862744724e-01 8.392156862745098200e-01 1.000000000000000000e+00
7.921568627450980005e-01 6.980392156862744724e-01 8.392156862745098200e-01 1.000000000000000000e+00
7.921568627450980005e-01 6.980392156862744724e-01 8.392156862745098200e-01 1.000000000000000000e+00
7.921568627450980005e-01 6.980392156862744724e-01 8.392156862745098200e-01 1.000000000000000000e+00
7.921568627450980005e-01 6.980392156862744724e-01 8.392156862745098200e-01 1.000000000000000000e+00
7.921568627450980005e-01 6.980392156862744724e-01 8.392156862745098200e-01 1.000000000000000000e+00
7.921568627450980005e-01 6.980392156862744724e-01 8.392156862745098200e-01 1.000000000000000000e+00
7.921568627450980005e-01 6.980392156862744724e-01 8.392156862745098200e-01 1.000000000000000000e+00
7.921568627450980005e-01 6.980392156862744724e-01 8.392156862745098200e-01 1.000000000000000000e+00
7.921568627450980005e-01 6.980392156862744724e-01 8.392156862745098200e-01 1.000000000000000000e+00
4.156862745098039436e-01 2.392156862745098145e-01 6.039215686274509443e-01 1.000000000000000000e+00
4.156862745098039436e-01 2.392156862745098145e-01 6.039215686274509443e-01 1.000000000000000000e+00
4.156862745098039436e-01 2.392156862745098145e-01 6.039215686274509443e-01 1.000000000000000000e+00
4.156862745098039436e-01 2.392156862745098145e-01 6.039215686274509443e-01 1.000000000000000000e+00
4.156862745098039436e-01 2.392156862745098145e-01 6.039215686274509443e-01 1.000000000000000000e+00
4.156862745098039436e-01 2.392156862745098145e-01 6.039215686274509443e-01 1.000000000000000000e+00
4.156862745098039436e-01 2.392156862745098145e-01 6.039215686274509443e-01 1.000000000000000000e+00
4.156862745098039436e-01 2.392156862745098145e-01 6.039215686274509443e-01 1.000000000000000000e+00
4.156862745098039436e-01 2.392156862745098145e-01 6.039215686274509443e-01 1.000000000000000000e+00
4.156862745098039436e-01 2.392156862745098145e-01 6.039215686274509443e-01 1.000000000000000000e+00
4.156862745098039436e-01 2.392156862745098145e-01 6.039215686274509443e-01 1.000000000000000000e+00
4.156862745098039436e-01 2.392156862745098145e-01 6.039215686274509443e-01 1.000000000000000000e+00
4.156862745098039436e-01 2.392156862745098145e-01 6.039215686274509443e-01 1.000000000000000000e+00
4.156862745098039436e-01 2.392156862745098145e-01 6.039215686274509443e-01 1.000000000000000000e+00
4.156862745098039436e-01 2.392156862745098145e-01 6.039215686274509443e-01 1.000000000000000000e+00
4.156862745098039436e-01 2.392156862745098145e-01 6.039215686274509443e-01 1.000000000000000000e+00
4.156862745098039436e-01 2.392156862745098145e-01 6.039215686274509443e-01 1.000000000000000000e+00
4.156862745098039436e-01 2.392156862745098145e-01 6.039215686274509443e-01 1.000000000000000000e+00
4.156862745098039436e-01 2.392156862745098145e-01 6.039215686274509443e-01 1.000000000000000000e+00
4.156862745098039436e-01 2.392156862745098145e-01 6.039215686274509443e-01 1.000000000000000000e+00
4.156862745098039436e-01 2.392156862745098145e-01 6.039215686274509443e-01 1.000000000000000000e+00
1.000000000000000000e+00 1.000000000000000000e+00 5.999999999999999778e-01 1.000000000000000000e+00
1.000000000000000000e+00 1.000000000000000000e+00 5.999999999999999778e-01 1.000000000000000000e+00
1.000000000000000000e+00 1.000000000000000000e+00 5.999999999999999778e-01 1.000000000000000000e+00
1.000000000000000000e+00 1.000000000000000000e+00 5.999999999999999778e-01 1.000000000000000000e+00
1.000000000000000000e+00 1.000000000000000000e+00 5.999999999999999778e-01 1.000000000000000000e+00
1.000000000000000000e+00 1.000000000000000000e+00 5.999999999999999778e-01 1.000000000000000000e+00
1.000000000000000000e+00 1.000000000000000000e+00 5.999999999999999778e-01 1.000000000000000000e+00
1.000000000000000000e+00 1.000000000000000000e+00 5.999999999999999778e-01 1.000000000000000000e+00
1.000000000000000000e+00 1.000000000000000000e+00 5.999999999999999778e-01 1.000000000000000000e+00
1.000000000000000000e+00 1.000000000000000000e+00 5.999999999999999778e-01 1.000000000000000000e+00
1.000000000000000000e+00 1.000000000000000000e+00 5.999999999999999778e-01 1.000000000000000000e+00
1.000000000000000000e+00 1.000000000000000000e+00 5.999999999999999778e-01 1.000000000000000000e+00
1.000000000000000000e+00 1.000000000000000000e+00 5.999999999999999778e-01 1.000000000000000000e+00
1.000000000000000000e+00 1.000000000000000000e+00 5.999999999999999778e-01 1.000000000000000000e+00
1.000000000000000000e+00 1.000000000000000000e+00 5.999999999999999778e-01 1.000000000000000000e+00
1.000000000000000000e+00 1.000000000000000000e+00 5.999999999999999778e-01 1.000000000000000000e+00
1.000000000000000000e+00 1.000000000000000000e+00 5.999999999999999778e-01 1.000000000000000000e+00
1.000000000000000000e+00 1.000000000000000000e+00 5.999999999999999778e-01 1.000000000000000000e+00
1.000000000000000000e+00 1.000000000000000000e+00 5.999999999999999778e-01 1.000000000000000000e+00
1.000000000000000000e+00 1.000000000000000000e+00 5.999999999999999778e-01 1.000000000000000000e+00
1.000000000000000000e+00 1.000000000000000000e+00 5.999999999999999778e-01 1.000000000000000000e+00
6.941176470588235059e-01 3.490196078431372362e-01 1.568627450980392135e-01 1.000000000000000000e+00
6.941176470588235059e-01 3.490196078431372362e-01 1.568627450980392135e-01 1.000000000000000000e+00
6.941176470588235059e-01 3.490196078431372362e-01 1.568627450980392135e-01 1.000000000000000000e+00
6.941176470588235059e-01 3.490196078431372362e-01 1.568627450980392135e-01 1.000000000000000000e+00
6.941176470588235059e-01 3.490196078431372362e-01 1.568627450980392135e-01 1.000000000000000000e+00
6.941176470588235059e-01 3.490196078431372362e-01 1.568627450980392135e-01 1.000000000000000000e+00
6.941176470588235059e-01 3.490196078431372362e-01 1.568627450980392135e-01 1.000000000000000000e+00
6.941176470588235059e-01 3.490196078431372362e-01 1.568627450980392135e-01 1.000000000000000000e+00
6.941176470588235059e-01 3.490196078431372362e-01 1.568627450980392135e-01 1.000000000000000000e+00
6.941176470588235059e-01 3.490196078431372362e-01 1.568627450980392135e-01 1.000000000000000000e+00
6.941176470588235059e-01 3.490196078431372362e-01 1.568627450980392135e-01 1.000000000000000000e+00
6.941176470588235059e-01 3.490196078431372362e-01 1.568627450980392135e-01 1.000000000000000000e+00
6.941176470588235059e-01 3.490196078431372362e-01 1.568627450980392135e-01 1.000000000000000000e+00
6.941176470588235059e-01 3.490196078431372362e-01 1.568627450980392135e-01 1.000000000000000000e+00
6.941176470588235059e-01 3.490196078431372362e-01 1.568627450980392135e-01 1.000000000000000000e+00
6.941176470588235059e-01 3.490196078431372362e-01 1.568627450980392135e-01 1.000000000000000000e+00
6.941176470588235059e-01 3.490196078431372362e-01 1.568627450980392135e-01 1.000000000000000000e+00
6.941176470588235059e-01 3.490196078431372362e-01 1.568627450980392135e-01 1.000000000000000000e+00
6.941176470588235059e-01 3.490196078431372362e-01 1.568627450980392135e-01 1.000000000000000000e+00
6.941176470588235059e-01 3.490196078431372362e-01 1.568627450980392135e-01 1.000000000000000000e+00
6.941176470588235059e-01 3.490196078431372362e-01 1.568627450980392135e-01 1.000000000000000000e+00
6.941176470588235059e-01 3.490196078431372362e-01 1.568627450980392135e-01 1.000000000000000000e+00
