7.019607843137254388e-01 8.862745098039215286e-01 8.039215686274510109e-01 1.000000000000000000e+00
7.019607843137254388e-01 8.862745098039215286e-01 8.039215686274510109e-01 1.000000000000000000e+00
7.019607843137254388e-01 8.862745098039215286e-01 8.039215686274510109e-01 1.000000000000000000e+00
7.019607843137254388e-01 8.862745098039215286e-01 8.039215686274510109e-01 1.000000000000000000e+00
7.019607843137254388e-01 8.862745098039215286e-01 8.039215686274510109e-01 1.000000000000000000e+00
7.019607843137254388e-01 8.862745098039215286e-01 8.039215686274510109e-01 1.000000000000000000e+00
7.019607843137254388e-01 8.862745098039215286e-01 8.039215686274510109e-01 1.000000000000000000e+00
7.019607843137254388e-01 8.862745098039215286e-01 8.039215686274510109e-01 1.000000000000000000e+00
7.019607843137254388e-01 8.862745098039215286e-01 8.039215686274510109e-01 1.000000000000000000e+00
7.019607843137254388e-01 8.862745098039215286e-01 8.039215686274510109e-01 1.000000000000000000e+00
7.019607843137254388e-01 8.862745098039215286e-01 8.039215686274510109e-01 1.000000000000000000e+00
7.019607843137254388e-01 8.862745098039215286e-01 8.039215686274510109e-01 1.000000000000000000e+00
7.019607843137254388e-01 8.862745098039215286e-01 8.039215686274510109e-01 1.000000000000000000e+00
7.019607843137254388e-01 8.862745098039215286e-01 8.039215686274510109e-01 1.000000000000000000e+00
7.019607843137254388e-01 8.862745098039215286e-01 8.039215686274510109e-01 1.000000000000000000e+00
7.019607843137254388e-01 8.862745098039215286e-01 8.039215686274510109e-01 1.000000000000000000e+00
7.019607843137254388e-01 8.862745098039215286e-01 8.039215686274510109e-01 1.000000000000000000e+00
7.019607843137254388e-01 8.862745098039215286e-01 8.039215686274510109e-01 1.000000000000000000e+00
7.019607843137254388e-01 8.862745098039215286e-01 8.039215686274510109e-01 1.000000000000000000e+00
7.019607843137254388e-01 8.862745098039215286e-01 8.039215686274510109e-01 1.000000000000000000e+00
7.019607843137254388e-01 8.862745098039215286e-01 8.039215686274510109e-01 1.000000000000000000e+00
7.019607843137254388e-01 8.862745098039215286e-01 8.039215686274510109e-01 1.000000000000000000e+00
7.019607843137254388e-01 8.862745098039215286e-01 8.039215686274510109e-01 1.000000000000000000e+00
7.019607843137254388e-01 8.862745098039215286e-01 8.039215686274510109e-01 1.000000000000000000e+00
7.019607843137254388e-01 8.862745098039215286e-01 8.039215686274510109e-01 1.000000000000000000e+00
7.019607843137254388e-01 8.862745098039215286e-01 8.039215686274510109e-01 1.000000000000000000e+00
7.019607843137254388e-01 8.862745098039215286e-01 8.039215686274510109e-01 1.000000000000000000e+00
7.019607843137254388e-01 8.862745098039215286e-01 8.039215686274510109e-01 1.000000000000000000e+00
7.019607843137254388e-01 8.862745098039215286e-01 8.039215686274510109e-01 1.000000000000000000e+00
7.019607843137254388e-01 8.862745098039215286e-01 8.039215686274510109e-01 1.000000000000000000e+00
7.019607843137254388e-01 8.862745098039215286e-01 8.039215686274510109e-01 1.000000000000000000e+00
7.019607843137254388e-01 8.862745098039215286e-01 8.039215686274510109e-01 1.000000000000000000e+00
9.921568627450980671e-01 8.039215686274510109e-01 6.745098039215686736e-01 1.000000000000000000e+00
9.921568627450980671e-01 8.039215686274510109e-01 6.745098039215686736e-01 1.000000000000000000e+00
9.921568627450980671e-01 8.039215686274510109e-01 6.745098039215686736e-01 1.000000000000000000e+00
9.921568627450980671e-01 8.039215686274510109e-01 6.745098039215686736e-01 1.000000000000000000e+00
9.921568627450980671e-01 8.039215686274510109e-01 6.745098039215686736e-01 1.000000000000000000e+00
9.921568627450980671e-01 8.039215686274510109e-01 6.745098039215686736e-01 1.000000000000000000e+00
9.921568627450980671e-01 8.039215686274510109e-01 6.745098039215686736e-01 1.000000000000000000e+00
9.921568627450980671e-01 8.039215686274510109e-01 6.745098039215686736e-01 1.000000000000000000e+00
9.921568627450980671e-01 8.039215686274510109e-01 6.745098039215686736e-01 1.000000000000000000e+00
9.921568627450980671e-01 8.039215686274510109e-01 6.745098039215686736e-01 1.000000000000000000e+00
9.921568627450980671e-01 8.039215686274510109e-01 6.745098039215686736e-01 1.000000000000000000e+00
9.921568627450980671e-01 8.039215686274510109e-01 6.745098039215686736e-01 1.000000000000000000e+00
9.921568627450980671e-01 8.039215686274510109e-01 6.745098039215686736e-01 1.000000000000000000e+00
9.921568627450980671e-01 8.039215686274510109e-01 6.745098039215686736e-01 1.000000000000000000e+00
9.921568627450980671e-01 8.039215686274510109e-01 6.745098039215686736e-01 1.000000000000000000e+00
9.921568627450980671e-01 8.039215686274510109e-01 6.745098039215686736e-01 1.000000000000000000e+00
9.921568627450980671e-01 8.039215686274510109e-01 6.745098039215686736e-01 1.000000000000000000e+00
9.921568627450980671e-01 8.039215686274510109e-01 6.745098039215686736e-01 1.000000000000000000e+00
9.921568627450980671e-01 8.039215686274510109e-01 6.745098039215686736e-01 1.000000000000000000e+00
9.921568627450980671e-01 8.039215686274510109e-01 6.745098039215686736e-01 1.000000000000000000e+00
9.921568627450980671e-01 8.039215686274510109e-01 6.745098039215686736e-01 1.000000000000000000e+00
9.921568627450980671e-01 8.039215686274510109e-01 6.745098039215686736e-01 1.000000000000000000e+00
9.921568627450980671e-01 8.039215686274510109e-01 6.745098039215686736e-01 1.000000000000000000e+00
9.921568627450980671e-01 8.039215686274510109e-01 6.745098039215686736e-01 1.000000000000000000e+00
9.921568627450980671e-01 8.039215686274510109e-01 6.745098039215686736e-01 1.000000000000000000e+00
9.921568627450980671e-01 8.039215686274510109e-01 6.745098039215686736e-01 1.000000000000000000e+00
9.921568627450980671e-01 8.039215686274510109e-01 6.745098039215686736e-01 1.000000000000000000e+00
9.921568627450980671e-01 8.039215686274510109e-01 6.745098039215686736e-01 1.000000000000000000e+00
9.921568627450980671e-01 8.039215686274510109e-01 6.745098039215686736e-01 1.000000000000000000e+00
9.921568627450980671e-01 8.039215686274510109e-01 6.745098039215686736e-01 1.000000000000000000e+00
9.921568627450980671e-01 8.039215686274510109e-01 6.745098039215686736e-01 1.000000000000000000e+00
9.921568627450980671e-01 8.039215686274510109e-01 6.745098039215686736e-01 1.000000000000000000e+00
7.960784313725489669e-01 8.352941176470588536e-01 9.098039215686274384e-01 1.000000000000000000e+00
7.960784313725489669e-01 8.352941176470588536e-01 9.098039215686274384e-01 1.000000000000000000e+00
7.960784313725489669e-01 8.352941176470588536e-01 9.098039215686274384e-01 1.000000000000000000e+00
7.960784313725489669e-01 8.352941176470588536e-01 9.098039215686274384e-01 1.000000000000000000e+00
7.960784313725489669e-01 8.352941176470588536e-01 9.098039215686274384e-01 1.000000000000000000e+00
7.960784313725489669e-01 8.352941176470588536e-01 9.098039215686274384e-01 1.000000000000000000e+00
7.960784313725489669e-01 8.352941176470588536e-01 9.098039215686274384e-01 1.000000000000000000e+00
7.960784313725489669e-01 8.352941176470588536e-01 9.098039215686274384e-01 1.000000000000000000e+00
7.960784313725489669e-01 8.352941176470588536e-01 9.098039215686274384e-01 1.000000000000000000e+00
7.960784313725489669e-01 8.352941176470588536e-01 9.098039215686274384e-01 1.000000000000000000e+00
7.960784313725489669e-01 8.352941176470588536e-01 9.098039215686274384e-01 1.000000000000000000e+00
7.960784313725489669e-01 8.352941176470588536e-01 9.098039215686274384e-01 1.000000000000000000e+00
7.960784313725489669e-01 8.352941176470588536e-01 9.098039215686274384e-01 1.000000000000000000e+00
7.960784313725489669e-01 8.352941176470588536e-01 9.098039215686274384e-01 1.000000000000000000e+00
7.960784313725489669e-01 8.352941176470588536e-01 9.098039215686274384e-01 1.000000000000000000e+00
7.960784313725489669e-01 8.352941176470588536e-01 9.098039215686274384e-01 1.000000000000000000e+00
7.960784313725489669e-01 8.352941176470588536e-01 9.098039215686274384e-01 1.000000000000000000e+00
7.960784313725489669e-01 8.352941176470588536e-01 9.098039215686274384e-01 1.000000000000000000e+00
7.960784313725489669e-01 8.352941176470588536e-01 9.098039215686274384e-01 1.000000000000000000e+00
7.960784313725489669e-01 8.352941176470588536e-01 9.098039215686274384e-01 1.000000000000000000e+00
7.960784313725489669e-01 8.352941176470588536e-01 9.098039215686274384e-01 1.000000000000000000e+00
7.960784313725489669e-01 8.352941176470588536e-01 9.098039215686274384e-01 1.000000000000000000e+00
7.960784313725489669e-01 8.352941176470588536e-01 9.098039215686274384e-01 1.000000000000000000e+00
7.960784313725489669e-01 8.352941176470588536e-01 9.098039215686274384e-01 1.000000000000000000e+00
7.960784313725489669e-01 8.352941176470588536e-01 9.098039215686274384e-01 1.000000000000000000e+00
7.960784313725489669e-01 8.352941176470588536e-01 9.098039215686274384e-01 1.000000000000000000e+00
7.960784313725489669e-01 8.352941176470588536e-01 9.098039215686274384e-01 1.000000000000000000e+00
7.960784313725489669e-01 8.352941176470588536e-01 9.098039215686274384e-01 1.000000000000000000e+00
7.960784313725489669e-01 8.352941176470588536e-01 9.098039215686274384e-01 1.000000000000000000e+00
7.960784313725489669e-01 8.352941176470588536e-01 9.098039215686274384e-01 1.000000000000000000e+00
7.960784313725489669e-01 8.352941176470588536e-01 9.098039215686274384e-01 1.000000000000000000e+00
7.960784313725489669e-01 8.352941176470588536e-01 9.098039215686274384e-01 1.000000000000000000e+00
9.568627450980392579e-01 7.921568627450980005e-01 8.941176470588235725e-01 1.000000000000000000e+00
9.568627450980392579e-01 7.921568627450980005e-01 8.941176470588235725e-01 1.000000000000000000e+00
9.568627450980392579e-01 7.921568627450980005e-01 8.941176470588235725e-01 1.000000000000000000e+00
9.568627450980392579e-01 7.921568627450980005e-01 8.941176470588235725e-01 1.000000000000000000e+00
9.568627450980392579e-01 7.921568627450980005e-01 8.941176470588235725e-01 1.000000000000000000e+00
9.568627450980392579e-01 7.921568627450980005e-01 8.941176470588235725e-01 1.000000000000000000e+00
9.568627450980392579e-01 7.921568627450980005e-01 8.941176470588235725e-01 1.000000000000000000e+00
9.568627450980392579e-01 7.921568627450980005e-01 8.941176470588235725e-01 1.000000000000000000e+00
9.568627450980392579e-01 7.921568627450980005e-01 8.941176470588235725e-01 1.000000000000000000e+00
9.568627450980392579e-01 7.921568627450980005e-01 8.941176470588235725e-01 1.000000000000000000e+00
9.568627450980392579e-01 7.921568627450980005e-01 8.941176470588235725e-01 1.000000000000000000e+00
9.568627450980392579e-01 7.921568627450980005e-01 8.941176470588235725e-01 1.000000000000000000e+00
9.568627450980392579e-01 7.921568627450980005e-01 8.941176470588235725e-01 1.000000000000000000e+00
9.568627450980392579e-01 7.921568627450980005e-01 8.941176470588235725e-01 1.000000000000000000e+00
9.568627450980392579e-01 7.921568627450980005e-01 8.941176470588235725e-01 1.000000000000000000e+00
9.568627450980392579e-01 7.921568627450980005e-01 8.941176470588235725e-01 1.000000000000000000e+00
9.568627450980392579e-01 7.921568627450980005e-01 8.941176470588235725e-01 1.000000000000000000e+00
9.568627450980392579e-01 7.921568627450980005e-01 8.941176470588235725e-01 1.000000000000000000e+00
9.568627450980392579e-01 7.921568627450980005e-01 8.941176470588235725e-01 1.000000000000000000e+00
9.568627450980392579e-01 7.921568627450980005e-01 8.941176470588235725e-01 1.000000000000000000e+00
9.568627450980392579e-01 7.921568627450980005e-01 8.941176470588235725e-01 1.000000000000000000e+00
9.568627450980392579e-01 7.921568627450980005e-01 8.941176470588235725e-01 1.000000000000000000e+00
9.568627450980392579e-01 7.921568627450980005e-01 8.941176470588235725e-01 1.000000000000000000e+00
9.568627450980392579e-01 7.921568627450980005e-01 8.941176470588235725e-01 1.000000000000000000e+00
9.568627450980392579e-01 7.921568627450980005e-01 8.941176470588235725e-01 1.000000000000000000e+00
9.568627450980392579e-01 7.921568627450980005e-01 8.941176470588235725e-01 1.000000000000000000e+00
9.568627450980392579e-01 7.921568627450980005e-01 8.941176470588235725e-01 1.000000000000000000e+00
9.568627450980392579e-01 7.921568627450980005e-01 8.941176470588235725e-01 1.000000000000000000e+00
9.568627450980392579e-01 7.921568627450980005e-01 8.941176470588235725e-01 1.000000000000000000e+00
9.568627450980392579e-01 7.921568627450980005e-01 8.941176470588235725e-01 1.000000000000000000e+00
9.568627450980392579e-01 7.921568627450980005e-01 8.941176470588235725e-01 1.000000000000000000e+00
9.019607843137255054e-01 9.607843137254902244e-01 7.882352941176470340e-01 1.000000000000000000e+00
9.019607843137255054e-01 9.607843137254902244e-01 7.882352941176470340e-01 1.000000000000000000e+00
9.019607843137255054e-01 9.607843137254902244e-01 7.882352941176470340e-01 1.000000000000000000e+00
9.019607843137255054e-01 9.607843137254902244e-01 7.882352941176470340e-01 1.000000000000000000e+00
9.019607843137255054e-01 9.607843137254902244e-01 7.882352941176470340e-01 1.000000000000000000e+00
9.019607843137255054e-01 9.607843137254902244e-01 7.882352941176470340e-01 1.000000000000000000e+00
9.019607843137255054e-01 9.607843137254902244e-01 7.882352941176470340e-01 1.000000000000000000e+00
9.019607843137255054e-01 9.607843137254902244e-01 7.882352941176470340e-01 1.000000000000000000e+00
9.019607843137255054e-01 9.607843137254902244e-01 7.882352941176470340e-01 1.000000000000000000e+00
9.019607843137255054e-01 9.607843137254902244e-01 7.882352941176470340e-01 1.000000000000000000e+00
9.019607843137255054e-01 9.607843137254902244e-01 7.882352941176470340e-01 1.000000000000000000e+00
9.019607843137255054e-01 9.607843137254902244e-01 7.882352941176470340e-01 1.000000000000000000e+00
9.019607843137255054e-01 9.607843137254902244e-01 7.882352941176470340e-01 1.000000000000000000e+00
9.019607843137255054e-01 9.607843137254902244e-01 7.882352941176470340e-01 1.000000000000000000e+00
9.019607843137255054e-01 9.607843137254902244e-01 7.882352941176470340e-01 1.000000000000000000e+00
9.019607843137255054e-01 9.607843137254902244e-01 7.882352941176470340e-01 1.000000000000000000e+00
9.019607843137255054e-01 9.607843137254902244e-01 7.882352941176470340e-01 1.000000000000000000e+00
9.019607843137255054e-01 9.607843137254902244e-01 7.882352941176470340e-01 1.000000000000000000e+00
9.019607843137255054e-01 9.607843137254902244e-01 7.882352941176470340e-01 1.000000000000000000e+00
9.019607843137255054e-01 9.607843137254902244e-01 7.882352941176470340e-01 1.000000000000000000e+00
9.019607843137255054e-01 9.607843137254902244e-01 7.882352941176470340e-01 1.000000000000000000e+00
9.019607843137255054e-01 9.607843137254902244e-01 7.882352941176470340e-01 1.000000000000000000e+00
9.019607843137255054e-01 9.607843137254902244e-01 7.882352941176470340e-01 1.000000000000000000e+00
9.019607843137255054e-01 9.607843137254902244e-01 7.882352941176470340e-01 1.000000000000000000e+00
9.019607843137255054e-01 9.607843137254902244e-01 7.882352941176470340e-01 1.000000000000000000e+00
9.019607843137255054e-01 9.607843137254902244e-01 7.882352941176470340e-01 1.000000000000000000e+00
9.019607843137255054e-01 9.607843137254902244e-01 7.882352941176470340e-01 1.000000000000000000e+00
9.019607843137255054e-01 9.607843137254902244e-01 7.882352941176470340e-01 1.000000000000000000e+00
9.019607843137255054e-01 9.607843137254902244e-01 7.882352941176470340e-01 1.000000000000000000e+00
9.019607843137255054e-01 9.607843137254902244e-01 7.882352941176470340e-01 1.000000000000000000e+00
9.019607843137255054e-01 9.607843137254902244e-01 7.882352941176470340e-01 1.000000000000000000e+00
9.019607843137255054e-01 9.607843137254902244e-01 7.882352941176470340e-01 1.000000000000000000e+00
1.000000000000000000e+00 9.490196078431372140e-01 6.823529411764706065e-01 1.000000000000000000e+00
1.000000000000000000e+00 9.490196078431372140e-01 6.823529411764706065e-01 1.000000000000000000e+00
1.000000000000000000e+00 9.490196078431372140e-01 6.823529411764706065e-01 1.000000000000000000e+00
1.000000000000000000e+00 9.490196078431372140e-01 6.823529411764706065e-01 1.000000000000000000e+00
1.000000000000000000e+00 9.490196078431372140e-01 6.823529411764706065e-01 1.000000000000000000e+00
1.000000000000000000e+00 9.490196078431372140e-01 6.823529411764706065e-01 1.000000000000000000e+00
1.000000000000000000e+00 9.490196078431372140e-01 6.823529411764706065e-01 1.000000000000000000e+00
1.000000000000000000e+00 9.490196078431372140e-01 6.823529411764706065e-01 1.000000000000000000e+00
1.000000000000000000e+00 9.490196078431372140e-01 6.823529411764706065e-01 1.000000000000000000e+00
1.000000000000000000e+00 9.490196078431372140e-01 6.823529411764706065e-01 1.000000000000000000e+00
1.000000000000000000e+00 9.490196078431372140e-01 6.823529411764706065e-01 1.000000000000000000e+00
1.000000000000000000e+00 9.490196078431372140e-01 6.823529411764706065e-01 1.000000000000000000e+00
1.000000000000000000e+00 9.490196078431372140e-01 6.823529411764706065e-01 1.000000000000000000e+00
1.000000000000000000e+00 9.490196078431372140e-01 6.823529411764706065e-01 1.000000000000000000e+00
1.000000000000000000e+00 9.490196078431372140e-01 6.823529411764706065e-01 1.000000000000000000e+00
1.000000000000000000e+00 9.490196078431372140e-01 6.823529411764706065e-01 1.000000000000000000e+00
1.000000000000000000e+00 9.490196078431372140e-01 6.823529411764706065e-01 1.000000000000000000e+00
1.000000000000000000e+00 9.490196078431372140e-01 6.823529411764706065e-01 1.000000000000000000e+00
1.000000000000000000e+00 9.490196078431372140e-01 6.823529411764706065e-01 1.000000000000000000e+00
1.000000000000000000e+00 9.490196078431372140e-01 6.823529411764706065e-01 1.000000000000000000e+00
1.000000000000000000e+00 9.490196078431372140e-01 6.823529411764706065e-01 1.000000000000000000e+00
1.000000000000000000e+00 9.490196078431372140e-01 6.823529411764706065e-01 1.000000000000000000e+00
1.000000000000000000e+00 9.490196078431372140e-01 6.823529411764706065e-01 1.000000000000000000e+00
1.000000000000000000e+00 9.490196078431372140e-01 6.823529411764706065e-01 1.000000000000000000e+00
1.000000000000000000e+00 9.490196078431372140e-01 6.823529411764706065e-01 1.000000000000000000e+00
1.000000000000000000e+00 9.490196078431372140e-01 6.823529411764706065e-01 1.000000000000000000e+00
1.000000000000000000e+00 9.490196078431372140e-01 6.823529411764706065e-01 1.000000000000000000e+00
1.000000000000000000e+00 9.490196078431372140e-01 6.823529411764706065e-01 1.000000000000000000e+00
1.000000000000000000e+00 9.490196078431372140e-01 6.823529411764706065e-01 1.000000000000000000e+00
1.000000000000000000e+00 9.490196078431372140e-01 6.823529411764706065e-01 1.000000000000000000e+00
1.000000000000000000e+00 9.490196078431372140e-01 6.823529411764706065e-01 1.000000000000000000e+00
1.000000000000000000e+00 9.490196078431372140e-01 6.823529411764706065e-01 1.000000000000000000e+00
9.450980392156862475e-01 8.862745098039215286e-01 8.000000000000000444e-01 1.000000000000000000e+00
9.450980392156862475e-01 8.862745098039215286e-01 8.000000000000000444e-01 1.000000000000000000e+00
9.450980392156862475e-01 8.862745098039215286e-01 8.000000000000000444e-01 1.000000000000000000e+00
9.450980392156862475e-01 8.862745098039215286e-01 8.000000000000000444e-01 1.000000000000000000e+00
9.450980392156862475e-01 8.862745098039215286e-01 8.000000000000000444e-01 1.000000000000000000e+00
9.450980392156862475e-01 8.862745098039215286e-01 8.000000000000000444e-01 1.000000000000000000e+00
9.450980392156862475e-01 8.862745098039215286e-01 8.000000000000000444e-01 1.000000000000000000e+00
9.450980392156862475e-01 8.862745098039215286e-01 8.000000000000000444e-01 1.000000000000000000e+00
9.450980392156862475e-01 8.862745098039215286e-01 8.000000000000000444e-01 1.000000000000000000e+00
9.450980392156862475e-01 8.862745098039215286e-01 8.000000000000000444e-01 1.000000000000000000e+00
9.450980392156862475e-01 8.862745098039215286e-01 8.000000000000000444e-01 1.000000000000000000e+00
9.450980392156862475e-01 8.862745098039215286e-01 8.000000000000000444e-01 1.000000000000000000e+00
9.450980392156862475e-01 8.862745098039215286e-01 8.000000000000000444e-01 1.000000000000000000e+00
9.450980392156862475e-01 8.862745098039215286e-01 8.000000000000000444e-01 1.000000000000000000e+00
9.450980392156862475e-01 8.862745098039215286e-01 8.000000000000000444e-01 1.000000000000000000e+00
9.450980392156862475e-01 8.862745098039215286e-01 8.000000000000000444e-01 1.000000000000000000e+00
9.450980392156862475e-01 8.862745098039215286e-01 8.000000000000000444e-01 1.000000000000000000e+00
9.450980392156862475e-01 8.862745098039215286e-01 8.000000000000000444e-01 1.000000000000000000e+00
9.450980392156862475e-01 8.862745098039215286e-01 8.000000000000000444e-01 1.000000000000000000e+00
9.450980392156862475e-01 8.862745098039215286e-01 8.000000000000000444e-01 1.000000000000000000e+00
9.450980392156862475e-01 8.862745098039215286e-01 8.000000000000000444e-01 1.000000000000000000e+00
9.450980392156862475e-01 8.862745098039215286e-01 8.000000000000000444e-01 1.000000000000000000e+00
9.450980392156862475e-01 8.862745098039215286e-01 8.000000000000000444e-01 1.000000000000000000e+00
9.450980392156862475e-01 8.862745098039215286e-01 8.000000000000000444e-01 1.000000000000000000e+00
9.450980392156862475e-01 8.862745098039215286e-01 8.000000000000000444e-01 1.000000000000000000e+00
9.450980392156862475e-01 8.862745098039215286e-01 8.000000000000000444e-01 1.000000000000000000e+00
9.450980392156862475e-01 8.862745098039215286e-01 8.000000000000000444e-01 1.000000000000000000e+00
9.450980392156862475e-01 8.862745098039215286e-01 8.000000000000000444e-01 1.000000000000000000e+00
9.450980392156862475e-01 8.862745098039215286e-01 8.000000000000000444e-01 1.000000000000000000e+00
9.450980392156862475e-01 8.862745098039215286e-01 8.000000000000000444e-01 1.000000000000000000e+00
9.450980392156862475e-01 8.862745098039215286e-01 8.000000000000000444e-01 1.000000000000000000e+00
9.450980392156862475e-01 8.862745098039215286e-01 8.000000000000000444e-01 1.000000000000000000e+00
8.000000000000000444e-01 8.000000000000000444e-01 8.000000000000000444e-01 1.000000000000000000e+00
8.000000000000000444e-01 8.000000000000000444e-01 8.000000000000000444e-01 1.000000000000000000e+00
8.000000000000000444e-01 8.000000000000000444e-01 8.000000000000000444e-01 1.000000000000000000e+00
8.000000000000000444e-01 8.000000000000000444e-01 8.000000000000000444e-01 1.000000000000000000e+00
8.000000000000000444e-01 8.000000000000000444e-01 8.000000000000000444e-01 1.000000000000000000e+00
8.000000000000000444e-01 8.000000000000000444e-01 8.000000000000000444e-01 1.000000000000000000e+00
8.000000000000000444e-01 8.000000000000000444e-01 8.000000000000000444e-01 1.000000000000000000e+00
8.000000000000000444e-01 8.000000000000000444e-01 8.000000000000000444e-01 1.000000000000000000e+00
8.000000000000000444e-01 8.000000000000000444e-01 8.000000000000000444e-01 1.000000000000000000e+00
8.000000000000000444e-01 8.000000000000000444e-01 8.000000000000000444e-01 1.000000000000000000e+00
8.000000000000000444e-01 8.000000000000000444e-01 8.000000000000000444e-01 1.000000000000000000e+00
8.000000000000000444e-01 8.000000000000000444e-01 8.000000000000000444e-01 1.000000000000000000e+00
8.000000000000000444e-01 8.000000000000000444e-01 8.000000000000000444e-01 1.000000000000000000e+00
8.000000000000000444e-01 8.000000000000000444e-01 8.000000000000000444e-01 1.000000000000000000e+00
8.000000000000000444e-01 8.000000000000000444e-01 8.000000000000000444e-01 1.000000000000000000e+00
8.000000000000000444e-01 8.000000000000000444e-01 8.000000000000000444e-01 1.000000000000000000e+00
8.000000000000000444e-01 8.000000000000000444e-01 8.000000000000000444e-01 1.000000000000000000e+00
8.000000000000000444e-01 8.000000000000000444e-01 8.000000000000000444e-01 1.000000000000000000e+00
8.000000000000000444e-01 8.000000000000000444e-01 8.000000000000000444e-01 1.000000000000000000e+00
8.000000000000000444e-01 8.000000000000000444e-01 8.000000000000000444e-01 1.000000000000000000e+00
8.000000000000000444e-01 8.000000000000000444e-01 8.000000000000000444e-01 1.000000000000000000e+00
8.000000000000000444e-01 8.000000000000000444e-01 8.000000000000000444e-01 1.000000000000000000e+00
8.000000000000000444e-01 8.000000000000000444e-01 8.000000000000000444e-01 1.000000000000000000e+00
8.000000000000000444e-01 8.000000000000000444e-01 8.000000000000000444e-01 1.000000000000000000e+00
8.000000000000000444e-01 8.000000000000000444e-01 8.000000000000000444e-01 1.000000000000000000e+00
8.000000000000000444e-01 8.000000000000000444e-01 8.000000000000000444e-01 1.000000000000000000e+00
8.000000000000000444e-01 8.000000000000000444e-01 8.000000000000000444e-01 1.000000000000000000e+00
8.000000000000000444e-01 8.000000000000000444e-01 8.000000000000000444e-01 1.000000000000000000e+00
8.000000000000000444e-01 8.000000000000000444e-01 8.000000000000000444e-01 1.000000000000000000e+00
8.000000000000000444e-01 8.000000000000000444e-01 8.000000000000000444e-01 1.000000000000000000e+00
8.000000000000000444e-01 8.000000000000000444e-01 8.000000000000000444e-01 1.000000000000000000e+00
8.000000000000000444e-01 8.000000000000000444e-01 8.000000000000000444e-01 1.000000000000000000e+00
