9.490196078431372140e-01 9.490196078431372140e-01 9.490196078431372140e-01 1.000000000000000000e+00
9.490196078431372140e-01 9.490196078431372140e-01 9.490196078431372140e-01 1.000000000000000000e+00
9.490196078431372140e-01 9.490196078431372140e-01 9.490196078431372140e-01 1.000000000000000000e+00
9.490196078431372140e-01 9.490196078431372140e-01 9.490196078431372140e-01 1.000000000000000000e+00
9.490196078431372140e-01 9.490196078431372140e-01 9.490196078431372140e-01 1.000000000000000000e+00
9.490196078431372140e-01 9.490196078431372140e-01 9.490196078431372140e-01 1.000000000000000000e+00
9.490196078431372140e-01 9.490196078431372140e-01 9.490196078431372140e-01 1.000000000000000000e+00
9.490196078431372140e-01 9.490196078431372140e-01 9.490196078431372140e-01 1.000000000000000000e+00
9.490196078431372140e-01 9.490196078431372140e-01 9.490196078431372140e-01 1.000000000000000000e+00
9.490196078431372140e-01 9.490196078431372140e-01 9.490196078431372140e-01 1.000000000000000000e+00
9.490196078431372140e-01 9.490196078431372140e-01 9.490196078431372140e-01 1.000000000000000000e+00
9.490196078431372140e-01 9.490196078431372140e-01 9.490196078431372140e-01 1.000000000000000000e+00
9.490196078431372140e-01 9.490196078431372140e-01 9.490196078431372140e-01 1.000000000000000000e+00
9.490196078431372140e-01 9.490196078431372140e-01 9.490196078431372140e-01 1.000000000000000000e+00
9.490196078431372140e-01 9.490196078431372140e-01 9.490196078431372140e-01 1.000000000000000000e+00
9.490196078431372140e-01 9.490196078431372140e-01 9.490196078431372140e-01 1.000000000000000000e+00
9.490196078431372140e-01 9.490196078431372140e-01 9.490196078431372140e-01 1.000000000000000000e+00
9.490196078431372140e-01 9.490196078431372140e-01 9.490196078431372140e-01 1.000000000000000000e+00
9.490196078431372140e-01 9.490196078431372140e-01 9.490196078431372140e-01 1.000000000000000000e+00
9.490196078431372140e-01 9.490196078431372140e-01 9.490196078431372140e-01 1.000000000000000000e+00
9.490196078431372140e-01 9.490196078431372140e-01 9.490196078431372140e-01 1.000000000000000000e+00
9.490196078431372140e-01 9.490196078431372140e-01 9.490196078431372140e-01 1.000000000000000000e+00
9.490196078431372140e-01 9.490196078431372140e-01 9.490196078431372140e-01 1.000000000000000000e+00
9.490196078431372140e-01 9.490196078431372140e-01 9.490196078431372140e-01 1.000000000000000000e+00
9.490196078431372140e-01 9.490196078431372140e-01 9.490196078431372140e-01 1.000000000000000000e+00
9.490196078431372140e-01 9.490196078431372140e-01 9.490196078431372140e-01 1.000000000000000000e+00
9.490196078431372140e-01 9.490196078431372140e-01 9.490196078431372140e-01 1.000000000000000000e+00
9.490196078431372140e-01 9.490196078431372140e-01 9.490196078431372140e-01 1.000000000000000000e+00
9.490196078431372140e-01 9.490196078431372140e-01 9.490196078431372140e-01 1.000000000000000000e+00
9.921568627450980671e-01 8.549019607843136859e-01 9.254901960784314152e-01 1.000000000000000000e+00
9.921568627450980671e-01 8.549019607843136859e-01 9.254901960784314152e-01 1.000000000000000000e+00
9.921568627450980671e-01 8.549019607843136859e-01 9.254901960784314152e-01 1.000000000000000000e+00
9.921568627450980671e-01 8.549019607843136859e-01 9.254901960784314152e-01 1.000000000000000000e+00
9.921568627450980671e-01 8.549019607843136859e-01 9.254901960784314152e-01 1.000000000000000000e+00
9.921568627450980671e-01 8.549019607843136859e-01 9.254901960784314152e-01 1.000000000000000000e+00
9.921568627450980671e-01 8.549019607843136859e-01 9.254901960784314152e-01 1.000000000000000000e+00
9.921568627450980671e-01 8.549019607843136859e-01 9.254901960784314152e-01 1.000000000000000000e+00
9.921568627450980671e-01 8.549019607843136859e-01 9.254901960784314152e-01 1.000000000000000000e+00
9.921568627450980671e-01 8.549019607843136859e-01 9.254901960784314152e-01 1.000000000000000000e+00
9.921568627450980671e-01 8.549019607843136859e-01 9.254901960784314152e-01 1.000000000000000000e+00
9.921568627450980671e-01 8.549019607843136859e-01 9.254901960784314152e-01 1.000000000000000000e+00
9.921568627450980671e-01 8.549019607843136859e-01 9.254901960784314152e-01 1.000000000000000000e+00
9.921568627450980671e-01 8.549019607843136859e-01 9.254901960784314152e-01 1.000000000000000000e+00
9.921568627450980671e-01 8.549019607843136859e-01 9.254901960784314152e-01 1.000000000000000000e+00
9.921568627450980671e-01 8.549019607843136859e-01 9.254901960784314152e-01 1.000000000000000000e+00
9.921568627450980671e-01 8.549019607843136859e-01 9.254901960784314152e-01 1.000000000000000000e+00
9.921568627450980671e-01 8.549019607843136859e-01 9.254901960784314152e-01 1.000000000000000000e+00
9.921568627450980671e-01 8.549019607843136859e-01 9.254901960784314152e-01 1.000000000000000000e+00
9.921568627450980671e-01 8.549019607843136859e-01 9.254901960784314152e-01 1.000000000000000000e+00
9.921568627450980671e-01 8.549019607843136859e-01 9.254901960784314152e-01 1.000000000000000000e+00
9.921568627450980671e-01 8.549019607843136859e-01 9.254901960784314152e-01 1.000000000000000000e+00
9.921568627450980671e-01 8.549019607843136859e-01 9.254901960784314152e-01 1.000000000000000000e+00
9.921568627450980671e-01 8.549019607843136859e-01 9.254901960784314152e-01 1.000000000000000000e+00
9.921568627450980671e-01 8.549019607843136859e-01 9.254901960784314152e-01 1.000000000000000000e+00
9.921568627450980671e-01 8.549019607843136859e-01 9.254901960784314152e-01 1.000000000000000000e+00
9.921568627450980671e-01 8.549019607843136859e-01 9.254901960784314152e-01 1.000000000000000000e+00
9.921568627450980671e-01 8.549019607843136859e-01 9.254901960784314152e-01 1.000000000000000000e+00
8.980392156862745390e-01 8.470588235294117530e-01 7.411764705882353255e-01 1.000000000000000000e+00
8.980392156862745390e-01 8.470588235294117530e-01 7.411764705882353255e-01 1.000000000000000000e+00
8.980392156862745390e-01 8.470588235294117530e-01 7.411764705882353255e-01 1.000000000000000000e+00
8.980392156862745390e-01 8.470588235294117530e-01 7.411764705882353255e-01 1.000000000000000000e+00
8.980392156862745390e-01 8.470588235294117530e-01 7.411764705882353255e-01 1.000000000000000000e+00
8.980392156862745390e-01 8.470588235294117530e-01 7.411764705882353255e-01 1.000000000000000000e+00
8.980392156862745390e-01 8.470588235294117530e-01 7.411764705882353255e-01 1.000000000000000000e+00
8.980392156862745390e-01 8.470588235294117530e-01 7.411764705882353255e-01 1.000000000000000000e+00
8.980392156862745390e-01 8.470588235294117530e-01 7.411764705882353255e-01 1.000000000000000000e+00
8.980392156862745390e-01 8.470588235294117530e-01 7.411764705882353255e-01 1.000000000000000000e+00
8.980392156862745390e-01 8.470588235294117530e-01 7.411764705882353255e-01 1.000000000000000000e+00
8.980392156862745390e-01 8.470588235294117530e-01 7.411764705882353255e-01 1.000000000000000000e+00
8.980392156862745390e-01 8.470588235294117530e-01 7.411764705882353255e-01 1.000000000000000000e+00
8.980392156862745390e-01 8.470588235294117530e-01 7.411764705882353255e-01 1.000000000000000000e+00
8.980392156862745390e-01 8.470588235294117530e-01 7.411764705882353255e-01 1.000000000000000000e+00
8.980392156862745390e-01 8.470588235294117530e-01 7.411764705882353255e-01 1.000000000000000000e+00
8.980392156862745390e-01 8.470588235294117530e-01 7.411764705882353255e-01 1.000000000000000000e+00
8.980392156862745390e-01 8.470588235294117530e-01 7.411764705882353255e-01 1.000000000000000000e+00
8.980392156862745390e-01 8.470588235294117530e-01 7.411764705882353255e-01 1.000000000000000000e+00
8.980392156862745390e-01 8.470588235294117530e-01 7.411764705882353255e-01 1.000000000000000000e+00
8.980392156862745390e-01 8.470588235294117530e-01 7.411764705882353255e-01 1.000000000000000000e+00
8.980392156862745390e-01 8.470588235294117530e-01 7.411764705882353255e-01 1.000000000000000000e+00
8.980392156862745390e-01 8.470588235294117530e-01 7.411764705882353255e-01 1.000000000000000000e+00
8.980392156862745390e-01 8.470588235294117530e-01 7.411764705882353255e-01 1.000000000000000000e+00
8.980392156862745390e-01 8.470588235294117530e-01 7.411764705882353255e-01 1.000000000000000000e+00
8.980392156862745390e-01 8.470588235294117530e-01 7.411764705882353255e-01 1.000000000000000000e+00
8.980392156862745390e-01 8.470588235294117530e-01 7.411764705882353255e-01 1.000000000000000000e+00
8.980392156862745390e-01 8.470588235294117530e-01 7.411764705882353255e-01 1.000000000000000000e+00
1.000000000000000000e+00 1.000000000000000000e+00 8.000000000000000444e-01 1.000000000000000000e+00
1.000000000000000000e+00 1.000000000000000000e+00 8.000000000000000444e-01 1.000000000000000000e+00
1.000000000000000000e+00 1.000000000000000000e+00 8.000000000000000444e-01 1.000000000000000000e+00
1.000000000000000000e+00 1.000000000000000000e+00 8.000000000000000444e-01 1.000000000000000000e+00
1.000000000000000000e+00 1.000000000000000000e+00 8.000000000000000444e-01 1.000000000000000000e+00
1.000000000000000000e+00 1.000000000000000000e+00 8.000000000000000444e-01 1.000000000000000000e+00
1.000000000000000000e+00 1.000000000000000000e+00 8.000000000000000444e-01 1.000000000000000000e+00
1.000000000000000000e+00 1.000000000000000000e+00 8.000000000000000444e-01 1.000000000000000000e+00
1.000000000000000000e+00 1.000000000000000000e+00 8.000000000000000444e-01 1.000000000000000000e+00
1.000000000000000000e+00 1.000000000000000000e+00 8.000000000000000444e-01 1.000000000000000000e+00
1.000000000000000000e+00 1.000000000000000000e+00 8.000000000000000444e-01 1.000000000000000000e+00
1.000000000000000000e+00 1.000000000000000000e+00 8.000000000000000444e-01 1.000000000000000000e+00
1.000000000000000000e+00 1.000000000000000000e+00 8.000000000000000444e-01 1.000000000000000000e+00
1.000000000000000000e+00 1.000000000000000000e+00 8.000000000000000444e-01 1.000000000000000000e+00
1.000000000000000000e+00 1.000000000000000000e+00 8.000000000000000444e-01 1.000000000000000000e+00
1.000000000000000000e+00 1.000000000000000000e+00 8.000000000000000444e-01 1.000000000000000000e+00
1.000000000000000000e+00 1.000000000000000000e+00 8.000000000000000444e-01 1.000000000000000000e+00
1.000000000000000000e+00 1.000000000000000000e+00 8.000000000000000444e-01 1.000000000000000000e+00
1.000000000000000000e+00 1.000000000000000000e+00 8.000000000000000444e-01 1.000000000000000000e+00
1.000000000000000000e+00 1.000000000000000000e+00 8.000000000000000444e-01 1.000000000000000000e+00
1.000000000000000000e+00 1.000000000000000000e+00 8.000000000000000444e-01 1.000000000000000000e+00
1.000000000000000000e+00 1.000000000000000000e+00 8.000000000000000444e-01 1.000000000000000000e+00
1.000000000000000000e+00 1.000000000000000000e+00 8.000000000000000444e-01 1.000000000000000000e+00
1.000000000000000000e+00 1.000000000000000000e+00 8.000000000000000444e-01 1.000000000000000000e+00
1.000000000000000000e+00 1.000000000000000000e+00 8.000000000000000444e-01 1.000000000000000000e+00
1.000000000000000000e+00 1.000000000000000000e+00 8.000000000000000444e-01 1.000000000000000000e+00
1.000000000000000000e+00 1.000000000000000000e+00 8.000000000000000444e-01 1.000000000000000000e+00
1.000000000000000000e+00 1.000000000000000000e+00 8.000000000000000444e-01 1.000000000000000000e+00
9.960784313725490335e-01 8.509803921568627194e-01 6.509803921568627638e-01 1.000000000000000000e+00
9.960784313725490335e-01 8.509803921568627194e-01 6.509803921568627638e-01 1.000000000000000000e+00
9.960784313725490335e-01 8.509803921568627194e-01 6.509803921568627638e-01 1.000000000000000000e+00
9.960784313725490335e-01 8.509803921568627194e-01 6.509803921568627638e-01 1.000000000000000000e+00
9.960784313725490335e-01 8.509803921568627194e-01 6.509803921568627638e-01 1.000000000000000000e+00
9.960784313725490335e-01 8.509803921568627194e-01 6.509803921568627638e-01 1.000000000000000000e+00
9.960784313725490335e-01 8.509803921568627194e-01 6.509803921568627638e-01 1.000000000000000000e+00
9.960784313725490335e-01 8.509803921568627194e-01 6.509803921568627638e-01 1.000000000000000000e+00
9.960784313725490335e-01 8.509803921568627194e-01 6.509803921568627638e-01 1.000000000000000000e+00
9.960784313725490335e-01 8.509803921568627194e-01 6.509803921568627638e-01 1.000000000000000000e+00
9.960784313725490335e-01 8.509803921568627194e-01 6.509803921568627638e-01 1.000000000000000000e+00
9.960784313725490335e-01 8.509803921568627194e-01 6.509803921568627638e-01 1.000000000000000000e+00
9.960784313725490335e-01 8.509803921568627194e-01 6.509803921568627638e-01 1.000000000000000000e+00
9.960784313725490335e-01 8.509803921568627194e-01 6.509803921568627638e-01 1.000000000000000000e+00
9.960784313725490335e-01 8.509803921568627194e-01 6.509803921568627638e-01 1.000000000000000000e+00
9.960784313725490335e-01 8.509803921568627194e-01 6.509803921568627638e-01 1.000000000000000000e+00
9.960784313725490335e-01 8.509803921568627194e-01 6.509803921568627638e-01 1.000000000000000000e+00
9.960784313725490335e-01 8.509803921568627194e-01 6.509803921568627638e-01 1.000000000000000000e+00
9.960784313725490335e-01 8.509803921568627194e-01 6.509803921568627638e-01 1.000000000000000000e+00
9.960784313725490335e-01 8.509803921568627194e-01 6.509803921568627638e-01 1.000000000000000000e+00
9.960784313725490335e-01 8.509803921568627194e-01 6.509803921568627638e-01 1.000000000000000000e+00
9.960784313725490335e-01 8.509803921568627194e-01 6.509803921568627638e-01 1.000000000000000000e+00
9.960784313725490335e-01 8.509803921568627194e-01 6.509803921568627638e-01 1.000000000000000000e+00
9.960784313725490335e-01 8.509803921568627194e-01 6.509803921568627638e-01 1.000000000000000000e+00
9.960784313725490335e-01 8.509803921568627194e-01 6.509803921568627638e-01 1.000000000000000000e+00
9.960784313725490335e-01 8.509803921568627194e-01 6.509803921568627638e-01 1.000000000000000000e+00
9.960784313725490335e-01 8.509803921568627194e-01 6.509803921568627638e-01 1.000000000000000000e+00
9.960784313725490335e-01 8.509803921568627194e-01 6.509803921568627638e-01 1.000000000000000000e+00
9.960784313725490335e-01 8.509803921568627194e-01 6.509803921568627638e-01 1.000000000000000000e+00
8.705882352941176627e-01 7.960784313725489669e-01 8.941176470588235725e-01 1.000000000000000000e+00
8.705882352941176627e-01 7.960784313725489669e-01 8.941176470588235725e-01 1.000000000000000000e+00
8.705882352941176627e-01 7.960784313725489669e-01 8.941176470588235725e-01 1.000000000000000000e+00
8.705882352941176627e-01 7.960784313725489669e-01 8.941176470588235725e-01 1.000000000000000000e+00
8.705882352941176627e-01 7.960784313725489669e-01 8.941176470588235725e-01 1.000000000000000000e+00
8.705882352941176627e-01 7.960784313725489669e-01 8.941176470588235725e-01 1.000000000000000000e+00
8.705882352941176627e-01 7.960784313725489669e-01 8.941176470588235725e-01 1.000000000000000000e+00
8.705882352941176627e-01 7.960784313725489669e-01 8.941176470588235725e-01 1.000000000000000000e+00
8.705882352941176627e-01 7.960784313725489669e-01 8.941176470588235725e-01 1.000000000000000000e+00
8.705882352941176627e-01 7.960784313725489669e-01 8.941176470588235725e-01 1.000000000000000000e+00
8.705882352941176627e-01 7.960784313725489669e-01 8.941176470588235725e-01 1.000000000000000000e+00
8.705882352941176627e-01 7.960784313725489669e-01 8.941176470588235725e-01 1.000000000000000000e+00
8.705882352941176627e-01 7.960784313725489669e-01 8.941176470588235725e-01 1.000000000000000000e+00
8.705882352941176627e-01 7.960784313725489669e-01 8.941176470588235725e-01 1.000000000000000000e+00
8.705882352941176627e-01 7.960784313725489669e-01 8.941176470588235725e-01 1.000000000000000000e+00
8.705882352941176627e-01 7.960784313725489669e-01 8.941176470588235725e-01 1.000000000000000000e+00
8.705882352941176627e-01 7.960784313725489669e-01 8.941176470588235725e-01 1.000000000000000000e+00
8.705882352941176627e-01 7.960784313725489669e-01 8.941176470588235725e-01 1.000000000000000000e+00
8.705882352941176627e-01 7.960784313725489669e-01 8.941176470588235725e-01 1.000000000000000000e+00
8.705882352941176627e-01 7.960784313725489669e-01 8.941176470588235725e-01 1.000000000000000000e+00
8.705882352941176627e-01 7.960784313725489669e-01 8.941176470588235725e-01 1.000000000000000000e+00
8.705882352941176627e-01 7.960784313725489669e-01 8.941176470588235725e-01 1.000000000000000000e+00
8.705882352941176627e-01 7.960784313725489669e-01 8.941176470588235725e-01 1.000000000000000000e+00
8.705882352941176627e-01 7.960784313725489669e-01 8.941176470588235725e-01 1.000000000000000000e+00
8.705882352941176627e-01 7.960784313725489669e-01 8.941176470588235725e-01 1.000000000000000000e+00
8.705882352941176627e-01 7.960784313725489669e-01 8.941176470588235725e-01 1.000000000000000000e+00
8.705882352941176627e-01 7.960784313725489669e-01 8.941176470588235725e-01 1.000000000000000000e+00
8.705882352941176627e-01 7.960784313725489669e-01 8.941176470588235725e-01 1.000000000000000000e+00
8.000000000000000444e-01 9.215686274509803377e-01 7.725490196078431682e-01 1.000000000000000000e+00
8.000000000000000444e-01 9.215686274509803377e-01 7.725490196078431682e-01 1.000000000000000000e+00
8.000000000000000444e-01 9.215686274509803377e-01 7.725490196078431682e-01 1.000000000000000000e+00
8.000000000000000444e-01 9.215686274509803377e-01 7.725490196078431682e-01 1.000000000000000000e+00
8.000000000000000444e-01 9.215686274509803377e-01 7.725490196078431682e-01 1.000000000000000000e+00
8.000000000000000444e-01 9.215686274509803377e-01 7.725490196078431682e-01 1.000000000000000000e+00
8.000000000000000444e-01 9.215686274509803377e-01 7.725490196078431682e-01 1.000000000000000000e+00
8.000000000000000444e-01 9.215686274509803377e-01 7.725490196078431682e-01 1.000000000000000000e+00
8.000000000000000444e-01 9.215686274509803377e-01 7.725490196078431682e-01 1.000000000000000000e+00
8.000000000000000444e-01 9.215686274509803377e-01 7.725490196078431682e-01 1.000000000000000000e+00
8.000000000000000444e-01 9.215686274509803377e-01 7.725490196078431682e-01 1.000000000000000000e+00
8.000000000000000444e-01 9.215686274509803377e-01 7.725490196078431682e-01 1.000000000000000000e+00
8.000000000000000444e-01 9.215686274509803377e-01 7.725490196078431682e-01 1.000000000000000000e+00
8.000000000000000444e-01 9.215686274509803377e-01 7.725490196078431682e-01 1.000000000000000000e+00
8.000000000000000444e-01 9.215686274509803377e-01 7.725490196078431682e-01 1.000000000000000000e+00
8.000000000000000444e-01 9.215686274509803377e-01 7.725490196078431682e-01 1.000000000000000000e+00
8.000000000000000444e-01 9.215686274509803377e-01 7.725490196078431682e-01 1.000000000000000000e+00
8.000000000000000444e-01 9.215686274509803377e-01 7.725490196078431682e-01 1.000000000000000000e+00
8.000000000000000444e-01 9.215686274509803377e-01 7.725490196078431682e-01 1.000000000000000000e+00
8.000000000000000444e-01 9.215686274509803377e-01 7.725490196078431682e-01 1.000000000000000000e+00
8.000000000000000444e-01 9.215686274509803377e-01 7.725490196078431682e-01 1.000000000000000000e+00
8.000000000000000444e-01 9.215686274509803377e-01 7.725490196078431682e-01 1.000000000000000000e+00
8.000000000000000444e-01 9.215686274509803377e-01 7.725490196078431682e-01 1.000000000000000000e+00
8.000000000000000444e-01 9.215686274509803377e-01 7.725490196078431682e-01 1.000000000000000000e+00
8.000000000000000444e-01 9.215686274509803377e-01 7.725490196078431682e-01 1.000000000000000000e+00
8.000000000000000444e-01 9.215686274509803377e-01 7.725490196078431682e-01 1.000000000000000000e+00
8.000000000000000444e-01 9.215686274509803377e-01 7.725490196078431682e-01 1.000000000000000000e+00
8.000000000000000444e-01 9.215686274509803377e-01 7.725490196078431682e-01 1.000000000000000000e+00
7.019607843137254388e-01 8.039215686274510109e-01 8.901960784313724950e-01 1.000000000000000000e+00
7.019607843137254388e-01 8.039215686274510109e-01 8.901960784313724950e-01 1.000000000000000000e+00
7.019607843137254388e-01 8.039215686274510109e-01 8.901960784313724950e-01 1.000000000000000000e+00
7.019607843137254388e-01 8.039215686274510109e-01 8.901960784313724950e-01 1.000000000000000000e+00
7.019607843137254388e-01 8.039215686274510109e-01 8.901960784313724950e-01 1.000000000000000000e+00
7.019607843137254388e-01 8.039215686274510109e-01 8.901960784313724950e-01 1.000000000000000000e+00
7.019607843137254388e-01 8.039215686274510109e-01 8.901960784313724950e-01 1.000000000000000000e+00
7.019607843137254388e-01 8.039215686274510109e-01 8.901960784313724950e-01 1.000000000000000000e+00
7.019607843137254388e-01 8.039215686274510109e-01 8.901960784313724950e-01 1.000000000000000000e+00
7.019607843137254388e-01 8.039215686274510109e-01 8.901960784313724950e-01 1.000000000000000000e+00
7.019607843137254388e-01 8.039215686274510109e-01 8.901960784313724950e-01 1.000000000000000000e+00
7.019607843137254388e-01 8.039215686274510109e-01 8.901960784313724950e-01 1.000000000000000000e+00
7.019607843137254388e-01 8.039215686274510109e-01 8.901960784313724950e-01 1.000000000000000000e+00
7.019607843137254388e-01 8.039215686274510109e-01 8.901960784313724950e-01 1.000000000000000000e+00
7.019607843137254388e-01 8.039215686274510109e-01 8.901960784313724950e-01 1.000000000000000000e+00
7.019607843137254388e-01 8.039215686274510109e-01 8.901960784313724950e-01 1.000000000000000000e+00
7.019607843137254388e-01 8.039215686274510109e-01 8.901960784313724950e-01 1.000000000000000000e+00
7.019607843137254388e-01 8.039215686274510109e-01 8.901960784313724950e-01 1.000000000000000000e+00
7.019607843137254388e-01 8.039215686274510109e-01 8.901960784313724950e-01 1.000000000000000000e+00
7.019607843137254388e-01 8.039215686274510109e-01 8.901960784313724950e-01 1.000000000000000000e+00
7.019607843137254388e-01 8.039215686274510109e-01 8.901960784313724950e-01 1.000000000000000000e+00
7.019607843137254388e-01 8.039215686274510109e-01 8.901960784313724950e-01 1.000000000000000000e+00
7.019607843137254388e-01 8.039215686274510109e-01 8.901960784313724950e-01 1.000000000000000000e+00
7.019607843137254388e-01 8.039215686274510109e-01 8.901960784313724950e-01 1.000000000000000000e+00
7.019607843137254388e-01 8.039215686274510109e-01 8.901960784313724950e-01 1.000000000000000000e+00
7.019607843137254388e-01 8.039215686274510109e-01 8.901960784313724950e-01 1.000000000000000000e+00
7.019607843137254388e-01 8.039215686274510109e-01 8.901960784313724950e-01 1.000000000000000000e+00
7.019607843137254388e-01 8.039215686274510109e-01 8.901960784313724950e-01 1.000000000000000000e+00
9.843137254901960231e-01 7.058823529411765163e-01 6.823529411764706065e-01 1.000000000000000000e+00
9.843137254901960231e-01 7.058823529411765163e-01 6.823529411764706065e-01 1.000000000000000000e+00
9.843137254901960231e-01 7.058823529411765163e-01 6.823529411764706065e-01 1.000000000000000000e+00
9.843137254901960231e-01 7.058823529411765163e-01 6.823529411764706065e-01 1.000000000000000000e+00
9.843137254901960231e-01 7.058823529411765163e-01 6.823529411764706065e-01 1.000000000000000000e+00
9.843137254901960231e-01 7.058823529411765163e-01 6.823529411764706065e-01 1.000000000000000000e+00
9.843137254901960231e-01 7.058823529411765163e-01 6.823529411764706065e-01 1.000000000000000000e+00
9.843137254901960231e-01 7.058823529411765163e-01 6.823529411764706065e-01 1.000000000000000000e+00
9.843137254901960231e-01 7.058823529411765163e-01 6.823529411764706065e-01 1.000000000000000000e+00
9.843137254901960231e-01 7.058823529411765163e-01 6.823529411764706065e-01 1.000000000000000000e+00
9.843137254901960231e-01 7.058823529411765163e-01 6.823529411764706065e-01 1.000000000000000000e+00
9.843137254901960231e-01 7.058823529411765163e-01 6.823529411764706065e-01 1.000000000000000000e+00
9.843137254901960231e-01 7.058823529411765163e-01 6.823529411764706065e-01 1.000000000000000000e+00
9.843137254901960231e-01 7.058823529411765163e-01 6.823529411764706065e-01 1.000000000000000000e+00
9.843137254901960231e-01 7.058823529411765163e-01 6.823529411764706065e-01 1.000000000000000000e+00
9.843137254901960231e-01 7.058823529411765163e-01 6.823529411764706065e-01 1.000000000000000000e+00
9.843137254901960231e-01 7.058823529411765163e-01 6.823529411764706065e-01 1.000000000000000000e+00
9.843137254901960231e-01 7.058823529411765163e-01 6.823529411764706065e-01 1.000000000000000000e+00
9.843137254901960231e-01 7.058823529411765163e-01 6.823529411764706065e-01 1.000000000000000000e+00
9.843137254901960231e-01 7.058823529411765163e-01 6.823529411764706065e-01 1.000000000000000000e+00
9.843137254901960231e-01 7.058823529411765163e-01 6.823529411764706065e-01 1.000000000000000000e+00
9.843137254901960231e-01 7.058823529411765163e-01 6.823529411764706065e-01 1.000000000000000000e+00
9.843137254901960231e-01 7.058823529411765163e-01 6.823529411764706065e-01 1.000000000000000000e+00
9.843137254901960231e-01 7.058823529411765163e-01 6.823529411764706065e-01 1.000000000000000000e+00
9.843137254901960231e-01 7.058823529411765163e-01 6.823529411764706065e-01 1.000000000000000000e+00
9.843137254901960231e-01 7.058823529411765163e-01 6.823529411764706065e-01 1.000000000000000000e+00
9.843137254901960231e-01 7.058823529411765163e-01 6.823529411764706065e-01 1.000000000000000000e+00
9.843137254901960231e-01 7.058823529411765163e-01 6.823529411764706065e-01 1.000000000000000000e+00
9.843137254901960231e-01 7.058823529411765163e-01 6.823529411764706065e-01 1.000000000000000000e+00
