1.000000000000000000e+00 1.000000000000000000e+00 1.000000000000000000e+00 1.000000000000000000e+00
9.986893516305280771e-01 9.986893516305280771e-01 9.960883137353725436e-01 1.000000000000000000e+00
9.973787032610561543e-01 9.973787032610561543e-01 9.921766274707450872e-01 1.000000000000000000e+00
9.960680548915843424e-01 9.960680548915843424e-01 9.882649412061177419e-01 1.000000000000000000e+00
9.947574065221124195e-01 9.947574065221124195e-01 9.843532549414902855e-01 1.000000000000000000e+00
9.934399345874052045e-01 9.934399345874052045e-01 9.803806271804507144e-01 1.000000000000000000e+00
9.921221215048862119e-01 9.921221215048862119e-01 9.764049526165409221e-01 1.000000000000000000e+00
9.908043084223673302e-01 9.908043084223673302e-01 9.724292780526310187e-01 1.000000000000000000e+00
9.894864953398483376e-01 9.894864953398483376e-01 9.684536034887212264e-01 1.000000000000000000e+00
9.881624233715410321e-01 9.881624233715410321e-01 9.644171283200106970e-01 1.000000000000000000e+00
9.868376926350456158e-01 9.868376926350456158e-01 9.603742536889007253e-01 1.000000000000000000e+00
9.855129618985500883e-01 9.855129618985500883e-01 9.563313790577907536e-01 1.000000000000000000e+00
9.841882311620546719e-01 9.841882311620546719e-01 9.522885044266808929e-01 1.000000000000000000e+00
9.828571473880296505e-01 9.828571473880296505e-01 9.481850641711229155e-01 1.000000000000000000e+00
9.815250048794166293e-01 9.815250048794166293e-01 9.440715306458247191e-01 1.000000000000000000e+00
9.801928623708034971e-01 9.801928623708034971e-01 9.399579971205265227e-01 1.000000000000000000e+00
9.788607198621904759e-01 9.788607198621904759e-01 9.358444635952283264e-01 1.000000000000000000e+00
9.775225772275771829e-01 9.775225772275771829e-01 9.316705288015287856e-01 1.000000000000000000e+00
9.761830229468464459e-01 9.761830229468464459e-01 9.274823834369128051e-01 1.000000000000000000e+00
9.748434686661157089e-01 9.748434686661157089e-01 9.232942380722969355e-01 1.000000000000000000e+00
9.735039143853849719e-01 9.735039143853849719e-01 9.191060927076809550e-01 1.000000000000000000e+00
9.721587128901834074e-01 9.721587128901834074e-01 9.148577103887103323e-01 1.000000000000000000e+00
9.708117468373350656e-01 9.708117468373350656e-01 9.105905061215061602e-01 1.000000000000000000e+00
9.694647807844866128e-01 9.694647807844866128e-01 9.063233018543018771e-01 1.000000000000000000e+00
9.681178147316382709e-01 9.681178147316382709e-01 9.020560975870975939e-01 1.000000000000000000e+00
9.667653778990837887e-01 9.667653778990837887e-01 8.977295971269501074e-01 1.000000000000000000e+00
9.654107530150470851e-01 9.654107530150470851e-01 8.933793810120280732e-01 1.000000000000000000e+00
9.640561281310104924e-01 9.640561281310104924e-01 8.890291648971060390e-01 1.000000000000000000e+00
9.627015032469738998e-01 9.627015032469738998e-01 8.846789487821841158e-01 1.000000000000000000e+00
9.613417722584781666e-01 9.613417722584781666e-01 8.802694359703182592e-01 1.000000000000000000e+00
9.599794885432533231e-01 9.599794885432533231e-01 8.758302785899844123e-01 1.000000000000000000e+00
9.586172048280283686e-01 9.586172048280283686e-01 8.713911212096505654e-01 1.000000000000000000e+00
9.572549211128035251e-01 9.572549211128035251e-01 8.669519638293167185e-01 1.000000000000000000e+00
9.558877430190371172e-01 9.558877430190371172e-01 8.624546857038033476e-01 1.000000000000000000e+00
9.545175534135533768e-01 9.545175534135533768e-01 8.579216458766458775e-01 1.000000000000000000e+00
9.531473638080696364e-01 9.531473638080696364e-01 8.533886060494884074e-01 1.000000000000000000e+00
9.517771742025860071e-01 9.517771742025860071e-01 8.488555662223309373e-01 1.000000000000000000e+00
9.504023254719137226e-01 9.504023254719137226e-01 8.442652050367933647e-01 1.000000000000000000e+00
9.490239829171005503e-01 9.490239829171005503e-01 8.396318592269769177e-01 1.000000000000000000e+00
9.476456403622873781e-01 9.476456403622873781e-01 8.349985134171604706e-01 1.000000000000000000e+00
9.462672978074743169e-01 9.462672978074743169e-01 8.303651676073441346e-01 1.000000000000000000e+00
9.448846843301549336e-01 9.448846843301549336e-01 8.256753938516879776e-01 1.000000000000000000e+00
9.434981888260123295e-01 9.434981888260123295e-01 8.209343302870950598e-01 1.000000000000000000e+00
9.421116933218698364e-01 9.421116933218698364e-01 8.161932667225020310e-01 1.000000000000000000e+00
9.407251978177272322e-01 9.407251978177272322e-01 8.114522031579090022e-01 1.000000000000000000e+00
9.393347019355843264e-01 9.393347019355843264e-01 8.066564285412520796e-01 1.000000000000000000e+00
9.379398064230417553e-01 9.379398064230417553e-01 8.018004825088353993e-01 1.000000000000000000e+00
9.365449109104991843e-01 9.365449109104991843e-01 7.969445364764188300e-01 1.000000000000000000e+00
9.351500153979566132e-01 9.351500153979566132e-01 7.920885904440021497e-01 1.000000000000000000e+00
9.337515194738136293e-01 9.337515194738136293e-01 7.871793794987912429e-01 1.000000000000000000e+00
9.323482239528709803e-01 9.323482239528709803e-01 7.821991627538685821e-01 1.000000000000000000e+00
9.309449284319284423e-01 9.309449284319284423e-01 7.772189460089459212e-01 1.000000000000000000e+00
9.295416329109857934e-01 9.295416329109857934e-01 7.722387292640233714e-01 1.000000000000000000e+00
9.281350428141016407e-01 9.281350428141016407e-01 7.672073995266348589e-01 1.000000000000000000e+00
9.267231002256883787e-01 9.267231002256883787e-01 7.620930297063825964e-01 1.000000000000000000e+00
9.253111576372752278e-01 9.253111576372752278e-01 7.569786598861304450e-01 1.000000000000000000e+00
9.238992150488620769e-01 9.238992150488620769e-01 7.518642900658782935e-01 1.000000000000000000e+00
9.224843896146248667e-01 9.224843896146248667e-01 7.467014884357825455e-01 1.000000000000000000e+00
9.210637999587411029e-01 9.210637999587411029e-01 7.414418478820242742e-01 1.000000000000000000e+00
9.196432103028573390e-01 9.196432103028573390e-01 7.361822073282661139e-01 1.000000000000000000e+00
9.182226206469735752e-01 9.182226206469735752e-01 7.309225667745078425e-01 1.000000000000000000e+00
9.167994186687715708e-01 9.167994186687715708e-01 7.256175282950576566e-01 1.000000000000000000e+00
9.153696878272761239e-01 9.153696878272761239e-01 7.201990287589110640e-01 1.000000000000000000e+00
9.139399569857805661e-01 9.139399569857805661e-01 7.147805292227644713e-01 1.000000000000000000e+00
9.125102261442850082e-01 9.125102261442850082e-01 7.093620296866178787e-01 1.000000000000000000e+00
9.110783182380240985e-01 9.106251945689004534e-01 7.047901729858200293e-01 1.000000000000000000e+00
9.096394462109168577e-01 9.072837206391912712e-01 7.029266064163711691e-01 1.000000000000000000e+00
9.082005741838095059e-01 9.039422467094819780e-01 7.010630398469221980e-01 1.000000000000000000e+00
9.067617021567021540e-01 9.006007727797727958e-01 6.991994732774732269e-01 1.000000000000000000e+00
9.053210412465118040e-01 8.972495541448483047e-01 6.973320464866347157e-01 1.000000000000000000e+00
9.038727809747221231e-01 8.938569389875272719e-01 6.954482210733975434e-01 1.000000000000000000e+00
9.024245207029324423e-01 8.904643238302061281e-01 6.935643956601603710e-01 1.000000000000000000e+00
9.009762604311427614e-01 8.870717086728850953e-01 6.916805702469231987e-01 1.000000000000000000e+00
8.995266582975406378e-01 8.836714660905249374e-01 6.897937079885314571e-01 1.000000000000000000e+00
8.980690097810686279e-01 8.802254861739567948e-01 6.878886354952237214e-01 1.000000000000000000e+00
8.966113612645966180e-01 8.767795062573886522e-01 6.859835630019159858e-01 1.000000000000000000e+00
8.951537127481246081e-01 8.733335263408205096e-01 6.840784905086082501e-01 1.000000000000000000e+00
8.936951458426752870e-01 8.698821773810009317e-01 6.821713457529928748e-01 1.000000000000000000e+00
8.922278620224503021e-01 8.663798679963385929e-01 6.802445320614732838e-01 1.000000000000000000e+00
8.907605782022253171e-01 8.628775586116762542e-01 6.783177183699536927e-01 1.000000000000000000e+00
8.892932943820003322e-01 8.593752492270139154e-01 6.763909046784341017e-01 1.000000000000000000e+00
8.878255391730686119e-01 8.558701232948291437e-01 6.744630303623244671e-01 1.000000000000000000e+00
8.863483729900201169e-01 8.523087667922962796e-01 6.725139813544519507e-01 1.000000000000000000e+00
8.848712068069715109e-01 8.487474102897631933e-01 6.705649323465794343e-01 1.000000000000000000e+00
8.833940406239229048e-01 8.451860537872302181e-01 6.686158833387069178e-01 1.000000000000000000e+00
8.819168735798735836e-01 8.416246920346920346e-01 6.666668323148323694e-01 1.000000000000000000e+00
8.804295779749309325e-01 8.380015707645118717e-01 6.646940656361832733e-01 1.000000000000000000e+00
8.789422823699882814e-01 8.343784494943318197e-01 6.627212989575342883e-01 1.000000000000000000e+00
8.774549867650456303e-01 8.307553282241517678e-01 6.607485322788851922e-01 1.000000000000000000e+00
8.759676911601029792e-01 8.271322069539717159e-01 6.587757656002362072e-01 1.000000000000000000e+00
8.744705122683358312e-01 8.234464915339033686e-01 6.567801732353497624e-01 1.000000000000000000e+00
8.729728401824284889e-01 8.197576525509466805e-01 6.547834418268535517e-01 1.000000000000000000e+00
8.714751680965210356e-01 8.160688135679901034e-01 6.527867104183574520e-01 1.000000000000000000e+00
8.699774960106136934e-01 8.123799745850334153e-01 6.507899790098613524e-01 1.000000000000000000e+00
8.684704347140229652e-01 8.086287644168232980e-01 6.487704452325628868e-01 1.000000000000000000e+00
8.669623861471509318e-01 8.048709959531724634e-01 6.467485137988667754e-01 1.000000000000000000e+00
8.654543375802787875e-01 8.011132274895216288e-01 6.447265823651705530e-01 1.000000000000000000e+00
8.639462890134066431e-01 7.973554590258707941e-01 6.427046509314744416e-01 1.000000000000000000e+00
8.624291335230747091e-01 7.935350010425893386e-01 6.406602698725051281e-01 1.000000000000000000e+00
8.609104614161673386e-01 7.897041030940442630e-01 6.386121501773266429e-01 1.000000000000000000e+00
8.593917893092598570e-01 7.858732051454992984e-01 6.365640304821480466e-01 1.000000000000000000e+00
8.578731172023524865e-01 7.820423071969542228e-01 6.345159107869695614e-01 1.000000000000000000e+00
8.563454439614439639e-01 7.781486013356013753e-01 6.324459883449883302e-01 1.000000000000000000e+00
8.548156541963600752e-01 7.742401268388915403e-01 6.303709392111156440e-01 1.000000000000000000e+00
8.532858644312761864e-01 7.703316523421817053e-01 6.282958900772430688e-01 1.000000000000000000e+00
8.517560746661922977e-01 7.664231778454719812e-01 6.262208409433703826e-01 1.000000000000000000e+00
8.502176248729190755e-01 7.624516357521652354e-01 6.241241417390241963e-01 1.000000000000000000e+00
8.486764703905880225e-01 7.584603964668081844e-01 6.220206808120337660e-01 1.000000000000000000e+00
8.471353159082570805e-01 7.544691571814512443e-01 6.199172198850434468e-01 1.000000000000000000e+00
8.455941614259261385e-01 7.504779178960943042e-01 6.178137589580531275e-01 1.000000000000000000e+00
8.440448880464174186e-01 7.464240219042571622e-01 6.156894712948242088e-01 1.000000000000000000e+00
8.424923688468394234e-01 7.423450766488413066e-01 6.135568573975044293e-01 1.000000000000000000e+00
8.409398496472614282e-01 7.382661313934254510e-01 6.114242435001846498e-01 1.000000000000000000e+00
8.393873304476833219e-01 7.341871861380095954e-01 6.092916296028648704e-01 1.000000000000000000e+00
8.378270687478922563e-01 7.300454772106537149e-01 6.071384239496592228e-01 1.000000000000000000e+00
8.362629377719965618e-01 7.258724024493435900e-01 6.049749276685159050e-01 1.000000000000000000e+00
8.346988067961008673e-01 7.216993276880335761e-01 6.028114313873725871e-01 1.000000000000000000e+00
8.331346758202052838e-01 7.175262529267235623e-01 6.006479351062292693e-01 1.000000000000000000e+00
8.315632022684964486e-01 7.132907662710015195e-01 5.984645526822586215e-01 1.000000000000000000e+00
8.299872124572125198e-01 7.090168914088913477e-01 5.962689387219387571e-01 1.000000000000000000e+00
8.284112226459284800e-01 7.047430165467812868e-01 5.940733247616188928e-01 1.000000000000000000e+00
8.268352328346445512e-01 7.004691416846711149e-01 5.918777108012990285e-01 1.000000000000000000e+00
8.252520414861591602e-01 6.961332771199830738e-01 5.896628927417751909e-01 1.000000000000000000e+00
8.236634516622751701e-01 6.917509433258844931e-01 5.874336787478552369e-01 1.000000000000000000e+00
8.220748618383911799e-01 6.873686095317860234e-01 5.852044647539353939e-01 1.000000000000000000e+00
8.204862720145073007e-01 6.829862757376874427e-01 5.829752507600155509e-01 1.000000000000000000e+00
8.188912628864069010e-01 6.785426050848964996e-01 5.807278600449126138e-01 1.000000000000000000e+00
8.156895790378644318e-01 6.695437983050345210e-01 5.762000466516958852e-01 1.000000000000000000e+00
8.140887371135930861e-01 6.650443949151035872e-01 5.739361399550875209e-01 1.000000000000000000e+00
8.124817311354959326e-01 6.604841666314609228e-01 5.716545229326406297e-01 1.000000000000000000e+00
8.108679412864119307e-01 6.558569972984091834e-01 5.693534147491794428e-01 1.000000000000000000e+00
8.092541514373280398e-01 6.512298279653575550e-01 5.670523065657184780e-01 1.000000000000000000e+00
8.076403615882440379e-01 6.466026586323057046e-01 5.647511983822572912e-01 1.000000000000000000e+00
8.060208557063851531e-01 6.419162119223296159e-01 5.624335772152243562e-01 1.000000000000000000e+00
8.043937246674893737e-01 6.371506895097484025e-01 5.600939278167513802e-01 1.000000000000000000e+00
8.027665936285935944e-01 6.323851670971671890e-01 5.577542784182784041e-01 1.000000000000000000e+00
8.011394625896978150e-01 6.276196446845859755e-01 5.554146290198054281e-01 1.000000000000000000e+00
7.995072507587801525e-01 6.227962576961989516e-01 5.530594549790431858e-01 1.000000000000000000e+00
7.978667785300725956e-01 6.178787939552057296e-01 5.506790408339231613e-01 1.000000000000000000e+00
7.962263063013650388e-01 6.129613302142125075e-01 5.482986266888031368e-01 1.000000000000000000e+00
7.945858340726575930e-01 6.080438664732193965e-01 5.459182125436831123e-01 1.000000000000000000e+00
7.929407516426340008e-01 6.030705863662921828e-01 5.435234738444738589e-01 1.000000000000000000e+00
7.912864441059734855e-01 5.979856165754400266e-01 5.411000714210714158e-01 1.000000000000000000e+00
7.896321365693130812e-01 5.929006467845879813e-01 5.386766689976689726e-01 1.000000000000000000e+00
7.879778290326525658e-01 5.878156769937358250e-01 5.362532665742666405e-01 1.000000000000000000e+00
7.863194289402525294e-01 5.826776451008803814e-01 5.338170219931984706e-01 1.000000000000000000e+00
7.846507919774978745e-01 5.774068868889457029e-01 5.313486548189489955e-01 1.000000000000000000e+00
7.829821550147433307e-01 5.721361286770112464e-01 5.288802876446995205e-01 1.000000000000000000e+00
7.813135180519886758e-01 5.668653704650763459e-01 5.264119204704498234e-01 1.000000000000000000e+00
7.796414120315297014e-01 5.615451634814576654e-01 5.239320289689113341e-01 1.000000000000000000e+00
7.779581985836103719e-01 5.560666285911580742e-01 5.214152382168264488e-01 1.000000000000000000e+00
7.762749851356910424e-01 5.505880937008584830e-01 5.188984474647415635e-01 1.000000000000000000e+00
7.745917716877717130e-01 5.451095588105588918e-01 5.163816567126567891e-01 1.000000000000000000e+00
7.729057362076185989e-01 5.395863417432241738e-01 5.138552710509769472e-01 1.000000000000000000e+00
7.712076992154639488e-01 5.338731007358654690e-01 5.112880802484920384e-01 1.000000000000000000e+00
7.695096622233092987e-01 5.281598597285068752e-01 5.087208894460071296e-01 1.000000000000000000e+00
7.678116252311547596e-01 5.224466187211482815e-01 5.061536986435222207e-01 1.000000000000000000e+00
7.661114014895191726e-01 5.166952154083331861e-01 5.035787484073954712e-01 1.000000000000000000e+00
7.643980468349881319e-01 5.107146564865978622e-01 5.009572046093810904e-01 1.000000000000000000e+00
7.626846921804569801e-01 5.047340975648624273e-01 4.983356608113667652e-01 1.000000000000000000e+00
7.609713375259258283e-01 4.987535386431270479e-01 4.957141170133523844e-01 1.000000000000000000e+00
7.590381506887390328e-01 4.930870962159198401e-01 4.930870962159198401e-01 1.000000000000000000e+00
7.550142996060643652e-01 4.904079876544583105e-01 4.904079876544583105e-01 1.000000000000000000e+00
7.509904485233898086e-01 4.877288790929968365e-01 4.877288790929968365e-01 1.000000000000000000e+00
7.469665974407151410e-01 4.850497705315352515e-01 4.850497705315352515e-01 1.000000000000000000e+00
7.429384720088249017e-01 4.823677380333850628e-01 4.823677380333850628e-01 1.000000000000000000e+00
7.388246914244561703e-01 4.796271117633470471e-01 4.796271117633470471e-01 1.000000000000000000e+00
7.347109108400873279e-01 4.768864854933090314e-01 4.768864854933090314e-01 1.000000000000000000e+00
7.305971302557184854e-01 4.741458592232710156e-01 4.741458592232710156e-01 1.000000000000000000e+00
7.264833496713497540e-01 4.714052329532329999e-01 4.714052329532329999e-01 1.000000000000000000e+00
7.222729772013889438e-01 4.685984004802828951e-01 4.685984004802828951e-01 1.000000000000000000e+00
7.180625965204200378e-01 4.657915623793271176e-01 4.657915623793271176e-01 1.000000000000000000e+00
7.138522158394511319e-01 4.629847242783713401e-01 4.629847242783713401e-01 1.000000000000000000e+00
7.096418351584822259e-01 4.601778861774155627e-01 4.601778861774155627e-01 1.000000000000000000e+00
7.053328745236392416e-01 4.573032890628184743e-01 4.573032890628184743e-01 1.000000000000000000e+00
7.010189760920937374e-01 4.544252979495332356e-01 4.544252979495332356e-01 1.000000000000000000e+00
6.967050776605482332e-01 4.515473068362479969e-01 4.515473068362479969e-01 1.000000000000000000e+00
6.923911792290028400e-01 4.486693157229627582e-01 4.486693157229627582e-01 1.000000000000000000e+00
6.879760304796775916e-01 4.457220363127422091e-01 4.457220363127422091e-01 1.000000000000000000e+00
6.835502142891556332e-01 4.427674568875746286e-01 4.427674568875746286e-01 1.000000000000000000e+00
6.791243980986334527e-01 4.398128774624068815e-01 4.398128774624068815e-01 1.000000000000000000e+00
6.746985819081113833e-01 4.368582980372392455e-01 4.368582980372392455e-01 1.000000000000000000e+00
6.701692214748685705e-01 4.338321481539128555e-01 4.338321481539128555e-01 1.000000000000000000e+00
6.656225933988287879e-01 4.307940627628862873e-01 4.307940627628862873e-01 1.000000000000000000e+00
6.610759653227888943e-01 4.277559773718597746e-01 4.277559773718597746e-01 1.000000000000000000e+00
6.565293372467491118e-01 4.247178919808332065e-01 4.247178919808332065e-01 1.000000000000000000e+00
6.518765180915181423e-01 4.216066127386127738e-01 4.216066127386127738e-01 1.000000000000000000e+00
6.471987016489957334e-01 4.184781037277507942e-01 4.184781037277507942e-01 1.000000000000000000e+00
6.425208852064734355e-01 4.153495947168888147e-01 4.153495947168888147e-01 1.000000000000000000e+00
6.378430687639511376e-01 4.122210857060268907e-01 4.122210857060268907e-01 1.000000000000000000e+00
6.330557085827085428e-01 4.090167242437830475e-01 4.090167242437830475e-01 1.000000000000000000e+00
6.282341037611037793e-01 4.057886504274739181e-01 4.057886504274739181e-01 1.000000000000000000e+00
6.234124989394989047e-01 4.025605766111648443e-01 4.025605766111648443e-01 1.000000000000000000e+00
6.185908941178941411e-01 3.993325027948557149e-01 3.993325027948557149e-01 1.000000000000000000e+00
6.136570634299457483e-01 3.960260826190237782e-01 3.960260826190237782e-01 1.000000000000000000e+00
6.086783290394467416e-01 3.926883145753734539e-01 3.926883145753734539e-01 1.000000000000000000e+00
6.036995946489475129e-01 3.893505465317229630e-01 3.893505465317229630e-01 1.000000000000000000e+00
5.987208602584483952e-01 3.860127784880725832e-01 3.860127784880725832e-01 1.000000000000000000e+00
5.936260179747825383e-01 3.825941466493230636e-01 3.825941466493230636e-01 1.000000000000000000e+00
5.884731069395185976e-01 3.791350726020137341e-01 3.791350726020137341e-01 1.000000000000000000e+00
5.833201959042546569e-01 3.756759985547044045e-01 3.756759985547044045e-01 1.000000000000000000e+00
5.781672848689907163e-01 3.722169245073950195e-01 3.722169245073950195e-01 1.000000000000000000e+00
5.728944780234780376e-01 3.686737398789162734e-01 3.686737398789162734e-01 1.000000000000000000e+00
5.675478726768726778e-01 3.650787833427833196e-01 3.650787833427833196e-01 1.000000000000000000e+00
5.622012673302673180e-01 3.614838268066503102e-01 3.614838268066503102e-01 1.000000000000000000e+00
5.568546619836619582e-01 3.578888702705173008e-01 3.578888702705173008e-01 1.000000000000000000e+00
5.513838317787140841e-01 3.542065328397092649e-01 3.542065328397092649e-01 1.000000000000000000e+00
5.458198144499908366e-01 3.504586467388819959e-01 3.504586467388819959e-01 1.000000000000000000e+00
5.402557971212675891e-01 3.467107606380546714e-01 3.467107606380546714e-01 1.000000000000000000e+00
5.346917797925443416e-01 3.429628745372274023e-01 3.429628745372274023e-01 1.000000000000000000e+00
5.289988791732908036e-01 3.391233726033724971e-01 3.391233726033724971e-01 1.000000000000000000e+00
5.231887910102616113e-01 3.352005686805686890e-01 3.352005686805686890e-01 1.000000000000000000e+00
5.173787028472321969e-01 3.312777647577646589e-01 3.312777647577646589e-01 1.000000000000000000e+00
5.115686146842027826e-01 3.273549608349607398e-01 3.273549608349607398e-01 1.000000000000000000e+00
5.056243025028318572e-01 3.233362826133413526e-01 3.233362826133413526e-01 1.000000000000000000e+00
4.995323199402610381e-01 3.192121255480078190e-01 3.192121255480078190e-01 1.000000000000000000e+00
4.934403373776902191e-01 3.150879684826742855e-01 3.150879684826742855e-01 1.000000000000000000e+00
4.873483548151194555e-01 3.109638114173408074e-01 3.109638114173408074e-01 1.000000000000000000e+00
4.811158781727016276e-01 3.067383334519216409e-01 3.067383334519216409e-01 1.000000000000000000e+00
4.746960482234599543e-01 3.023777408560349711e-01 3.023777408560349711e-01 1.000000000000000000e+00
4.682762182742182255e-01 2.980171482601482458e-01 2.980171482601482458e-01 1.000000000000000000e+00
4.618563883249765523e-01 2.936565556642615205e-01 2.936565556642615205e-01 1.000000000000000000e+00
4.552891825210648724e-01 2.891885838537014974e-01 2.891885838537014974e-01 1.000000000000000000e+00
4.484824580672815975e-01 2.845460968582733674e-01 2.845460968582733674e-01 1.000000000000000000e+00
4.416757336134983225e-01 2.799036098628451819e-01 2.799036098628451819e-01 1.000000000000000000e+00
4.348690091597151031e-01 2.752611228674169963e-01 2.752611228674169963e-01 1.000000000000000000e+00
4.279068154135213242e-01 2.705034337850808490e-01 2.705034337850808490e-01 1.000000000000000000e+00
4.206336434344671860e-01 2.655153111498995133e-01 2.655153111498995133e-01 1.000000000000000000e+00
4.133604714554126036e-01 2.605271885147179001e-01 2.605271885147179001e-01 1.000000000000000000e+00
4.060872994763582433e-01 2.555390658795363978e-01 2.555390658795363978e-01 1.000000000000000000e+00
3.986488943192471601e-01 2.504264360567888814e-01 2.504264360567888814e-01 1.000000000000000000e+00
3.907973570559452048e-01 2.450025012210893527e-01 2.450025012210893527e-01 1.000000000000000000e+00
3.829458197926432494e-01 2.395785663853898517e-01 2.395785663853898517e-01 1.000000000000000000e+00
3.750942825293412941e-01 2.341546315496903230e-01 2.341546315496903230e-01 1.000000000000000000e+00
3.670658189526423976e-01 2.285936494034140620e-01 2.285936494034140620e-01 1.000000000000000000e+00
3.584711280050102977e-01 2.225940669332433786e-01 2.225940669332433786e-01 1.000000000000000000e+00
3.498764370573781979e-01 2.165944844630726673e-01 2.165944844630726673e-01 1.000000000000000000e+00
3.412817461097460980e-01 2.105949019929019839e-01 2.105949019929019839e-01 1.000000000000000000e+00
3.324956359485771173e-01 2.044409795472148239e-01 2.044409795472148239e-01 1.000000000000000000e+00
3.228959087017910790e-01 1.976310433255139276e-01 1.976310433255139276e-01 1.000000000000000000e+00
3.132961814550050406e-01 1.908211071038130036e-01 1.908211071038130036e-01 1.000000000000000000e+00
3.036964542082189467e-01 1.840111708821120795e-01 1.840111708821120795e-01 1.000000000000000000e+00
2.938867093102975891e-01 1.770201557546852156e-01 1.770201557546852156e-01 1.000000000000000000e+00
2.828167335344397570e-01 1.689425594417949539e-01 1.689425594417949539e-01 1.000000000000000000e+00
2.717467577585812588e-01 1.608649631289042481e-01 1.608649631289042481e-01 1.000000000000000000e+00
2.606767819827230381e-01 1.527873668160137921e-01 1.527873668160137921e-01 1.000000000000000000e+00
2.493716024362493122e-01 1.444764959822017192e-01 1.444764959822017192e-01 1.000000000000000000e+00
2.358317771317181566e-01 1.339493089844265017e-01 1.339493089844265017e-01 1.000000000000000000e+00
2.222919518271869732e-01 1.234221219866512842e-01 1.234221219866512842e-01 1.000000000000000000e+00
2.087521265226558176e-01 1.128949349888760667e-01 1.128949349888760667e-01 1.000000000000000000e+00
1.949387594917005306e-01 1.016588781294661820e-01 1.016588781294661820e-01 1.000000000000000000e+00
1.756540696187753881e-01 7.624415859709963994e-02 7.624415859709963994e-02 1.000000000000000000e+00
1.563693797458502732e-01 5.082943906473309792e-02 5.082943906473309792e-02 1.000000000000000000e+00
1.370846898729251306e-01 2.541471953236654202e-02 2.541471953236654202e-02 1.000000000000000000e+00
1.178000000000000019e-01 0.000000000000000000e+00 0.000000000000000000e+00 1.000000000000000000e+00
