5.568627450980392357e-01 3.921568627450980338e-03 3.215686274509804154e-01 1.000000000000000000e+00
5.653210303729334640e-01 7.920030757400999336e-03 3.281814686658977576e-01 1.000000000000000000e+00
5.737793156478278034e-01 1.191849288735101833e-02 3.347943098808150997e-01 1.000000000000000000e+00
5.822376009227220317e-01 1.591695501730103907e-02 3.414071510957324418e-01 1.000000000000000000e+00
5.906958861976163710e-01 1.991541714725105633e-02 3.480199923106497839e-01 1.000000000000000000e+00
5.991541714725105994e-01 2.391387927720107706e-02 3.546328335255671260e-01 1.000000000000000000e+00
6.076124567474048277e-01 2.791234140715109432e-02 3.612456747404844126e-01 1.000000000000000000e+00
6.160707420222991670e-01 3.191080353710111506e-02 3.678585159554017547e-01 1.000000000000000000e+00
6.245290272971933954e-01 3.590926566705113232e-02 3.744713571703190969e-01 1.000000000000000000e+00
6.329873125720877347e-01 3.990772779700115652e-02 3.810841983852364390e-01 1.000000000000000000e+00
6.414455978469819630e-01 4.390618992695117379e-02 3.876970396001537811e-01 1.000000000000000000e+00
6.499038831218761914e-01 4.790465205690119105e-02 3.943098808150711232e-01 1.000000000000000000e+00
6.583621683967705307e-01 5.190311418685120831e-02 4.009227220299884653e-01 1.000000000000000000e+00
6.668204536716647590e-01 5.590157631680122557e-02 4.075355632449058074e-01 1.000000000000000000e+00
6.752787389465590984e-01 5.990003844675125672e-02 4.141484044598231495e-01 1.000000000000000000e+00
6.837370242214533267e-01 6.389850057670126704e-02 4.207612456747404917e-01 1.000000000000000000e+00
6.921953094963475550e-01 6.789696270665128430e-02 4.273740868896578338e-01 1.000000000000000000e+00
7.006535947712417833e-01 7.189542483660130157e-02 4.339869281045751759e-01 1.000000000000000000e+00
7.091118800461361227e-01 7.589388696655133271e-02 4.405997693194925180e-01 1.000000000000000000e+00
7.175701653210304620e-01 7.989234909650134997e-02 4.472126105344098601e-01 1.000000000000000000e+00
7.260284505959246903e-01 8.389081122645136723e-02 4.538254517493272022e-01 1.000000000000000000e+00
7.344867358708189187e-01 8.788927335640138450e-02 4.604382929642444888e-01 1.000000000000000000e+00
7.429450211457132580e-01 9.188773548635140176e-02 4.670511341791618865e-01 1.000000000000000000e+00
7.514033064206074863e-01 9.588619761630141902e-02 4.736639753940791731e-01 1.000000000000000000e+00
7.598615916955018257e-01 9.988465974625143629e-02 4.802768166089965152e-01 1.000000000000000000e+00
7.683198769703960540e-01 1.038831218762014535e-01 4.868896578239138573e-01 1.000000000000000000e+00
7.744713571703191191e-01 1.129565551710880467e-01 4.939638600538254209e-01 1.000000000000000000e+00
7.783160322952711319e-01 1.271049596309111740e-01 5.014994232987312062e-01 1.000000000000000000e+00
7.821607074202230336e-01 1.412533640907343291e-01 5.090349865436369914e-01 1.000000000000000000e+00
7.860053825451749354e-01 1.554017685505574842e-01 5.165705497885428876e-01 1.000000000000000000e+00
7.898500576701269482e-01 1.695501730103806115e-01 5.241061130334486728e-01 1.000000000000000000e+00
7.936947327950788500e-01 1.836985774702037666e-01 5.316416762783544581e-01 1.000000000000000000e+00
7.975394079200307518e-01 1.978469819300269217e-01 5.391772395232602433e-01 1.000000000000000000e+00
8.013840830449826536e-01 2.119953863898499380e-01 5.467128027681660285e-01 1.000000000000000000e+00
8.052287581699346664e-01 2.261437908496731763e-01 5.542483660130719247e-01 1.000000000000000000e+00
8.090734332948865681e-01 2.402921953094963592e-01 5.617839292579777100e-01 1.000000000000000000e+00
8.129181084198385809e-01 2.544405997693194865e-01 5.693194925028834952e-01 1.000000000000000000e+00
8.167627835447904827e-01 2.685890042291425583e-01 5.768550557477892804e-01 1.000000000000000000e+00
8.206074586697423845e-01 2.827374086889657967e-01 5.843906189926950656e-01 1.000000000000000000e+00
8.244521337946943973e-01 2.968858131487889240e-01 5.919261822376009619e-01 1.000000000000000000e+00
8.282968089196462991e-01 3.110342176086120514e-01 5.994617454825067471e-01 1.000000000000000000e+00
8.321414840445982009e-01 3.251826220684351232e-01 6.069973087274125323e-01 1.000000000000000000e+00
8.359861591695502137e-01 3.393310265282583615e-01 6.145328719723183175e-01 1.000000000000000000e+00
8.398308342945021154e-01 3.534794309880814889e-01 6.220684352172241027e-01 1.000000000000000000e+00
8.436755094194541282e-01 3.676278354479046717e-01 6.296039984621299990e-01 1.000000000000000000e+00
8.475201845444060300e-01 3.817762399077276880e-01 6.371395617070356732e-01 1.000000000000000000e+00
8.513648596693579318e-01 3.959246443675509819e-01 6.446751249519415694e-01 1.000000000000000000e+00
8.552095347943099446e-01 4.100730488273741092e-01 6.522106881968473546e-01 1.000000000000000000e+00
8.590542099192618464e-01 4.242214532871972366e-01 6.597462514417531398e-01 1.000000000000000000e+00
8.628988850442137482e-01 4.383698577470203084e-01 6.672818146866589251e-01 1.000000000000000000e+00
8.667435601691657610e-01 4.525182622068435467e-01 6.748173779315648213e-01 1.000000000000000000e+00
8.705882352941176627e-01 4.666666666666666741e-01 6.823529411764706065e-01 1.000000000000000000e+00
8.735101883890811214e-01 4.763552479815455487e-01 6.891195693963859670e-01 1.000000000000000000e+00
8.764321414840445801e-01 4.860438292964243678e-01 6.958861976163013274e-01 1.000000000000000000e+00
8.793540945790080388e-01 4.957324106113033535e-01 7.026528258362167989e-01 1.000000000000000000e+00
8.822760476739714974e-01 5.054209919261822836e-01 7.094194540561322704e-01 1.000000000000000000e+00
8.851980007689350671e-01 5.151095732410611028e-01 7.161860822760476308e-01 1.000000000000000000e+00
8.881199538638985258e-01 5.247981545559399219e-01 7.229527104959629913e-01 1.000000000000000000e+00
8.910419069588619845e-01 5.344867358708188521e-01 7.297193387158784628e-01 1.000000000000000000e+00
8.939638600538254432e-01 5.441753171856977822e-01 7.364859669357939342e-01 1.000000000000000000e+00
8.968858131487889018e-01 5.538638985005766013e-01 7.432525951557092947e-01 1.000000000000000000e+00
8.998077662437523605e-01 5.635524798154554205e-01 7.500192233756246551e-01 1.000000000000000000e+00
9.027297193387158192e-01 5.732410611303344616e-01 7.567858515955401266e-01 1.000000000000000000e+00
9.056516724336792779e-01 5.829296424452132808e-01 7.635524798154555981e-01 1.000000000000000000e+00
9.085736255286428475e-01 5.926182237600922109e-01 7.703191080353709586e-01 1.000000000000000000e+00
9.114955786236063062e-01 6.023068050749711411e-01 7.770857362552863190e-01 1.000000000000000000e+00
9.144175317185696539e-01 6.119953863898498492e-01 7.838523644752016795e-01 1.000000000000000000e+00
9.173394848135332236e-01 6.216839677047288903e-01 7.906189926951171509e-01 1.000000000000000000e+00
9.202614379084966822e-01 6.313725490196078205e-01 7.973856209150326224e-01 1.000000000000000000e+00
9.231833910034601409e-01 6.410611303344866396e-01 8.041522491349479829e-01 1.000000000000000000e+00
9.261053440984235996e-01 6.507497116493655698e-01 8.109188773548634543e-01 1.000000000000000000e+00
9.290272971933870583e-01 6.604382929642443889e-01 8.176855055747788148e-01 1.000000000000000000e+00
9.319492502883506280e-01 6.701268742791233191e-01 8.244521337946941753e-01 1.000000000000000000e+00
9.348712033833140866e-01 6.798154555940021382e-01 8.312187620146096467e-01 1.000000000000000000e+00
9.377931564782774343e-01 6.895040369088809573e-01 8.379853902345248962e-01 1.000000000000000000e+00
9.407151095732410040e-01 6.991926182237599985e-01 8.447520184544404787e-01 1.000000000000000000e+00
9.436370626682044627e-01 7.088811995386388176e-01 8.515186466743558391e-01 1.000000000000000000e+00
9.460207612456746906e-01 7.169550173010379446e-01 8.565167243367934891e-01 1.000000000000000000e+00
9.478662053056515768e-01 7.234140715109572684e-01 8.597462514417530954e-01 1.000000000000000000e+00
9.497116493656285741e-01 7.298731257208764811e-01 8.629757785467127018e-01 1.000000000000000000e+00
9.515570934256054603e-01 7.363321799307958049e-01 8.662053056516723082e-01 1.000000000000000000e+00
9.534025374855824575e-01 7.427912341407150176e-01 8.694348327566320256e-01 1.000000000000000000e+00
9.552479815455593437e-01 7.492502883506342304e-01 8.726643598615916320e-01 1.000000000000000000e+00
9.570934256055363409e-01 7.557093425605535542e-01 8.758938869665512383e-01 1.000000000000000000e+00
9.589388696655132271e-01 7.621683967704728779e-01 8.791234140715108447e-01 1.000000000000000000e+00
9.607843137254902244e-01 7.686274509803920907e-01 8.823529411764705621e-01 1.000000000000000000e+00
9.626297577854671106e-01 7.750865051903114145e-01 8.855824682814301685e-01 1.000000000000000000e+00
9.644752018454439968e-01 7.815455594002306272e-01 8.888119953863897749e-01 1.000000000000000000e+00
9.663206459054209940e-01 7.880046136101499510e-01 8.920415224913493812e-01 1.000000000000000000e+00
9.681660899653978802e-01 7.944636678200691637e-01 8.952710495963090986e-01 1.000000000000000000e+00
9.700115340253747664e-01 8.009227220299883765e-01 8.985005767012687050e-01 1.000000000000000000e+00
9.718569780853517637e-01 8.073817762399077003e-01 9.017301038062283114e-01 1.000000000000000000e+00
9.737024221453287609e-01 8.138408304498269130e-01 9.049596309111879178e-01 1.000000000000000000e+00
9.755478662053056471e-01 8.202998846597462368e-01 9.081891580161476352e-01 1.000000000000000000e+00
9.773933102652825333e-01 8.267589388696654495e-01 9.114186851211072415e-01 1.000000000000000000e+00
9.792387543252595306e-01 8.332179930795847733e-01 9.146482122260668479e-01 1.000000000000000000e+00
9.810841983852364168e-01 8.396770472895039861e-01 9.178777393310264543e-01 1.000000000000000000e+00
9.829296424452134140e-01 8.461361014994233098e-01 9.211072664359861717e-01 1.000000000000000000e+00
9.847750865051903002e-01 8.525951557093424116e-01 9.243367935409457781e-01 1.000000000000000000e+00
9.866205305651672974e-01 8.590542099192618464e-01 9.275663206459053844e-01 1.000000000000000000e+00
9.884659746251441836e-01 8.655132641291810591e-01 9.307958477508651018e-01 1.000000000000000000e+00
9.903114186851211809e-01 8.719723183391003829e-01 9.340253748558247082e-01 1.000000000000000000e+00
9.921568627450980671e-01 8.784313725490195957e-01 9.372549019607843146e-01 1.000000000000000000e+00
9.912341407151096240e-01 8.819684736639753497e-01 9.384851980007689054e-01 1.000000000000000000e+00
9.903114186851211809e-01 8.855055747789312148e-01 9.397154940407536072e-01 1.000000000000000000e+00
9.893886966551326267e-01 8.890426758938869689e-01 9.409457900807381980e-01 1.000000000000000000e+00
9.884659746251441836e-01 8.925797770088427230e-01 9.421760861207227888e-01 1.000000000000000000e+00
9.875432525951557405e-01 8.961168781237984771e-01 9.434063821607073796e-01 1.000000000000000000e+00
9.866205305651672974e-01 8.996539792387543422e-01 9.446366782006920815e-01 1.000000000000000000e+00
9.856978085351787433e-01 9.031910803537100962e-01 9.458669742406766723e-01 1.000000000000000000e+00
9.847750865051903002e-01 9.067281814686658503e-01 9.470972702806612631e-01 1.000000000000000000e+00
9.838523644752018571e-01 9.102652825836217154e-01 9.483275663206458539e-01 1.000000000000000000e+00
9.829296424452134140e-01 9.138023836985774695e-01 9.495578623606305557e-01 1.000000000000000000e+00
9.820069204152249709e-01 9.173394848135332236e-01 9.507881584006151465e-01 1.000000000000000000e+00
9.810841983852365278e-01 9.208765859284889777e-01 9.520184544405997373e-01 1.000000000000000000e+00
9.801614763552479737e-01 9.244136870434448428e-01 9.532487504805844392e-01 1.000000000000000000e+00
9.792387543252595306e-01 9.279507881584005968e-01 9.544790465205690300e-01 1.000000000000000000e+00
9.783160322952710874e-01 9.314878892733563509e-01 9.557093425605536208e-01 1.000000000000000000e+00
9.773933102652826443e-01 9.350249903883122160e-01 9.569396386005382116e-01 1.000000000000000000e+00
9.764705882352940902e-01 9.385620915032679701e-01 9.581699346405229134e-01 1.000000000000000000e+00
9.755478662053056471e-01 9.420991926182237242e-01 9.594002306805075042e-01 1.000000000000000000e+00
9.746251441753172040e-01 9.456362937331795893e-01 9.606305267204920950e-01 1.000000000000000000e+00
9.737024221453287609e-01 9.491733948481352323e-01 9.618608227604766858e-01 1.000000000000000000e+00
9.727797001153402068e-01 9.527104959630910974e-01 9.630911188004613877e-01 1.000000000000000000e+00
9.718569780853517637e-01 9.562475970780468515e-01 9.643214148404459785e-01 1.000000000000000000e+00
9.709342560553633206e-01 9.597846981930027166e-01 9.655517108804305693e-01 1.000000000000000000e+00
9.700115340253748775e-01 9.633217993079584707e-01 9.667820069204152711e-01 1.000000000000000000e+00
9.673202614379085018e-01 9.684736639753940279e-01 9.656286043829296339e-01 1.000000000000000000e+00
9.647058823529411908e-01 9.681660899653978802e-01 9.596309111880045872e-01 1.000000000000000000e+00
9.620915032679738799e-01 9.678585159554017325e-01 9.536332179930796515e-01 1.000000000000000000e+00
9.594771241830065689e-01 9.675509419454055848e-01 9.476355247981546048e-01 1.000000000000000000e+00
9.568627450980392579e-01 9.672433679354094371e-01 9.416378316032297802e-01 1.000000000000000000e+00
9.542483660130719469e-01 9.669357939254132894e-01 9.356401384083045114e-01 1.000000000000000000e+00
9.516339869281046360e-01 9.666282199154171417e-01 9.296424452133794647e-01 1.000000000000000000e+00
9.490196078431373250e-01 9.663206459054209940e-01 9.236447520184545290e-01 1.000000000000000000e+00
9.464052287581700140e-01 9.660130718954248463e-01 9.176470588235294823e-01 1.000000000000000000e+00
9.437908496732027031e-01 9.657054978854286986e-01 9.116493656286044356e-01 1.000000000000000000e+00
9.411764705882352811e-01 9.653979238754325509e-01 9.056516724336793889e-01 1.000000000000000000e+00
9.385620915032679701e-01 9.650903498654364032e-01 8.996539792387543422e-01 1.000000000000000000e+00
9.359477124183006591e-01 9.647827758554402555e-01 8.936562860438294065e-01 1.000000000000000000e+00
9.333333333333333481e-01 9.644752018454441078e-01 8.876585928489043598e-01 1.000000000000000000e+00
9.307189542483660372e-01 9.641676278354479601e-01 8.816608996539793131e-01 1.000000000000000000e+00
9.281045751633987262e-01 9.638600538254518124e-01 8.756632064590542663e-01 1.000000000000000000e+00
9.254901960784314152e-01 9.635524798154556647e-01 8.696655132641293307e-01 1.000000000000000000e+00
9.228758169934641042e-01 9.632449058054595170e-01 8.636678200692042839e-01 1.000000000000000000e+00
9.202614379084967933e-01 9.629373317954632583e-01 8.576701268742792372e-01 1.000000000000000000e+00
9.176470588235294823e-01 9.626297577854671106e-01 8.516724336793541905e-01 1.000000000000000000e+00
9.150326797385622823e-01 9.623221837754709629e-01 8.456747404844293658e-01 1.000000000000000000e+00
9.124183006535948603e-01 9.620146097654748152e-01 8.396770472895040971e-01 1.000000000000000000e+00
9.098039215686275494e-01 9.617070357554786675e-01 8.336793540945791614e-01 1.000000000000000000e+00
9.071895424836602384e-01 9.613994617454825198e-01 8.276816608996541147e-01 1.000000000000000000e+00
9.045751633986929274e-01 9.610918877354863721e-01 8.216839677047290680e-01 1.000000000000000000e+00
9.019607843137256165e-01 9.607843137254902244e-01 8.156862745098041323e-01 1.000000000000000000e+00
8.948865820838141083e-01 9.577085736255287474e-01 8.043060361399464453e-01 1.000000000000000000e+00
8.878123798539026001e-01 9.546328335255671593e-01 7.929257977700887583e-01 1.000000000000000000e+00
8.807381776239909810e-01 9.515570934256056823e-01 7.815455594002309603e-01 1.000000000000000000e+00
8.736639753940793618e-01 9.484813533256440943e-01 7.701653210303732733e-01 1.000000000000000000e+00
8.665897731641678536e-01 9.454056132256825062e-01 7.587850826605154753e-01 1.000000000000000000e+00
8.595155709342562345e-01 9.423298731257210292e-01 7.474048442906577883e-01 1.000000000000000000e+00
8.524413687043447263e-01 9.392541330257594412e-01 7.360246059207999902e-01 1.000000000000000000e+00
8.453671664744331071e-01 9.361783929257978532e-01 7.246443675509423032e-01 1.000000000000000000e+00
8.382929642445215990e-01 9.331026528258362651e-01 7.132641291810845052e-01 1.000000000000000000e+00
8.312187620146099798e-01 9.300269127258747881e-01 7.018838908112268182e-01 1.000000000000000000e+00
8.241445597846985827e-01 9.269511726259133111e-01 6.905036524413693533e-01 1.000000000000000000e+00
8.170703575547868525e-01 9.238754325259516120e-01 6.791234140715112222e-01 1.000000000000000000e+00
8.099961553248752333e-01 9.207996924259901350e-01 6.677431757016535352e-01 1.000000000000000000e+00
8.029219530949636141e-01 9.177239523260285470e-01 6.563629373317957372e-01 1.000000000000000000e+00
7.958477508650521060e-01 9.146482122260669589e-01 6.449826989619380502e-01 1.000000000000000000e+00
7.887735486351404868e-01 9.115724721261053709e-01 6.336024605920802522e-01 1.000000000000000000e+00
7.816993464052289786e-01 9.084967320261438939e-01 6.222222222222225652e-01 1.000000000000000000e+00
7.746251441753173594e-01 9.054209919261823059e-01 6.108419838523647671e-01 1.000000000000000000e+00
7.675509419454058513e-01 9.023452518262207178e-01 5.994617454825070801e-01 1.000000000000000000e+00
7.604767397154942321e-01 8.992695117262592408e-01 5.880815071126492821e-01 1.000000000000000000e+00
7.534025374855826129e-01 8.961937716262976528e-01 5.767012687427915951e-01 1.000000000000000000e+00
7.463283352556711048e-01 8.931180315263360647e-01 5.653210303729337971e-01 1.000000000000000000e+00
7.392541330257594856e-01 8.900422914263745877e-01 5.539407920030761101e-01 1.000000000000000000e+00
7.321799307958479774e-01 8.869665513264129997e-01 5.425605536332183121e-01 1.000000000000000000e+00
7.251057285659363583e-01 8.838908112264514116e-01 5.311803152633606251e-01 1.000000000000000000e+00
7.171856978085353607e-01 8.795078815840062791e-01 5.201845444059980395e-01 1.000000000000000000e+00
7.084198385236452067e-01 8.738177623990776022e-01 5.095732410611308882e-01 1.000000000000000000e+00
6.996539792387544976e-01 8.681276432141484811e-01 4.989619377162632374e-01 1.000000000000000000e+00
6.908881199538641216e-01 8.624375240292196931e-01 4.883506343713959197e-01 1.000000000000000000e+00
6.821222606689736345e-01 8.567474048442907941e-01 4.777393310265285464e-01 1.000000000000000000e+00
6.733564013840832585e-01 8.510572856593618951e-01 4.671280276816611732e-01 1.000000000000000000e+00
6.645905420991927715e-01 8.453671664744329961e-01 4.565167243367937999e-01 1.000000000000000000e+00
6.558246828143023954e-01 8.396770472895040971e-01 4.459054209919264267e-01 1.000000000000000000e+00
6.470588235294119084e-01 8.339869281045753091e-01 4.352941176470590534e-01 1.000000000000000000e+00
6.382929642445215324e-01 8.282968089196464101e-01 4.246828143021916802e-01 1.000000000000000000e+00
6.295271049596310453e-01 8.226066897347175111e-01 4.140715109573243069e-01 1.000000000000000000e+00
6.207612456747406693e-01 8.169165705497886121e-01 4.034602076124569336e-01 1.000000000000000000e+00
6.119953863898501822e-01 8.112264513648597131e-01 3.928489042675895604e-01 1.000000000000000000e+00
6.032295271049596952e-01 8.055363321799309251e-01 3.822376009227221871e-01 1.000000000000000000e+00
5.944636678200693192e-01 7.998462129950020261e-01 3.716262975778548139e-01 1.000000000000000000e+00
5.856978085351788321e-01 7.941560938100731271e-01 3.610149942329874406e-01 1.000000000000000000e+00
5.769319492502884561e-01 7.884659746251442280e-01 3.504036908881200674e-01 1.000000000000000000e+00
5.681660899653981911e-01 7.827758554402155511e-01 3.397923875432529717e-01 1.000000000000000000e+00
5.594002306805075930e-01 7.770857362552865411e-01 3.291810841983853209e-01 1.000000000000000000e+00
5.506343713956171060e-01 7.713956170703576420e-01 3.185697808535179476e-01 1.000000000000000000e+00
5.418685121107267300e-01 7.657054978854287430e-01 3.079584775086505744e-01 1.000000000000000000e+00
5.331026528258362429e-01 7.600153787004998440e-01 2.973471741637832011e-01 1.000000000000000000e+00
5.243367935409458669e-01 7.543252595155709450e-01 2.867358708189158278e-01 1.000000000000000000e+00
5.155709342560553798e-01 7.486351403306421570e-01 2.761245674740484546e-01 1.000000000000000000e+00
5.068050749711650038e-01 7.429450211457132580e-01 2.655132641291810813e-01 1.000000000000000000e+00
4.980392156862745168e-01 7.372549019607843590e-01 2.549019607843137081e-01 1.000000000000000000e+00
4.903498654363706577e-01 7.307958477508651463e-01 2.499807766243752338e-01 1.000000000000000000e+00
4.826605151864667431e-01 7.243367935409458225e-01 2.450595924644367318e-01 1.000000000000000000e+00
4.749711649365628841e-01 7.178777393310266097e-01 2.401384083044982576e-01 1.000000000000000000e+00
4.672818146866589695e-01 7.114186851211072860e-01 2.352172241445597833e-01 1.000000000000000000e+00
4.595924644367551104e-01 7.049596309111880732e-01 2.302960399846212813e-01 1.000000000000000000e+00
4.519031141868511958e-01 6.985005767012687494e-01 2.253748558246828071e-01 1.000000000000000000e+00
4.442137639369473368e-01 6.920415224913495367e-01 2.204536716647443328e-01 1.000000000000000000e+00
4.365244136870436442e-01 6.855824682814304349e-01 2.155324875048059696e-01 1.000000000000000000e+00
4.288350634371395631e-01 6.791234140715110001e-01 2.106113033448673566e-01 1.000000000000000000e+00
4.211457131872357040e-01 6.726643598615916764e-01 2.056901191849288546e-01 1.000000000000000000e+00
4.134563629373317895e-01 6.662053056516724636e-01 2.007689350249903804e-01 1.000000000000000000e+00
4.057670126874278749e-01 6.597462514417531398e-01 1.958477508650519061e-01 1.000000000000000000e+00
3.980776624375240158e-01 6.532871972318339271e-01 1.909265667051134319e-01 1.000000000000000000e+00
3.903883121876201567e-01 6.468281430219146033e-01 1.860053825451749299e-01 1.000000000000000000e+00
3.826989619377162422e-01 6.403690888119953906e-01 1.810841983852364279e-01 1.000000000000000000e+00
3.750096116878123831e-01 6.339100346020760668e-01 1.761630142252979536e-01 1.000000000000000000e+00
3.673202614379085240e-01 6.274509803921568540e-01 1.712418300653594794e-01 1.000000000000000000e+00
3.596309111880046094e-01 6.209919261822376413e-01 1.663206459054210051e-01 1.000000000000000000e+00
3.519415609381006949e-01 6.145328719723183175e-01 1.613994617454825031e-01 1.000000000000000000e+00
3.442522106881968358e-01 6.080738177623989937e-01 1.564782775855440289e-01 1.000000000000000000e+00
3.365628604382929767e-01 6.016147635524797810e-01 1.515570934256055546e-01 1.000000000000000000e+00
3.288735101883890621e-01 5.951557093425605682e-01 1.466359092656670526e-01 1.000000000000000000e+00
3.211841599384851476e-01 5.886966551326412445e-01 1.417147251057285784e-01 1.000000000000000000e+00
3.134948096885815105e-01 5.822376009227221427e-01 1.367935409457902152e-01 1.000000000000000000e+00
3.058054594386774294e-01 5.757785467128027079e-01 1.318723567858516299e-01 1.000000000000000000e+00
2.990388312187620135e-01 5.690119184928873475e-01 1.287966166858900419e-01 1.000000000000000000e+00
2.931949250288350406e-01 5.619377162629757283e-01 1.275663206459054233e-01 1.000000000000000000e+00
2.873510188389081232e-01 5.548635140330642201e-01 1.263360246059208047e-01 1.000000000000000000e+00
2.815071126489811504e-01 5.477893118031526010e-01 1.251057285659361862e-01 1.000000000000000000e+00
2.756632064590541775e-01 5.407151095732409818e-01 1.238754325259515676e-01 1.000000000000000000e+00
2.698193002691272602e-01 5.336409073433294736e-01 1.226451364859669491e-01 1.000000000000000000e+00
2.639753940792002873e-01 5.265667051134178545e-01 1.214148404459823305e-01 1.000000000000000000e+00
2.581314878892733145e-01 5.194925028835063463e-01 1.201845444059976981e-01 1.000000000000000000e+00
2.522875816993463971e-01 5.124183006535947271e-01 1.189542483660130795e-01 1.000000000000000000e+00
2.464436755094194520e-01 5.053440984236832190e-01 1.177239523260284609e-01 1.000000000000000000e+00
2.405997693194925069e-01 4.982698961937715998e-01 1.164936562860438424e-01 1.000000000000000000e+00
2.347558631295655340e-01 4.911956939638600361e-01 1.152633602460592099e-01 1.000000000000000000e+00
2.289119569396386167e-01 4.841214917339484725e-01 1.140330642060745914e-01 1.000000000000000000e+00
2.230680507497116438e-01 4.770472895040369088e-01 1.128027681660899728e-01 1.000000000000000000e+00
2.172241445597848652e-01 4.699730872741255117e-01 1.115724721261053820e-01 1.000000000000000000e+00
2.113802383698577536e-01 4.628988850442137259e-01 1.103421760861207357e-01 1.000000000000000000e+00
2.055363321799307808e-01 4.558246828143021623e-01 1.091118800461361033e-01 1.000000000000000000e+00
1.996924259900038634e-01 4.487504805843905986e-01 1.078815840061514847e-01 1.000000000000000000e+00
1.938485198000768905e-01 4.416762783544790349e-01 1.066512879661668661e-01 1.000000000000000000e+00
1.880046136101499732e-01 4.346020761245674713e-01 1.054209919261822337e-01 1.000000000000000000e+00
1.821607074202230003e-01 4.275278738946558521e-01 1.041906958861976151e-01 1.000000000000000000e+00
1.763168012302960552e-01 4.204536716647443439e-01 1.029603998462129966e-01 1.000000000000000000e+00
1.704728950403691101e-01 4.133794694348327248e-01 1.017301038062283780e-01 1.000000000000000000e+00
1.646289888504421650e-01 4.063052672049212166e-01 1.004998077662437594e-01 1.000000000000000000e+00
1.587850826605151922e-01 3.992310649750095974e-01 9.926951172625912700e-02 1.000000000000000000e+00
1.529411764705882470e-01 3.921568627450980338e-01 9.803921568627450844e-02 1.000000000000000000e+00
