1.529411764705882470e-01 3.921568627450980338e-01 9.803921568627450844e-02 1.000000000000000000e+00
1.587850826605151922e-01 3.992310649750095974e-01 9.926951172625912700e-02 1.000000000000000000e+00
1.646289888504421373e-01 4.063052672049211611e-01 1.004998077662437456e-01 1.000000000000000000e+00
1.704728950403691101e-01 4.133794694348327248e-01 1.017301038062283780e-01 1.000000000000000000e+00
1.763168012302960552e-01 4.204536716647443439e-01 1.029603998462129966e-01 1.000000000000000000e+00
1.821607074202230003e-01 4.275278738946559076e-01 1.041906958861976151e-01 1.000000000000000000e+00
1.880046136101499454e-01 4.346020761245674713e-01 1.054209919261822337e-01 1.000000000000000000e+00
1.938485198000768905e-01 4.416762783544790349e-01 1.066512879661668661e-01 1.000000000000000000e+00
1.996924259900038634e-01 4.487504805843905986e-01 1.078815840061514847e-01 1.000000000000000000e+00
2.055363321799308085e-01 4.558246828143021623e-01 1.091118800461361033e-01 1.000000000000000000e+00
2.113802383698577536e-01 4.628988850442137259e-01 1.103421760861207218e-01 1.000000000000000000e+00
2.172241445597846987e-01 4.699730872741253451e-01 1.115724721261053543e-01 1.000000000000000000e+00
2.230680507497116438e-01 4.770472895040369088e-01 1.128027681660899728e-01 1.000000000000000000e+00
2.289119569396385889e-01 4.841214917339484725e-01 1.140330642060745914e-01 1.000000000000000000e+00
2.347558631295655340e-01 4.911956939638600361e-01 1.152633602460592099e-01 1.000000000000000000e+00
2.405997693194925069e-01 4.982698961937715998e-01 1.164936562860438285e-01 1.000000000000000000e+00
2.464436755094194520e-01 5.053440984236832190e-01 1.177239523260284609e-01 1.000000000000000000e+00
2.522875816993463971e-01 5.124183006535947271e-01 1.189542483660130795e-01 1.000000000000000000e+00
2.581314878892733700e-01 5.194925028835063463e-01 1.201845444059976981e-01 1.000000000000000000e+00
2.639753940792002873e-01 5.265667051134178545e-01 1.214148404459823305e-01 1.000000000000000000e+00
2.698193002691272602e-01 5.336409073433294736e-01 1.226451364859669491e-01 1.000000000000000000e+00
2.756632064590541775e-01 5.407151095732409818e-01 1.238754325259515676e-01 1.000000000000000000e+00
2.815071126489811504e-01 5.477893118031526010e-01 1.251057285659361862e-01 1.000000000000000000e+00
2.873510188389081232e-01 5.548635140330642201e-01 1.263360246059208047e-01 1.000000000000000000e+00
2.931949250288350406e-01 5.619377162629757283e-01 1.275663206459054233e-01 1.000000000000000000e+00
2.990388312187619579e-01 5.690119184928873475e-01 1.287966166858900419e-01 1.000000000000000000e+00
3.058054594386774294e-01 5.757785467128027079e-01 1.318723567858516021e-01 1.000000000000000000e+00
3.134948096885812885e-01 5.822376009227220317e-01 1.367935409457901041e-01 1.000000000000000000e+00
3.211841599384852031e-01 5.886966551326412445e-01 1.417147251057285784e-01 1.000000000000000000e+00
3.288735101883890621e-01 5.951557093425605682e-01 1.466359092656670526e-01 1.000000000000000000e+00
3.365628604382929767e-01 6.016147635524797810e-01 1.515570934256055546e-01 1.000000000000000000e+00
3.442522106881968358e-01 6.080738177623991048e-01 1.564782775855440289e-01 1.000000000000000000e+00
3.519415609381006949e-01 6.145328719723183175e-01 1.613994617454825031e-01 1.000000000000000000e+00
3.596309111880045539e-01 6.209919261822375303e-01 1.663206459054209496e-01 1.000000000000000000e+00
3.673202614379084685e-01 6.274509803921568540e-01 1.712418300653594794e-01 1.000000000000000000e+00
3.750096116878123831e-01 6.339100346020760668e-01 1.761630142252979536e-01 1.000000000000000000e+00
3.826989619377162422e-01 6.403690888119953906e-01 1.810841983852364279e-01 1.000000000000000000e+00
3.903883121876201012e-01 6.468281430219146033e-01 1.860053825451749021e-01 1.000000000000000000e+00
3.980776624375240158e-01 6.532871972318339271e-01 1.909265667051134041e-01 1.000000000000000000e+00
4.057670126874278749e-01 6.597462514417531398e-01 1.958477508650519061e-01 1.000000000000000000e+00
4.134563629373317895e-01 6.662053056516724636e-01 2.007689350249903804e-01 1.000000000000000000e+00
4.211457131872355930e-01 6.726643598615916764e-01 2.056901191849288268e-01 1.000000000000000000e+00
4.288350634371395631e-01 6.791234140715110001e-01 2.106113033448673566e-01 1.000000000000000000e+00
4.365244136870434222e-01 6.855824682814302129e-01 2.155324875048058308e-01 1.000000000000000000e+00
4.442137639369473368e-01 6.920415224913495367e-01 2.204536716647443328e-01 1.000000000000000000e+00
4.519031141868511403e-01 6.985005767012687494e-01 2.253748558246827516e-01 1.000000000000000000e+00
4.595924644367551104e-01 7.049596309111880732e-01 2.302960399846212813e-01 1.000000000000000000e+00
4.672818146866589695e-01 7.114186851211072860e-01 2.352172241445597556e-01 1.000000000000000000e+00
4.749711649365628841e-01 7.178777393310264987e-01 2.401384083044982576e-01 1.000000000000000000e+00
4.826605151864666876e-01 7.243367935409458225e-01 2.450595924644367041e-01 1.000000000000000000e+00
4.903498654363706022e-01 7.307958477508651463e-01 2.499807766243752338e-01 1.000000000000000000e+00
4.980392156862745168e-01 7.372549019607843590e-01 2.549019607843137081e-01 1.000000000000000000e+00
5.068050749711648928e-01 7.429450211457132580e-01 2.655132641291810813e-01 1.000000000000000000e+00
5.155709342560552688e-01 7.486351403306420460e-01 2.761245674740483436e-01 1.000000000000000000e+00
5.243367935409457559e-01 7.543252595155709450e-01 2.867358708189157723e-01 1.000000000000000000e+00
5.331026528258362429e-01 7.600153787004998440e-01 2.973471741637831456e-01 1.000000000000000000e+00
5.418685121107266189e-01 7.657054978854287430e-01 3.079584775086504633e-01 1.000000000000000000e+00
5.506343713956169950e-01 7.713956170703575310e-01 3.185697808535177256e-01 1.000000000000000000e+00
5.594002306805074820e-01 7.770857362552864300e-01 3.291810841983852098e-01 1.000000000000000000e+00
5.681660899653978580e-01 7.827758554402153290e-01 3.397923875432525276e-01 1.000000000000000000e+00
5.769319492502883451e-01 7.884659746251441170e-01 3.504036908881199008e-01 1.000000000000000000e+00
5.856978085351787211e-01 7.941560938100730160e-01 3.610149942329871631e-01 1.000000000000000000e+00
5.944636678200692081e-01 7.998462129950019150e-01 3.716262975778545918e-01 1.000000000000000000e+00
6.032295271049595842e-01 8.055363321799308141e-01 3.822376009227219651e-01 1.000000000000000000e+00
6.119953863898499602e-01 8.112264513648596020e-01 3.928489042675893383e-01 1.000000000000000000e+00
6.207612456747404472e-01 8.169165705497885011e-01 4.034602076124567116e-01 1.000000000000000000e+00
6.295271049596307122e-01 8.226066897347172890e-01 4.140715109573238628e-01 1.000000000000000000e+00
6.382929642445211993e-01 8.282968089196462991e-01 4.246828143021913471e-01 1.000000000000000000e+00
6.470588235294116863e-01 8.339869281045750871e-01 4.352941176470587203e-01 1.000000000000000000e+00
6.558246828143020624e-01 8.396770472895039861e-01 4.459054209919260936e-01 1.000000000000000000e+00
6.645905420991925494e-01 8.453671664744328851e-01 4.565167243367934669e-01 1.000000000000000000e+00
6.733564013840829254e-01 8.510572856593616731e-01 4.671280276816607846e-01 1.000000000000000000e+00
6.821222606689734125e-01 8.567474048442905721e-01 4.777393310265281023e-01 1.000000000000000000e+00
6.908881199538637885e-01 8.624375240292194711e-01 4.883506343713954756e-01 1.000000000000000000e+00
6.996539792387540535e-01 8.681276432141482591e-01 4.989619377162627378e-01 1.000000000000000000e+00
7.084198385236446516e-01 8.738177623990771581e-01 5.095732410611302221e-01 1.000000000000000000e+00
7.171856978085350276e-01 8.795078815840060571e-01 5.201845444059975954e-01 1.000000000000000000e+00
7.251057285659360252e-01 8.838908112264513006e-01 5.311803152633600700e-01 1.000000000000000000e+00
7.321799307958476444e-01 8.869665513264128887e-01 5.425605536332178680e-01 1.000000000000000000e+00
7.392541330257592636e-01 8.900422914263743657e-01 5.539407920030756660e-01 1.000000000000000000e+00
7.463283352556707717e-01 8.931180315263359537e-01 5.653210303729333530e-01 1.000000000000000000e+00
7.534025374855823909e-01 8.961937716262975417e-01 5.767012687427911510e-01 1.000000000000000000e+00
7.604767397154938990e-01 8.992695117262590188e-01 5.880815071126487270e-01 1.000000000000000000e+00
7.675509419454055182e-01 9.023452518262206068e-01 5.994617454825066361e-01 1.000000000000000000e+00
7.746251441753171374e-01 9.054209919261821948e-01 6.108419838523644341e-01 1.000000000000000000e+00
7.816993464052286456e-01 9.084967320261437829e-01 6.222222222222221211e-01 1.000000000000000000e+00
7.887735486351402647e-01 9.115724721261052599e-01 6.336024605920799191e-01 1.000000000000000000e+00
7.958477508650518839e-01 9.146482122260668479e-01 6.449826989619376061e-01 1.000000000000000000e+00
8.029219530949633921e-01 9.177239523260284360e-01 6.563629373317954041e-01 1.000000000000000000e+00
8.099961553248750112e-01 9.207996924259900240e-01 6.677431757016530911e-01 1.000000000000000000e+00
8.170703575547865194e-01 9.238754325259515010e-01 6.791234140715107781e-01 1.000000000000000000e+00
8.241445597846981386e-01 9.269511726259130890e-01 6.905036524413685761e-01 1.000000000000000000e+00
8.312187620146097577e-01 9.300269127258746771e-01 7.018838908112263741e-01 1.000000000000000000e+00
8.382929642445212659e-01 9.331026528258361541e-01 7.132641291810841722e-01 1.000000000000000000e+00
8.453671664744328851e-01 9.361783929257977421e-01 7.246443675509418592e-01 1.000000000000000000e+00
8.524413687043445043e-01 9.392541330257593302e-01 7.360246059207996572e-01 1.000000000000000000e+00
8.595155709342560124e-01 9.423298731257209182e-01 7.474048442906573442e-01 1.000000000000000000e+00
8.665897731641676316e-01 9.454056132256823952e-01 7.587850826605151422e-01 1.000000000000000000e+00
8.736639753940791397e-01 9.484813533256439833e-01 7.701653210303727182e-01 1.000000000000000000e+00
8.807381776239907589e-01 9.515570934256055713e-01 7.815455594002307382e-01 1.000000000000000000e+00
8.878123798539023781e-01 9.546328335255671593e-01 7.929257977700884252e-01 1.000000000000000000e+00
8.948865820838138863e-01 9.577085736255286363e-01 8.043060361399461122e-01 1.000000000000000000e+00
9.019607843137255054e-01 9.607843137254902244e-01 8.156862745098039102e-01 1.000000000000000000e+00
9.045751633986928164e-01 9.610918877354863721e-01 8.216839677047289570e-01 1.000000000000000000e+00
9.071895424836601274e-01 9.613994617454825198e-01 8.276816608996540037e-01 1.000000000000000000e+00
9.098039215686274384e-01 9.617070357554786675e-01 8.336793540945790504e-01 1.000000000000000000e+00
9.124183006535947493e-01 9.620146097654748152e-01 8.396770472895039861e-01 1.000000000000000000e+00
9.150326797385620603e-01 9.623221837754709629e-01 8.456747404844290328e-01 1.000000000000000000e+00
9.176470588235293713e-01 9.626297577854671106e-01 8.516724336793540795e-01 1.000000000000000000e+00
9.202614379084967933e-01 9.629373317954632583e-01 8.576701268742791262e-01 1.000000000000000000e+00
9.228758169934641042e-01 9.632449058054594060e-01 8.636678200692041729e-01 1.000000000000000000e+00
9.254901960784314152e-01 9.635524798154556647e-01 8.696655132641292196e-01 1.000000000000000000e+00
9.281045751633987262e-01 9.638600538254518124e-01 8.756632064590541553e-01 1.000000000000000000e+00
9.307189542483660372e-01 9.641676278354479601e-01 8.816608996539792020e-01 1.000000000000000000e+00
9.333333333333333481e-01 9.644752018454441078e-01 8.876585928489041377e-01 1.000000000000000000e+00
9.359477124183006591e-01 9.647827758554402555e-01 8.936562860438292955e-01 1.000000000000000000e+00
9.385620915032679701e-01 9.650903498654364032e-01 8.996539792387543422e-01 1.000000000000000000e+00
9.411764705882352811e-01 9.653979238754325509e-01 9.056516724336793889e-01 1.000000000000000000e+00
9.437908496732025920e-01 9.657054978854286986e-01 9.116493656286044356e-01 1.000000000000000000e+00
9.464052287581699030e-01 9.660130718954248463e-01 9.176470588235293713e-01 1.000000000000000000e+00
9.490196078431372140e-01 9.663206459054209940e-01 9.236447520184544180e-01 1.000000000000000000e+00
9.516339869281045249e-01 9.666282199154171417e-01 9.296424452133794647e-01 1.000000000000000000e+00
9.542483660130718359e-01 9.669357939254132894e-01 9.356401384083044004e-01 1.000000000000000000e+00
9.568627450980392579e-01 9.672433679354094371e-01 9.416378316032295581e-01 1.000000000000000000e+00
9.594771241830065689e-01 9.675509419454055848e-01 9.476355247981544938e-01 1.000000000000000000e+00
9.620915032679738799e-01 9.678585159554017325e-01 9.536332179930795405e-01 1.000000000000000000e+00
9.647058823529411908e-01 9.681660899653978802e-01 9.596309111880045872e-01 1.000000000000000000e+00
9.690888119953864344e-01 9.668589004229142247e-01 9.680123029603998619e-01 1.000000000000000000e+00
9.700115340253748775e-01 9.633217993079584707e-01 9.667820069204152711e-01 1.000000000000000000e+00
9.709342560553633206e-01 9.597846981930027166e-01 9.655517108804305693e-01 1.000000000000000000e+00
9.718569780853517637e-01 9.562475970780469625e-01 9.643214148404459785e-01 1.000000000000000000e+00
9.727797001153402068e-01 9.527104959630912084e-01 9.630911188004613877e-01 1.000000000000000000e+00
9.737024221453287609e-01 9.491733948481353433e-01 9.618608227604767968e-01 1.000000000000000000e+00
9.746251441753172040e-01 9.456362937331795893e-01 9.606305267204920950e-01 1.000000000000000000e+00
9.755478662053056471e-01 9.420991926182238352e-01 9.594002306805075042e-01 1.000000000000000000e+00
9.764705882352940902e-01 9.385620915032679701e-01 9.581699346405229134e-01 1.000000000000000000e+00
9.773933102652825333e-01 9.350249903883122160e-01 9.569396386005383226e-01 1.000000000000000000e+00
9.783160322952710874e-01 9.314878892733564619e-01 9.557093425605536208e-01 1.000000000000000000e+00
9.792387543252595306e-01 9.279507881584005968e-01 9.544790465205690300e-01 1.000000000000000000e+00
9.801614763552479737e-01 9.244136870434448428e-01 9.532487504805844392e-01 1.000000000000000000e+00
9.810841983852364168e-01 9.208765859284890887e-01 9.520184544405997373e-01 1.000000000000000000e+00
9.820069204152248599e-01 9.173394848135333346e-01 9.507881584006151465e-01 1.000000000000000000e+00
9.829296424452134140e-01 9.138023836985775805e-01 9.495578623606305557e-01 1.000000000000000000e+00
9.838523644752018571e-01 9.102652825836217154e-01 9.483275663206459649e-01 1.000000000000000000e+00
9.847750865051903002e-01 9.067281814686659613e-01 9.470972702806612631e-01 1.000000000000000000e+00
9.856978085351787433e-01 9.031910803537102073e-01 9.458669742406766723e-01 1.000000000000000000e+00
9.866205305651672974e-01 8.996539792387543422e-01 9.446366782006920815e-01 1.000000000000000000e+00
9.875432525951557405e-01 8.961168781237986991e-01 9.434063821607074907e-01 1.000000000000000000e+00
9.884659746251441836e-01 8.925797770088428340e-01 9.421760861207227888e-01 1.000000000000000000e+00
9.893886966551326267e-01 8.890426758938870799e-01 9.409457900807381980e-01 1.000000000000000000e+00
9.903114186851210698e-01 8.855055747789313259e-01 9.397154940407536072e-01 1.000000000000000000e+00
9.912341407151096240e-01 8.819684736639754608e-01 9.384851980007690164e-01 1.000000000000000000e+00
9.921568627450980671e-01 8.784313725490197067e-01 9.372549019607843146e-01 1.000000000000000000e+00
9.903114186851211809e-01 8.719723183391004939e-01 9.340253748558248192e-01 1.000000000000000000e+00
9.884659746251442947e-01 8.655132641291812812e-01 9.307958477508651018e-01 1.000000000000000000e+00
9.866205305651672974e-01 8.590542099192619574e-01 9.275663206459054955e-01 1.000000000000000000e+00
9.847750865051904112e-01 8.525951557093427446e-01 9.243367935409458891e-01 1.000000000000000000e+00
9.829296424452134140e-01 8.461361014994235319e-01 9.211072664359862827e-01 1.000000000000000000e+00
9.810841983852365278e-01 8.396770472895042081e-01 9.178777393310265653e-01 1.000000000000000000e+00
9.792387543252595306e-01 8.332179930795849954e-01 9.146482122260669589e-01 1.000000000000000000e+00
9.773933102652826443e-01 8.267589388696656716e-01 9.114186851211073526e-01 1.000000000000000000e+00
9.755478662053057581e-01 8.202998846597464588e-01 9.081891580161477462e-01 1.000000000000000000e+00
9.737024221453287609e-01 8.138408304498271351e-01 9.049596309111880288e-01 1.000000000000000000e+00
9.718569780853518747e-01 8.073817762399081444e-01 9.017301038062285334e-01 1.000000000000000000e+00
9.700115340253748775e-01 8.009227220299885985e-01 8.985005767012688160e-01 1.000000000000000000e+00
9.681660899653979913e-01 7.944636678200693858e-01 8.952710495963092097e-01 1.000000000000000000e+00
9.663206459054209940e-01 7.880046136101501730e-01 8.920415224913496033e-01 1.000000000000000000e+00
9.644752018454441078e-01 7.815455594002308493e-01 8.888119953863898859e-01 1.000000000000000000e+00
9.626297577854672216e-01 7.750865051903116365e-01 8.855824682814302795e-01 1.000000000000000000e+00
9.607843137254902244e-01 7.686274509803923127e-01 8.823529411764706731e-01 1.000000000000000000e+00
9.589388696655133382e-01 7.621683967704731000e-01 8.791234140715110668e-01 1.000000000000000000e+00
9.570934256055363409e-01 7.557093425605537762e-01 8.758938869665513494e-01 1.000000000000000000e+00
9.552479815455594547e-01 7.492502883506345635e-01 8.726643598615917430e-01 1.000000000000000000e+00
9.534025374855824575e-01 7.427912341407153507e-01 8.694348327566321366e-01 1.000000000000000000e+00
9.515570934256055713e-01 7.363321799307960269e-01 8.662053056516725302e-01 1.000000000000000000e+00
9.497116493656286851e-01 7.298731257208768142e-01 8.629757785467128128e-01 1.000000000000000000e+00
9.478662053056516879e-01 7.234140715109574904e-01 8.597462514417532065e-01 1.000000000000000000e+00
9.460207612456748016e-01 7.169550173010382776e-01 8.565167243367936001e-01 1.000000000000000000e+00
9.436370626682045737e-01 7.088811995386392617e-01 8.515186466743561722e-01 1.000000000000000000e+00
9.407151095732412260e-01 6.991926182237606646e-01 8.447520184544409227e-01 1.000000000000000000e+00
9.377931564782776563e-01 6.895040369088815124e-01 8.379853902345253402e-01 1.000000000000000000e+00
9.348712033833141977e-01 6.798154555940025823e-01 8.312187620146098688e-01 1.000000000000000000e+00
9.319492502883506280e-01 6.701268742791236521e-01 8.244521337946945083e-01 1.000000000000000000e+00
9.290272971933871693e-01 6.604382929642447220e-01 8.176855055747790368e-01 1.000000000000000000e+00
9.261053440984237106e-01 6.507497116493659028e-01 8.109188773548636764e-01 1.000000000000000000e+00
9.231833910034602519e-01 6.410611303344869727e-01 8.041522491349482049e-01 1.000000000000000000e+00
9.202614379084967933e-01 6.313725490196080425e-01 7.973856209150327334e-01 1.000000000000000000e+00
9.173394848135333346e-01 6.216839677047291124e-01 7.906189926951173730e-01 1.000000000000000000e+00
9.144175317185697649e-01 6.119953863898501822e-01 7.838523644752019015e-01 1.000000000000000000e+00
9.114955786236063062e-01 6.023068050749713631e-01 7.770857362552865411e-01 1.000000000000000000e+00
9.085736255286428475e-01 5.926182237600924330e-01 7.703191080353710696e-01 1.000000000000000000e+00
9.056516724336793889e-01 5.829296424452135028e-01 7.635524798154557091e-01 1.000000000000000000e+00
9.027297193387159302e-01 5.732410611303345727e-01 7.567858515955402376e-01 1.000000000000000000e+00
8.998077662437524715e-01 5.635524798154556425e-01 7.500192233756248772e-01 1.000000000000000000e+00
8.968858131487889018e-01 5.538638985005768234e-01 7.432525951557094057e-01 1.000000000000000000e+00
8.939638600538255542e-01 5.441753171856982263e-01 7.364859669357941563e-01 1.000000000000000000e+00
8.910419069588619845e-01 5.344867358708189631e-01 7.297193387158785738e-01 1.000000000000000000e+00
8.881199538638985258e-01 5.247981545559401440e-01 7.229527104959631023e-01 1.000000000000000000e+00
8.851980007689350671e-01 5.151095732410612138e-01 7.161860822760477419e-01 1.000000000000000000e+00
8.822760476739716085e-01 5.054209919261822836e-01 7.094194540561322704e-01 1.000000000000000000e+00
8.793540945790081498e-01 4.957324106113033535e-01 7.026528258362169099e-01 1.000000000000000000e+00
8.764321414840445801e-01 4.860438292964244789e-01 6.958861976163014385e-01 1.000000000000000000e+00
8.735101883890811214e-01 4.763552479815456042e-01 6.891195693963860780e-01 1.000000000000000000e+00
8.705882352941176627e-01 4.666666666666666741e-01 6.823529411764706065e-01 1.000000000000000000e+00
8.667435601691657610e-01 4.525182622068435467e-01 6.748173779315648213e-01 1.000000000000000000e+00
8.628988850442137482e-01 4.383698577470203639e-01 6.672818146866590361e-01 1.000000000000000000e+00
8.590542099192618464e-01 4.242214532871972366e-01 6.597462514417531398e-01 1.000000000000000000e+00
8.552095347943099446e-01 4.100730488273741092e-01 6.522106881968473546e-01 1.000000000000000000e+00
8.513648596693579318e-01 3.959246443675509264e-01 6.446751249519415694e-01 1.000000000000000000e+00
8.475201845444060300e-01 3.817762399077277991e-01 6.371395617070357842e-01 1.000000000000000000e+00
8.436755094194541282e-01 3.676278354479046717e-01 6.296039984621299990e-01 1.000000000000000000e+00
8.398308342945022265e-01 3.534794309880819330e-01 6.220684352172243248e-01 1.000000000000000000e+00
8.359861591695502137e-01 3.393310265282583615e-01 6.145328719723183175e-01 1.000000000000000000e+00
8.321414840445982009e-01 3.251826220684352342e-01 6.069973087274125323e-01 1.000000000000000000e+00
8.282968089196462991e-01 3.110342176086120514e-01 5.994617454825067471e-01 1.000000000000000000e+00
8.244521337946943973e-01 2.968858131487889240e-01 5.919261822376009619e-01 1.000000000000000000e+00
8.206074586697423845e-01 2.827374086889657967e-01 5.843906189926950656e-01 1.000000000000000000e+00
8.167627835447904827e-01 2.685890042291426694e-01 5.768550557477892804e-01 1.000000000000000000e+00
8.129181084198385809e-01 2.544405997693194865e-01 5.693194925028834952e-01 1.000000000000000000e+00
8.090734332948865681e-01 2.402921953094963592e-01 5.617839292579777100e-01 1.000000000000000000e+00
8.052287581699346664e-01 2.261437908496732319e-01 5.542483660130719247e-01 1.000000000000000000e+00
8.013840830449827646e-01 2.119953863898500490e-01 5.467128027681660285e-01 1.000000000000000000e+00
7.975394079200307518e-01 1.978469819300269217e-01 5.391772395232602433e-01 1.000000000000000000e+00
7.936947327950788500e-01 1.836985774702037943e-01 5.316416762783544581e-01 1.000000000000000000e+00
7.898500576701269482e-01 1.695501730103806670e-01 5.241061130334486728e-01 1.000000000000000000e+00
7.860053825451749354e-01 1.554017685505574842e-01 5.165705497885428876e-01 1.000000000000000000e+00
7.821607074202230336e-01 1.412533640907343568e-01 5.090349865436369914e-01 1.000000000000000000e+00
7.783160322952711319e-01 1.271049596309116181e-01 5.014994232987314282e-01 1.000000000000000000e+00
7.744713571703191191e-01 1.129565551710880467e-01 4.939638600538254209e-01 1.000000000000000000e+00
7.683198769703960540e-01 1.038831218762014535e-01 4.868896578239138573e-01 1.000000000000000000e+00
7.598615916955017147e-01 9.988465974625143629e-02 4.802768166089965152e-01 1.000000000000000000e+00
7.514033064206074863e-01 9.588619761630141902e-02 4.736639753940791731e-01 1.000000000000000000e+00
7.429450211457132580e-01 9.188773548635140176e-02 4.670511341791618309e-01 1.000000000000000000e+00
7.344867358708189187e-01 8.788927335640138450e-02 4.604382929642444888e-01 1.000000000000000000e+00
7.260284505959246903e-01 8.389081122645136723e-02 4.538254517493271467e-01 1.000000000000000000e+00
7.175701653210304620e-01 7.989234909650134997e-02 4.472126105344098601e-01 1.000000000000000000e+00
7.091118800461361227e-01 7.589388696655133271e-02 4.405997693194925180e-01 1.000000000000000000e+00
7.006535947712418944e-01 7.189542483660130157e-02 4.339869281045751759e-01 1.000000000000000000e+00
6.921953094963475550e-01 6.789696270665128430e-02 4.273740868896578338e-01 1.000000000000000000e+00
6.837370242214533267e-01 6.389850057670126704e-02 4.207612456747404917e-01 1.000000000000000000e+00
6.752787389465590984e-01 5.990003844675124978e-02 4.141484044598231495e-01 1.000000000000000000e+00
6.668204536716647590e-01 5.590157631680123251e-02 4.075355632449058074e-01 1.000000000000000000e+00
6.583621683967705307e-01 5.190311418685120831e-02 4.009227220299884653e-01 1.000000000000000000e+00
6.499038831218764134e-01 4.790465205690130901e-02 3.943098808150713452e-01 1.000000000000000000e+00
6.414455978469819630e-01 4.390618992695117379e-02 3.876970396001537811e-01 1.000000000000000000e+00
6.329873125720877347e-01 3.990772779700114958e-02 3.810841983852364390e-01 1.000000000000000000e+00
6.245290272971933954e-01 3.590926566705113232e-02 3.744713571703190969e-01 1.000000000000000000e+00
6.160707420222991670e-01 3.191080353710111506e-02 3.678585159554017547e-01 1.000000000000000000e+00
6.076124567474048277e-01 2.791234140715109779e-02 3.612456747404844126e-01 1.000000000000000000e+00
5.991541714725105994e-01 2.391387927720106665e-02 3.546328335255670705e-01 1.000000000000000000e+00
5.906958861976163710e-01 1.991541714725106327e-02 3.480199923106497284e-01 1.000000000000000000e+00
5.822376009227220317e-01 1.591695501730104600e-02 3.414071510957324418e-01 1.000000000000000000e+00
5.737793156478278034e-01 1.191849288735102874e-02 3.347943098808150997e-01 1.000000000000000000e+00
5.653210303729334640e-01 7.920030757400997601e-03 3.281814686658977576e-01 1.000000000000000000e+00
5.568627450980392357e-01 3.921568627450980338e-03 3.215686274509804154e-01 1.000000000000000000e+00
