2.509803921568627416e-01 0.000000000000000000e+00 2.941176470588235392e-01 1.000000000000000000e+00
2.592848904267589516e-01 6.459054209919261325e-03 3.027297193387158969e-01 1.000000000000000000e+00
2.675893886966551061e-01 1.291810841983852265e-02 3.113417916186082546e-01 1.000000000000000000e+00
2.758938869665513161e-01 1.937716262975778397e-02 3.199538638985005568e-01 1.000000000000000000e+00
2.841983852364475260e-01 2.583621683967704530e-02 3.285659361783929144e-01 1.000000000000000000e+00
2.925028835063437360e-01 3.229527104959630662e-02 3.371780084582852721e-01 1.000000000000000000e+00
3.008073817762398905e-01 3.875432525951556795e-02 3.457900807381776298e-01 1.000000000000000000e+00
3.091118800461361005e-01 4.521337946943483621e-02 3.544021530180699875e-01 1.000000000000000000e+00
3.174163783160323105e-01 5.167243367935409060e-02 3.630142252979623452e-01 1.000000000000000000e+00
3.257208765859285204e-01 5.813148788927335886e-02 3.716262975778546473e-01 1.000000000000000000e+00
3.340253748558246749e-01 6.459054209919261325e-02 3.802383698577470050e-01 1.000000000000000000e+00
3.423298731257208849e-01 7.104959630911188151e-02 3.888504421376393627e-01 1.000000000000000000e+00
3.506343713956170949e-01 7.750865051903113589e-02 3.974625144175316649e-01 1.000000000000000000e+00
3.589388696655132494e-01 8.396770472895039028e-02 4.060745866974240226e-01 1.000000000000000000e+00
3.672433679354094593e-01 9.042675893886967242e-02 4.146866589773163803e-01 1.000000000000000000e+00
3.755478662053056693e-01 9.688581314878892681e-02 4.232987312572087379e-01 1.000000000000000000e+00
3.838523644752018793e-01 1.033448673587081812e-01 4.319108035371010956e-01 1.000000000000000000e+00
3.921568627450980338e-01 1.098039215686274495e-01 4.405228758169934533e-01 1.000000000000000000e+00
4.004613610149942438e-01 1.162629757785467177e-01 4.491349480968858110e-01 1.000000000000000000e+00
4.087658592848904537e-01 1.227220299884659721e-01 4.577470203767781687e-01 1.000000000000000000e+00
4.170703575547866082e-01 1.291810841983852265e-01 4.663590926566704709e-01 1.000000000000000000e+00
4.253748558246828182e-01 1.356401384083044948e-01 4.749711649365627730e-01 1.000000000000000000e+00
4.336793540945790282e-01 1.420991926182237630e-01 4.835832372164551862e-01 1.000000000000000000e+00
4.419838523644752382e-01 1.485582468281430313e-01 4.921953094963474884e-01 1.000000000000000000e+00
4.502883506343714481e-01 1.550173010380622718e-01 5.008073817762398461e-01 1.000000000000000000e+00
4.585928489042676026e-01 1.614763552479815401e-01 5.094194540561322038e-01 1.000000000000000000e+00
4.654363706266820833e-01 1.700884275278738977e-01 5.168012302960399706e-01 1.000000000000000000e+00
4.708189158016147791e-01 1.808535178777393448e-01 5.229527104959630357e-01 1.000000000000000000e+00
4.762014609765474749e-01 1.916186082276047642e-01 5.291041906958861007e-01 1.000000000000000000e+00
4.815840061514802262e-01 2.023836985774702113e-01 5.352556708958092768e-01 1.000000000000000000e+00
4.869665513264129220e-01 2.131487889273356306e-01 5.414071510957323419e-01 1.000000000000000000e+00
4.923490965013456733e-01 2.239138792772010778e-01 5.475586312956555179e-01 1.000000000000000000e+00
4.977316416762783691e-01 2.346789696270665249e-01 5.537101114955785830e-01 1.000000000000000000e+00
5.031141868512110094e-01 2.454440599769318609e-01 5.598615916955016480e-01 1.000000000000000000e+00
5.084967320261437607e-01 2.562091503267973636e-01 5.660130718954248241e-01 1.000000000000000000e+00
5.138792772010765120e-01 2.669742406766628107e-01 5.721645520953478892e-01 1.000000000000000000e+00
5.192618223760092633e-01 2.777393310265282578e-01 5.783160322952709542e-01 1.000000000000000000e+00
5.246443675509419036e-01 2.885044213763936494e-01 5.844675124951940193e-01 1.000000000000000000e+00
5.300269127258746549e-01 2.992695117262591520e-01 5.906189926951171953e-01 1.000000000000000000e+00
5.354094579008074062e-01 3.100346020761245436e-01 5.967704728950402604e-01 1.000000000000000000e+00
5.407920030757400465e-01 3.207996924259900462e-01 6.029219530949634365e-01 1.000000000000000000e+00
5.461745482506727978e-01 3.315647827758553823e-01 6.090734332948865015e-01 1.000000000000000000e+00
5.515570934256055491e-01 3.423298731257208849e-01 6.152249134948096776e-01 1.000000000000000000e+00
5.569396386005383004e-01 3.530949634755863320e-01 6.213763936947327426e-01 1.000000000000000000e+00
5.623221837754709407e-01 3.638600538254517236e-01 6.275278738946558077e-01 1.000000000000000000e+00
5.677047289504035810e-01 3.746251441753171152e-01 6.336793540945788727e-01 1.000000000000000000e+00
5.730872741253364433e-01 3.853902345251826178e-01 6.398308342945020488e-01 1.000000000000000000e+00
5.784698193002690836e-01 3.961553248750480649e-01 6.459823144944252249e-01 1.000000000000000000e+00
5.838523644752018349e-01 4.069204152249135120e-01 6.521337946943482899e-01 1.000000000000000000e+00
5.892349096501344752e-01 4.176855055747789036e-01 6.582852748942713550e-01 1.000000000000000000e+00
5.946174548250672265e-01 4.284505959246444062e-01 6.644367550941945311e-01 1.000000000000000000e+00
5.999999999999999778e-01 4.392156862745097978e-01 6.705882352941175961e-01 1.000000000000000000e+00
6.063052672049211722e-01 4.473663975394079340e-01 6.761245674740483658e-01 1.000000000000000000e+00
6.126105344098422556e-01 4.555171088043059591e-01 6.816608996539791354e-01 1.000000000000000000e+00
6.189158016147635610e-01 4.636678200692041507e-01 6.871972318339100161e-01 1.000000000000000000e+00
6.252210688196846444e-01 4.718185313341022313e-01 6.927335640138407857e-01 1.000000000000000000e+00
6.315263360246058388e-01 4.799692425990003675e-01 6.982698961937715554e-01 1.000000000000000000e+00
6.378316032295270332e-01 4.881199538638983926e-01 7.038062283737023250e-01 1.000000000000000000e+00
6.441368704344482277e-01 4.962706651287965842e-01 7.093425605536332057e-01 1.000000000000000000e+00
6.504421376393694221e-01 5.044213763936946648e-01 7.148788927335639753e-01 1.000000000000000000e+00
6.567474048442906165e-01 5.125720876585928565e-01 7.204152249134947450e-01 1.000000000000000000e+00
6.630526720492116999e-01 5.207227989234908261e-01 7.259515570934255146e-01 1.000000000000000000e+00
6.693579392541328943e-01 5.288735101883890177e-01 7.314878892733562843e-01 1.000000000000000000e+00
6.756632064590540887e-01 5.370242214532872094e-01 7.370242214532871650e-01 1.000000000000000000e+00
6.819684736639752831e-01 5.451749327181852900e-01 7.425605536332179346e-01 1.000000000000000000e+00
6.882737408688964775e-01 5.533256439830833706e-01 7.480968858131487043e-01 1.000000000000000000e+00
6.945790080738175609e-01 5.614763552479813402e-01 7.536332179930794739e-01 1.000000000000000000e+00
7.008842752787388664e-01 5.696270665128796429e-01 7.591695501730103546e-01 1.000000000000000000e+00
7.071895424836600608e-01 5.777777777777777235e-01 7.647058823529411242e-01 1.000000000000000000e+00
7.134948096885812552e-01 5.859284890426758041e-01 7.702422145328718939e-01 1.000000000000000000e+00
7.198000768935024496e-01 5.940792003075738847e-01 7.757785467128026635e-01 1.000000000000000000e+00
7.261053440984235330e-01 6.022299115724720764e-01 7.813148788927335442e-01 1.000000000000000000e+00
7.324106113033447274e-01 6.103806228373701570e-01 7.868512110726643138e-01 1.000000000000000000e+00
7.387158785082659218e-01 6.185313341022682376e-01 7.923875432525950835e-01 1.000000000000000000e+00
7.450211457131870052e-01 6.266820453671662072e-01 7.979238754325257421e-01 1.000000000000000000e+00
7.513264129181083106e-01 6.348327566320645099e-01 8.034602076124566228e-01 1.000000000000000000e+00
7.576316801230295050e-01 6.429834678969625905e-01 8.089965397923875035e-01 1.000000000000000000e+00
7.636293733179545518e-01 6.506728181468665051e-01 8.136870434448288947e-01 1.000000000000000000e+00
7.693194925028834508e-01 6.579008073817761426e-01 8.175317185697807965e-01 1.000000000000000000e+00
7.750096116878122388e-01 6.651287966166857801e-01 8.213763936947326982e-01 1.000000000000000000e+00
7.806997308727411378e-01 6.723567858515955287e-01 8.252210688196847110e-01 1.000000000000000000e+00
7.863898500576700368e-01 6.795847750865051662e-01 8.290657439446366128e-01 1.000000000000000000e+00
7.920799692425988248e-01 6.868127643214146927e-01 8.329104190695885146e-01 1.000000000000000000e+00
7.977700884275278348e-01 6.940407535563244412e-01 8.367550941945405274e-01 1.000000000000000000e+00
8.034602076124566228e-01 7.012687427912340787e-01 8.405997693194924292e-01 1.000000000000000000e+00
8.091503267973855218e-01 7.084967320261437163e-01 8.444444444444444420e-01 1.000000000000000000e+00
8.148404459823144208e-01 7.157247212610534648e-01 8.482891195693963438e-01 1.000000000000000000e+00
8.205305651672433198e-01 7.229527104959631023e-01 8.521337946943482455e-01 1.000000000000000000e+00
8.262206843521722188e-01 7.301806997308727398e-01 8.559784698193002583e-01 1.000000000000000000e+00
8.319108035371010068e-01 7.374086889657823773e-01 8.598231449442521601e-01 1.000000000000000000e+00
8.376009227220299058e-01 7.446366782006919038e-01 8.636678200692040619e-01 1.000000000000000000e+00
8.432910419069588048e-01 7.518646674356016524e-01 8.675124951941560747e-01 1.000000000000000000e+00
8.489811610918877038e-01 7.590926566705112899e-01 8.713571703191079765e-01 1.000000000000000000e+00
8.546712802768166028e-01 7.663206459054210384e-01 8.752018454440599893e-01 1.000000000000000000e+00
8.603613994617453908e-01 7.735486351403306760e-01 8.790465205690118911e-01 1.000000000000000000e+00
8.660515186466742898e-01 7.807766243752403135e-01 8.828911956939637928e-01 1.000000000000000000e+00
8.717416378316031889e-01 7.880046136101499510e-01 8.867358708189158056e-01 1.000000000000000000e+00
8.774317570165320879e-01 7.952326028450595885e-01 8.905805459438677074e-01 1.000000000000000000e+00
8.831218762014608759e-01 8.024605920799692260e-01 8.944252210688196092e-01 1.000000000000000000e+00
8.888119953863897749e-01 8.096885813148788635e-01 8.982698961937716220e-01 1.000000000000000000e+00
8.945021145713186739e-01 8.169165705497886121e-01 9.021145713187235238e-01 1.000000000000000000e+00
9.001922337562475729e-01 8.241445597846982496e-01 9.059592464436755366e-01 1.000000000000000000e+00
9.058823529411764719e-01 8.313725490196078871e-01 9.098039215686274384e-01 1.000000000000000000e+00
9.083429450211457645e-01 8.367550941945406384e-01 9.121107266435986016e-01 1.000000000000000000e+00
9.108035371011149461e-01 8.421376393694732787e-01 9.144175317185697649e-01 1.000000000000000000e+00
9.132641291810842388e-01 8.475201845444060300e-01 9.167243367935409282e-01 1.000000000000000000e+00
9.157247212610534204e-01 8.529027297193386703e-01 9.190311418685120914e-01 1.000000000000000000e+00
9.181853133410227130e-01 8.582852748942714216e-01 9.213379469434832547e-01 1.000000000000000000e+00
9.206459054209918946e-01 8.636678200692041729e-01 9.236447520184544180e-01 1.000000000000000000e+00
9.231064975009611873e-01 8.690503652441369242e-01 9.259515570934255813e-01 1.000000000000000000e+00
9.255670895809303689e-01 8.744329104190695645e-01 9.282583621683967445e-01 1.000000000000000000e+00
9.280276816608996615e-01 8.798154555940023158e-01 9.305651672433679078e-01 1.000000000000000000e+00
9.304882737408688431e-01 8.851980007689350671e-01 9.328719723183390711e-01 1.000000000000000000e+00
9.329488658208381358e-01 8.905805459438678184e-01 9.351787773933102343e-01 1.000000000000000000e+00
9.354094579008073174e-01 8.959630911188003477e-01 9.374855824682813976e-01 1.000000000000000000e+00
9.378700499807766100e-01 9.013456362937332100e-01 9.397923875432525609e-01 1.000000000000000000e+00
9.403306420607459026e-01 9.067281814686659613e-01 9.420991926182237242e-01 1.000000000000000000e+00
9.427912341407150842e-01 9.121107266435986016e-01 9.444059976931948874e-01 1.000000000000000000e+00
9.452518262206843769e-01 9.174932718185313529e-01 9.467128027681660507e-01 1.000000000000000000e+00
9.477124183006535585e-01 9.228758169934641042e-01 9.490196078431372140e-01 1.000000000000000000e+00
9.501730103806228511e-01 9.282583621683967445e-01 9.513264129181083772e-01 1.000000000000000000e+00
9.526336024605920327e-01 9.336409073433294958e-01 9.536332179930795405e-01 1.000000000000000000e+00
9.550941945405613254e-01 9.390234525182621361e-01 9.559400230680507038e-01 1.000000000000000000e+00
9.575547866205305070e-01 9.444059976931948874e-01 9.582468281430218671e-01 1.000000000000000000e+00
9.600153787004997996e-01 9.497885428681276387e-01 9.605536332179930303e-01 1.000000000000000000e+00
9.624759707804690922e-01 9.551710880430603900e-01 9.628604382929641936e-01 1.000000000000000000e+00
9.649365628604382739e-01 9.605536332179931414e-01 9.651672433679353569e-01 1.000000000000000000e+00
9.663206459054209940e-01 9.680891964628989266e-01 9.658592848904267170e-01 1.000000000000000000e+00
9.617070357554786675e-01 9.670126874279123541e-01 9.603229527104959473e-01 1.000000000000000000e+00
9.570934256055363409e-01 9.659361783929257816e-01 9.547866205305651777e-01 1.000000000000000000e+00
9.524798154555940144e-01 9.648596693579392092e-01 9.492502883506344080e-01 1.000000000000000000e+00
9.478662053056517989e-01 9.637831603229527477e-01 9.437139561707037494e-01 1.000000000000000000e+00
9.432525951557093613e-01 9.627066512879661753e-01 9.381776239907727577e-01 1.000000000000000000e+00
9.386389850057670348e-01 9.616301422529796028e-01 9.326412918108419881e-01 1.000000000000000000e+00
9.340253748558247082e-01 9.605536332179930303e-01 9.271049596309112184e-01 1.000000000000000000e+00
9.294117647058823817e-01 9.594771241830065689e-01 9.215686274509804488e-01 1.000000000000000000e+00
9.247981545559400551e-01 9.584006151480199964e-01 9.160322952710496791e-01 1.000000000000000000e+00
9.201845444059977286e-01 9.573241061130334240e-01 9.104959630911187984e-01 1.000000000000000000e+00
9.155709342560554020e-01 9.562475970780469625e-01 9.049596309111880288e-01 1.000000000000000000e+00
9.109573241061130755e-01 9.551710880430603900e-01 8.994232987312572591e-01 1.000000000000000000e+00
9.063437139561707490e-01 9.540945790080738176e-01 8.938869665513264895e-01 1.000000000000000000e+00
9.017301038062284224e-01 9.530180699730872451e-01 8.883506343713957198e-01 1.000000000000000000e+00
8.971164936562860959e-01 9.519415609381007837e-01 8.828143021914649502e-01 1.000000000000000000e+00
8.925028835063437693e-01 9.508650519031142112e-01 8.772779700115340695e-01 1.000000000000000000e+00
8.878892733564014428e-01 9.497885428681276387e-01 8.717416378316032999e-01 1.000000000000000000e+00
8.832756632064591162e-01 9.487120338331410663e-01 8.662053056516725302e-01 1.000000000000000000e+00
8.786620530565167897e-01 9.476355247981546048e-01 8.606689734717417606e-01 1.000000000000000000e+00
8.740484429065745742e-01 9.465590157631680324e-01 8.551326412918111020e-01 1.000000000000000000e+00
8.694348327566321366e-01 9.454825067281814599e-01 8.495963091118801103e-01 1.000000000000000000e+00
8.648212226066898101e-01 9.444059976931948874e-01 8.440599769319493406e-01 1.000000000000000000e+00
8.602076124567474835e-01 9.433294886582084260e-01 8.385236447520185710e-01 1.000000000000000000e+00
8.555940023068051570e-01 9.422529796232218535e-01 8.329873125720878013e-01 1.000000000000000000e+00
8.509803921568628304e-01 9.411764705882352811e-01 8.274509803921570317e-01 1.000000000000000000e+00
8.431372549019610085e-01 9.379469434832757857e-01 8.196078431372550988e-01 1.000000000000000000e+00
8.352941176470590756e-01 9.347174163783160683e-01 8.117647058823531658e-01 1.000000000000000000e+00
8.274509803921570317e-01 9.314878892733564619e-01 8.039215686274511219e-01 1.000000000000000000e+00
8.196078431372550988e-01 9.282583621683968556e-01 7.960784313725491890e-01 1.000000000000000000e+00
8.117647058823531658e-01 9.250288350634372492e-01 7.882352941176472561e-01 1.000000000000000000e+00
8.039215686274512329e-01 9.217993079584775318e-01 7.803921568627453231e-01 1.000000000000000000e+00
7.960784313725491890e-01 9.185697808535179254e-01 7.725490196078432792e-01 1.000000000000000000e+00
7.882352941176472561e-01 9.153402537485583190e-01 7.647058823529413463e-01 1.000000000000000000e+00
7.803921568627453231e-01 9.121107266435987126e-01 7.568627450980394133e-01 1.000000000000000000e+00
7.725490196078433902e-01 9.088811995386389953e-01 7.490196078431374804e-01 1.000000000000000000e+00
7.647058823529415683e-01 9.056516724336794999e-01 7.411764705882357696e-01 1.000000000000000000e+00
7.568627450980394133e-01 9.024221453287197825e-01 7.333333333333335036e-01 1.000000000000000000e+00
7.490196078431374804e-01 8.991926182237601761e-01 7.254901960784315706e-01 1.000000000000000000e+00
7.411764705882355475e-01 8.959630911188005697e-01 7.176470588235296377e-01 1.000000000000000000e+00
7.333333333333335036e-01 8.927335640138408523e-01 7.098039215686275938e-01 1.000000000000000000e+00
7.254901960784315706e-01 8.895040369088812460e-01 7.019607843137256609e-01 1.000000000000000000e+00
7.176470588235296377e-01 8.862745098039216396e-01 6.941176470588237279e-01 1.000000000000000000e+00
7.098039215686277048e-01 8.830449826989620332e-01 6.862745098039217950e-01 1.000000000000000000e+00
7.019607843137256609e-01 8.798154555940023158e-01 6.784313725490198621e-01 1.000000000000000000e+00
6.941176470588237279e-01 8.765859284890427094e-01 6.705882352941178182e-01 1.000000000000000000e+00
6.862745098039217950e-01 8.733564013840831031e-01 6.627450980392158852e-01 1.000000000000000000e+00
6.784313725490198621e-01 8.701268742791234967e-01 6.549019607843139523e-01 1.000000000000000000e+00
6.705882352941179292e-01 8.668973471741637793e-01 6.470588235294119084e-01 1.000000000000000000e+00
6.627450980392159963e-01 8.636678200692041729e-01 6.392156862745099755e-01 1.000000000000000000e+00
6.549019607843139523e-01 8.604382929642445665e-01 6.313725490196080425e-01 1.000000000000000000e+00
6.451364859669361795e-01 8.553633217993080740e-01 6.226066897347176665e-01 1.000000000000000000e+00
6.334486735870825669e-01 8.484429065743948062e-01 6.129181084198390694e-01 1.000000000000000000e+00
6.217608612072282881e-01 8.415224913494810943e-01 6.032295271049599172e-01 1.000000000000000000e+00
6.100730488273743424e-01 8.346020761245676045e-01 5.935409457900809871e-01 1.000000000000000000e+00
5.983852364475205077e-01 8.276816608996541147e-01 5.838523644752020569e-01 1.000000000000000000e+00
5.866974240676665620e-01 8.207612456747406249e-01 5.741637831603231268e-01 1.000000000000000000e+00
5.750096116878126162e-01 8.138408304498271351e-01 5.644752018454441966e-01 1.000000000000000000e+00
5.633217993079586705e-01 8.069204152249136452e-01 5.547866205305653775e-01 1.000000000000000000e+00
5.516339869281048358e-01 8.000000000000000444e-01 5.450980392156864474e-01 1.000000000000000000e+00
5.399461745482508901e-01 7.930795847750866656e-01 5.354094579008075172e-01 1.000000000000000000e+00
5.282583621683969444e-01 7.861591695501730648e-01 5.257208765859285871e-01 1.000000000000000000e+00
5.165705497885431097e-01 7.792387543252595750e-01 5.160322952710497679e-01 1.000000000000000000e+00
5.048827374086891639e-01 7.723183391003460851e-01 5.063437139561708378e-01 1.000000000000000000e+00
4.931949250288352182e-01 7.653979238754325953e-01 4.966551326412919076e-01 1.000000000000000000e+00
4.815071126489813280e-01 7.584775086505191055e-01 4.869665513264129775e-01 1.000000000000000000e+00
4.698193002691273823e-01 7.515570934256056157e-01 4.772779700115341028e-01 1.000000000000000000e+00
4.581314878892734921e-01 7.446366782006921259e-01 4.675893886966552282e-01 1.000000000000000000e+00
4.464436755094198794e-01 7.377162629757787471e-01 4.579008073817765756e-01 1.000000000000000000e+00
4.347558631295657117e-01 7.307958477508651463e-01 4.482122260668974234e-01 1.000000000000000000e+00
4.230680507497117659e-01 7.238754325259515454e-01 4.385236447520184933e-01 1.000000000000000000e+00
4.113802383698578202e-01 7.169550173010381666e-01 4.288350634371396186e-01 1.000000000000000000e+00
3.996924259900039300e-01 7.100346020761245658e-01 4.191464821222606885e-01 1.000000000000000000e+00
3.880046136101499843e-01 7.031141868512110760e-01 4.094579008073817583e-01 1.000000000000000000e+00
3.763168012302960941e-01 6.961937716262975862e-01 3.997693194925028837e-01 1.000000000000000000e+00
3.646289888504422039e-01 6.892733564013840963e-01 3.900807381776240090e-01 1.000000000000000000e+00
3.529411764705882582e-01 6.823529411764706065e-01 3.803921568627450789e-01 1.000000000000000000e+00
3.432525951557093835e-01 6.740484429065743965e-01 3.739331026528258106e-01 1.000000000000000000e+00
3.335640138408304534e-01 6.657439446366781866e-01 3.674740484429065424e-01 1.000000000000000000e+00
3.238754325259515787e-01 6.574394463667819766e-01 3.610149942329872741e-01 1.000000000000000000e+00
3.141868512110727041e-01 6.491349480968858776e-01 3.545559400230680613e-01 1.000000000000000000e+00
3.044982698961937739e-01 6.408304498269896676e-01 3.480968858131487931e-01 1.000000000000000000e+00
2.948096885813148993e-01 6.325259515570934576e-01 3.416378316032295248e-01 1.000000000000000000e+00
2.851211072664360247e-01 6.242214532871972477e-01 3.351787773933102565e-01 1.000000000000000000e+00
2.754325259515573721e-01 6.159169550173012597e-01 3.287197231833911548e-01 1.000000000000000000e+00
2.657439446366782199e-01 6.076124567474048277e-01 3.222606689734717200e-01 1.000000000000000000e+00
2.560553633217993452e-01 5.993079584775086177e-01 3.158016147635525073e-01 1.000000000000000000e+00
2.463667820069204151e-01 5.910034602076124077e-01 3.093425605536331835e-01 1.000000000000000000e+00
2.366782006920415404e-01 5.826989619377163088e-01 3.028835063437139707e-01 1.000000000000000000e+00
2.269896193771626658e-01 5.743944636678200988e-01 2.964244521337947025e-01 1.000000000000000000e+00
2.173010380622837356e-01 5.660899653979238888e-01 2.899653979238754342e-01 1.000000000000000000e+00
2.076124567474048610e-01 5.577854671280276788e-01 2.835063437139561660e-01 1.000000000000000000e+00
1.979238754325259586e-01 5.494809688581314688e-01 2.770472895040368977e-01 1.000000000000000000e+00
1.882352941176470840e-01 5.411764705882353699e-01 2.705882352941176849e-01 1.000000000000000000e+00
1.785467128027681816e-01 5.328719723183390489e-01 2.641291810841983612e-01 1.000000000000000000e+00
1.688581314878892792e-01 5.245674740484429499e-01 2.576701268742791484e-01 1.000000000000000000e+00
1.591695501730104045e-01 5.162629757785467399e-01 2.512110726643598801e-01 1.000000000000000000e+00
1.494809688581315021e-01 5.079584775086505299e-01 2.447520184544406119e-01 1.000000000000000000e+00
1.397923875432525997e-01 4.996539792387543200e-01 2.382929642445213436e-01 1.000000000000000000e+00
1.301038062283737251e-01 4.913494809688581100e-01 2.318339100346020754e-01 1.000000000000000000e+00
1.204152249134951003e-01 4.830449826989621775e-01 2.253748558246830014e-01 1.000000000000000000e+00
1.107266435986159481e-01 4.747404844290657455e-01 2.189158016147635666e-01 1.000000000000000000e+00
1.038062283737024166e-01 4.665897731641676094e-01 2.135332564398308430e-01 1.000000000000000000e+00
9.965397923875432551e-02 4.585928489042676026e-01 2.092272202998846642e-01 1.000000000000000000e+00
9.550173010380622052e-02 4.505959246443675403e-01 2.049211841599384853e-01 1.000000000000000000e+00
9.134948096885812940e-02 4.425990003844674781e-01 2.006151480199923065e-01 1.000000000000000000e+00
8.719723183391003829e-02 4.346020761245674713e-01 1.963091118800461554e-01 1.000000000000000000e+00
8.304498269896193330e-02 4.266051518646674090e-01 1.920030757400999766e-01 1.000000000000000000e+00
7.889273356401384218e-02 4.186082276047674022e-01 1.876970396001537977e-01 1.000000000000000000e+00
7.474048442906573719e-02 4.106113033448673399e-01 1.833910034602076189e-01 1.000000000000000000e+00
7.058823529411764608e-02 4.026143790849673332e-01 1.790849673202614400e-01 1.000000000000000000e+00
6.643598615916954109e-02 3.946174548250672709e-01 1.747789311803152612e-01 1.000000000000000000e+00
6.228373702422145691e-02 3.866205305651672086e-01 1.704728950403691101e-01 1.000000000000000000e+00
5.813148788927335192e-02 3.786236063052672018e-01 1.661668589004229313e-01 1.000000000000000000e+00
5.397923875432526081e-02 3.706266820453671951e-01 1.618608227604767524e-01 1.000000000000000000e+00
4.982698961937716275e-02 3.626297577854671328e-01 1.575547866205305736e-01 1.000000000000000000e+00
4.567474048442918266e-02 3.546328335255672926e-01 1.532487504805845058e-01 1.000000000000000000e+00
4.152249134948096665e-02 3.466359092656670637e-01 1.489427143406382159e-01 1.000000000000000000e+00
3.737024221453286166e-02 3.386389850057670015e-01 1.446366782006920371e-01 1.000000000000000000e+00
3.321799307958477054e-02 3.306420607458669947e-01 1.403306420607458582e-01 1.000000000000000000e+00
2.906574394463667943e-02 3.226451364859669324e-01 1.360246059207996794e-01 1.000000000000000000e+00
2.491349480968858832e-02 3.146482122260668701e-01 1.317185697808535283e-01 1.000000000000000000e+00
2.076124567474048332e-02 3.066512879661668078e-01 1.274125336409073217e-01 1.000000000000000000e+00
1.660899653979239221e-02 2.986543637062668566e-01 1.231064975009611706e-01 1.000000000000000000e+00
1.245674740484428722e-02 2.906574394463667943e-01 1.188004613610149918e-01 1.000000000000000000e+00
8.304498269896196105e-03 2.826605151864667320e-01 1.144944252210688268e-01 1.000000000000000000e+00
4.152249134948091114e-03 2.746635909265666697e-01 1.101883890811226480e-01 1.000000000000000000e+00
0.000000000000000000e+00 2.666666666666666630e-01 1.058823529411764691e-01 1.000000000000000000e+00
