0.000000000000000000e+00 2.666666666666666630e-01 1.058823529411764691e-01 1.000000000000000000e+00
4.152249134948097185e-03 2.746635909265667252e-01 1.101883890811226480e-01 1.000000000000000000e+00
8.304498269896194371e-03 2.826605151864667320e-01 1.144944252210688129e-01 1.000000000000000000e+00
1.245674740484429069e-02 2.906574394463667943e-01 1.188004613610149918e-01 1.000000000000000000e+00
1.660899653979238874e-02 2.986543637062668011e-01 1.231064975009611706e-01 1.000000000000000000e+00
2.076124567474048332e-02 3.066512879661668634e-01 1.274125336409073495e-01 1.000000000000000000e+00
2.491349480968858138e-02 3.146482122260668701e-01 1.317185697808535283e-01 1.000000000000000000e+00
2.906574394463667943e-02 3.226451364859669324e-01 1.360246059207997071e-01 1.000000000000000000e+00
3.321799307958477748e-02 3.306420607458669947e-01 1.403306420607458582e-01 1.000000000000000000e+00
3.737024221453287554e-02 3.386389850057670015e-01 1.446366782006920371e-01 1.000000000000000000e+00
4.152249134948096665e-02 3.466359092656670637e-01 1.489427143406382159e-01 1.000000000000000000e+00
4.567474048442906470e-02 3.546328335255670705e-01 1.532487504805843948e-01 1.000000000000000000e+00
4.982698961937716275e-02 3.626297577854671328e-01 1.575547866205305736e-01 1.000000000000000000e+00
5.397923875432525387e-02 3.706266820453671396e-01 1.618608227604767524e-01 1.000000000000000000e+00
5.813148788927335886e-02 3.786236063052672018e-01 1.661668589004229313e-01 1.000000000000000000e+00
6.228373702422145691e-02 3.866205305651672086e-01 1.704728950403691101e-01 1.000000000000000000e+00
6.643598615916955497e-02 3.946174548250672709e-01 1.747789311803152890e-01 1.000000000000000000e+00
7.058823529411764608e-02 4.026143790849673332e-01 1.790849673202614400e-01 1.000000000000000000e+00
7.474048442906575107e-02 4.106113033448673955e-01 1.833910034602076189e-01 1.000000000000000000e+00
7.889273356401384218e-02 4.186082276047674022e-01 1.876970396001537977e-01 1.000000000000000000e+00
8.304498269896193330e-02 4.266051518646674090e-01 1.920030757400999488e-01 1.000000000000000000e+00
8.719723183391002441e-02 4.346020761245674713e-01 1.963091118800461277e-01 1.000000000000000000e+00
9.134948096885812940e-02 4.425990003844675336e-01 2.006151480199923065e-01 1.000000000000000000e+00
9.550173010380623440e-02 4.505959246443675403e-01 2.049211841599384853e-01 1.000000000000000000e+00
9.965397923875432551e-02 4.585928489042675471e-01 2.092272202998846642e-01 1.000000000000000000e+00
1.038062283737024166e-01 4.665897731641676094e-01 2.135332564398308430e-01 1.000000000000000000e+00
1.107266435986159203e-01 4.747404844290657455e-01 2.189158016147635666e-01 1.000000000000000000e+00
1.204152249134948088e-01 4.830449826989619555e-01 2.253748558246828348e-01 1.000000000000000000e+00
1.301038062283736974e-01 4.913494809688581100e-01 2.318339100346020754e-01 1.000000000000000000e+00
1.397923875432525997e-01 4.996539792387543200e-01 2.382929642445213436e-01 1.000000000000000000e+00
1.494809688581315021e-01 5.079584775086505299e-01 2.447520184544406119e-01 1.000000000000000000e+00
1.591695501730103768e-01 5.162629757785467399e-01 2.512110726643598801e-01 1.000000000000000000e+00
1.688581314878892514e-01 5.245674740484429499e-01 2.576701268742791484e-01 1.000000000000000000e+00
1.785467128027680983e-01 5.328719723183390489e-01 2.641291810841983612e-01 1.000000000000000000e+00
1.882352941176470562e-01 5.411764705882352589e-01 2.705882352941176294e-01 1.000000000000000000e+00
1.979238754325259586e-01 5.494809688581314688e-01 2.770472895040368977e-01 1.000000000000000000e+00
2.076124567474048610e-01 5.577854671280276788e-01 2.835063437139561660e-01 1.000000000000000000e+00
2.173010380622836801e-01 5.660899653979237778e-01 2.899653979238753787e-01 1.000000000000000000e+00
2.269896193771626103e-01 5.743944636678200988e-01 2.964244521337947025e-01 1.000000000000000000e+00
2.366782006920415404e-01 5.826989619377163088e-01 3.028835063437139707e-01 1.000000000000000000e+00
2.463667820069204151e-01 5.910034602076124077e-01 3.093425605536331835e-01 1.000000000000000000e+00
2.560553633217992342e-01 5.993079584775086177e-01 3.158016147635523962e-01 1.000000000000000000e+00
2.657439446366782199e-01 6.076124567474048277e-01 3.222606689734717200e-01 1.000000000000000000e+00
2.754325259515570945e-01 6.159169550173010377e-01 3.287197231833909883e-01 1.000000000000000000e+00
2.851211072664359691e-01 6.242214532871972477e-01 3.351787773933102565e-01 1.000000000000000000e+00
2.948096885813148438e-01 6.325259515570933466e-01 3.416378316032294693e-01 1.000000000000000000e+00
3.044982698961937739e-01 6.408304498269896676e-01 3.480968858131487931e-01 1.000000000000000000e+00
3.141868512110726486e-01 6.491349480968857666e-01 3.545559400230680058e-01 1.000000000000000000e+00
3.238754325259515787e-01 6.574394463667819766e-01 3.610149942329873296e-01 1.000000000000000000e+00
3.335640138408303979e-01 6.657439446366781866e-01 3.674740484429065424e-01 1.000000000000000000e+00
3.432525951557093835e-01 6.740484429065743965e-01 3.739331026528258106e-01 1.000000000000000000e+00
3.529411764705882582e-01 6.823529411764706065e-01 3.803921568627450789e-01 1.000000000000000000e+00
3.646289888504421484e-01 6.892733564013840963e-01 3.900807381776239535e-01 1.000000000000000000e+00
3.763168012302959831e-01 6.961937716262975862e-01 3.997693194925027727e-01 1.000000000000000000e+00
3.880046136101499288e-01 7.031141868512110760e-01 4.094579008073817583e-01 1.000000000000000000e+00
3.996924259900038190e-01 7.100346020761245658e-01 4.191464821222606330e-01 1.000000000000000000e+00
4.113802383698577092e-01 7.169550173010380556e-01 4.288350634371395076e-01 1.000000000000000000e+00
4.230680507497115439e-01 7.238754325259514344e-01 4.385236447520183267e-01 1.000000000000000000e+00
4.347558631295655451e-01 7.307958477508650352e-01 4.482122260668973124e-01 1.000000000000000000e+00
4.464436755094194353e-01 7.377162629757785250e-01 4.579008073817761870e-01 1.000000000000000000e+00
4.581314878892733256e-01 7.446366782006920149e-01 4.675893886966550617e-01 1.000000000000000000e+00
4.698193002691271047e-01 7.515570934256053937e-01 4.772779700115338808e-01 1.000000000000000000e+00
4.815071126489811060e-01 7.584775086505189945e-01 4.869665513264128665e-01 1.000000000000000000e+00
4.931949250288349962e-01 7.653979238754324843e-01 4.966551326412917411e-01 1.000000000000000000e+00
5.048827374086889419e-01 7.723183391003459741e-01 5.063437139561706157e-01 1.000000000000000000e+00
5.165705497885427766e-01 7.792387543252594639e-01 5.160322952710495459e-01 1.000000000000000000e+00
5.282583621683965003e-01 7.861591695501728427e-01 5.257208765859282540e-01 1.000000000000000000e+00
5.399461745482505570e-01 7.930795847750864436e-01 5.354094579008072952e-01 1.000000000000000000e+00
5.516339869281045027e-01 7.999999999999999334e-01 5.450980392156861143e-01 1.000000000000000000e+00
5.633217993079583374e-01 8.069204152249134232e-01 5.547866205305650444e-01 1.000000000000000000e+00
5.750096116878122832e-01 8.138408304498269130e-01 5.644752018454439746e-01 1.000000000000000000e+00
5.866974240676661179e-01 8.207612456747404028e-01 5.741637831603227937e-01 1.000000000000000000e+00
5.983852364475200636e-01 8.276816608996538926e-01 5.838523644752017239e-01 1.000000000000000000e+00
6.100730488273740093e-01 8.346020761245673825e-01 5.935409457900806540e-01 1.000000000000000000e+00
6.217608612072276220e-01 8.415224913494807613e-01 6.032295271049593621e-01 1.000000000000000000e+00
6.334486735870816787e-01 8.484429065743943621e-01 6.129181084198384033e-01 1.000000000000000000e+00
6.451364859669356244e-01 8.553633217993077409e-01 6.226066897347172224e-01 1.000000000000000000e+00
6.549019607843136193e-01 8.604382929642444555e-01 6.313725490196077095e-01 1.000000000000000000e+00
6.627450980392155522e-01 8.636678200692040619e-01 6.392156862745096424e-01 1.000000000000000000e+00
6.705882352941175961e-01 8.668973471741636683e-01 6.470588235294116863e-01 1.000000000000000000e+00
6.784313725490195290e-01 8.701268742791232746e-01 6.549019607843136193e-01 1.000000000000000000e+00
6.862745098039214620e-01 8.733564013840829920e-01 6.627450980392155522e-01 1.000000000000000000e+00
6.941176470588232839e-01 8.765859284890425984e-01 6.705882352941174851e-01 1.000000000000000000e+00
7.019607843137254388e-01 8.798154555940022048e-01 6.784313725490195290e-01 1.000000000000000000e+00
7.098039215686273717e-01 8.830449826989618112e-01 6.862745098039214620e-01 1.000000000000000000e+00
7.176470588235293047e-01 8.862745098039215286e-01 6.941176470588233949e-01 1.000000000000000000e+00
7.254901960784313486e-01 8.895040369088811349e-01 7.019607843137254388e-01 1.000000000000000000e+00
7.333333333333332815e-01 8.927335640138407413e-01 7.098039215686273717e-01 1.000000000000000000e+00
7.411764705882352144e-01 8.959630911188003477e-01 7.176470588235293047e-01 1.000000000000000000e+00
7.490196078431371474e-01 8.991926182237600651e-01 7.254901960784312376e-01 1.000000000000000000e+00
7.568627450980390803e-01 9.024221453287196715e-01 7.333333333333331705e-01 1.000000000000000000e+00
7.647058823529411242e-01 9.056516724336792779e-01 7.411764705882352144e-01 1.000000000000000000e+00
7.725490196078430571e-01 9.088811995386388842e-01 7.490196078431371474e-01 1.000000000000000000e+00
7.803921568627449901e-01 9.121107266435986016e-01 7.568627450980391913e-01 1.000000000000000000e+00
7.882352941176470340e-01 9.153402537485582080e-01 7.647058823529411242e-01 1.000000000000000000e+00
7.960784313725489669e-01 9.185697808535178144e-01 7.725490196078430571e-01 1.000000000000000000e+00
8.039215686274508998e-01 9.217993079584774208e-01 7.803921568627449901e-01 1.000000000000000000e+00
8.117647058823529438e-01 9.250288350634371382e-01 7.882352941176470340e-01 1.000000000000000000e+00
8.196078431372547657e-01 9.282583621683967445e-01 7.960784313725488559e-01 1.000000000000000000e+00
8.274509803921568096e-01 9.314878892733563509e-01 8.039215686274508998e-01 1.000000000000000000e+00
8.352941176470587425e-01 9.347174163783160683e-01 8.117647058823529438e-01 1.000000000000000000e+00
8.431372549019607865e-01 9.379469434832756747e-01 8.196078431372548767e-01 1.000000000000000000e+00
8.509803921568627194e-01 9.411764705882352811e-01 8.274509803921568096e-01 1.000000000000000000e+00
8.555940023068050460e-01 9.422529796232218535e-01 8.329873125720875793e-01 1.000000000000000000e+00
8.602076124567473725e-01 9.433294886582083150e-01 8.385236447520184599e-01 1.000000000000000000e+00
8.648212226066896990e-01 9.444059976931948874e-01 8.440599769319492296e-01 1.000000000000000000e+00
8.694348327566320256e-01 9.454825067281814599e-01 8.495963091118798882e-01 1.000000000000000000e+00
8.740484429065743521e-01 9.465590157631680324e-01 8.551326412918107689e-01 1.000000000000000000e+00
8.786620530565166787e-01 9.476355247981544938e-01 8.606689734717416496e-01 1.000000000000000000e+00
8.832756632064590052e-01 9.487120338331410663e-01 8.662053056516724192e-01 1.000000000000000000e+00
8.878892733564013318e-01 9.497885428681276387e-01 8.717416378316031889e-01 1.000000000000000000e+00
8.925028835063436583e-01 9.508650519031142112e-01 8.772779700115339585e-01 1.000000000000000000e+00
8.971164936562859848e-01 9.519415609381006727e-01 8.828143021914648392e-01 1.000000000000000000e+00
9.017301038062283114e-01 9.530180699730872451e-01 8.883506343713956088e-01 1.000000000000000000e+00
9.063437139561706379e-01 9.540945790080738176e-01 8.938869665513262674e-01 1.000000000000000000e+00
9.109573241061130755e-01 9.551710880430603900e-01 8.994232987312571481e-01 1.000000000000000000e+00
9.155709342560554020e-01 9.562475970780468515e-01 9.049596309111880288e-01 1.000000000000000000e+00
9.201845444059977286e-01 9.573241061130334240e-01 9.104959630911187984e-01 1.000000000000000000e+00
9.247981545559400551e-01 9.584006151480199964e-01 9.160322952710495681e-01 1.000000000000000000e+00
9.294117647058823817e-01 9.594771241830065689e-01 9.215686274509803377e-01 1.000000000000000000e+00
9.340253748558247082e-01 9.605536332179930303e-01 9.271049596309112184e-01 1.000000000000000000e+00
9.386389850057670348e-01 9.616301422529796028e-01 9.326412918108419881e-01 1.000000000000000000e+00
9.432525951557092503e-01 9.627066512879661753e-01 9.381776239907726467e-01 1.000000000000000000e+00
9.478662053056516879e-01 9.637831603229527477e-01 9.437139561707035273e-01 1.000000000000000000e+00
9.524798154555940144e-01 9.648596693579392092e-01 9.492502883506344080e-01 1.000000000000000000e+00
9.570934256055363409e-01 9.659361783929257816e-01 9.547866205305651777e-01 1.000000000000000000e+00
9.617070357554786675e-01 9.670126874279123541e-01 9.603229527104959473e-01 1.000000000000000000e+00
9.673971549404075665e-01 9.659361783929257816e-01 9.674740484429066312e-01 1.000000000000000000e+00
9.649365628604382739e-01 9.605536332179931414e-01 9.651672433679354679e-01 1.000000000000000000e+00
9.624759707804690922e-01 9.551710880430603900e-01 9.628604382929643046e-01 1.000000000000000000e+00
9.600153787004997996e-01 9.497885428681276387e-01 9.605536332179931414e-01 1.000000000000000000e+00
9.575547866205306180e-01 9.444059976931951095e-01 9.582468281430219781e-01 1.000000000000000000e+00
9.550941945405613254e-01 9.390234525182622471e-01 9.559400230680508148e-01 1.000000000000000000e+00
9.526336024605921438e-01 9.336409073433294958e-01 9.536332179930796515e-01 1.000000000000000000e+00
9.501730103806228511e-01 9.282583621683968556e-01 9.513264129181084883e-01 1.000000000000000000e+00
9.477124183006536695e-01 9.228758169934641042e-01 9.490196078431373250e-01 1.000000000000000000e+00
9.452518262206843769e-01 9.174932718185313529e-01 9.467128027681661617e-01 1.000000000000000000e+00
9.427912341407151953e-01 9.121107266435987126e-01 9.444059976931949985e-01 1.000000000000000000e+00
9.403306420607459026e-01 9.067281814686659613e-01 9.420991926182238352e-01 1.000000000000000000e+00
9.378700499807766100e-01 9.013456362937333211e-01 9.397923875432526719e-01 1.000000000000000000e+00
9.354094579008074284e-01 8.959630911188005697e-01 9.374855824682815086e-01 1.000000000000000000e+00
9.329488658208381358e-01 8.905805459438678184e-01 9.351787773933103454e-01 1.000000000000000000e+00
9.304882737408689541e-01 8.851980007689351782e-01 9.328719723183391821e-01 1.000000000000000000e+00
9.280276816608996615e-01 8.798154555940024268e-01 9.305651672433680188e-01 1.000000000000000000e+00
9.255670895809304799e-01 8.744329104190697866e-01 9.282583621683968556e-01 1.000000000000000000e+00
9.231064975009611873e-01 8.690503652441370352e-01 9.259515570934256923e-01 1.000000000000000000e+00
9.206459054209920057e-01 8.636678200692042839e-01 9.236447520184545290e-01 1.000000000000000000e+00
9.181853133410228240e-01 8.582852748942717547e-01 9.213379469434833657e-01 1.000000000000000000e+00
9.157247212610535314e-01 8.529027297193388923e-01 9.190311418685122025e-01 1.000000000000000000e+00
9.132641291810842388e-01 8.475201845444061410e-01 9.167243367935410392e-01 1.000000000000000000e+00
9.108035371011150572e-01 8.421376393694735008e-01 9.144175317185698759e-01 1.000000000000000000e+00
9.083429450211457645e-01 8.367550941945407494e-01 9.121107266435987126e-01 1.000000000000000000e+00
9.058823529411765829e-01 8.313725490196079981e-01 9.098039215686275494e-01 1.000000000000000000e+00
9.001922337562477949e-01 8.241445597846984716e-01 9.059592464436756476e-01 1.000000000000000000e+00
8.945021145713188959e-01 8.169165705497888341e-01 9.021145713187236348e-01 1.000000000000000000e+00
8.888119953863899969e-01 8.096885813148790856e-01 8.982698961937717330e-01 1.000000000000000000e+00
8.831218762014610979e-01 8.024605920799694481e-01 8.944252210688198312e-01 1.000000000000000000e+00
8.774317570165323099e-01 7.952326028450598105e-01 8.905805459438678184e-01 1.000000000000000000e+00
8.717416378316034109e-01 7.880046136101501730e-01 8.867358708189159167e-01 1.000000000000000000e+00
8.660515186466745119e-01 7.807766243752405355e-01 8.828911956939640149e-01 1.000000000000000000e+00
8.603613994617456129e-01 7.735486351403308980e-01 8.790465205690120021e-01 1.000000000000000000e+00
8.546712802768167139e-01 7.663206459054212605e-01 8.752018454440601003e-01 1.000000000000000000e+00
8.489811610918879259e-01 7.590926566705116230e-01 8.713571703191080875e-01 1.000000000000000000e+00
8.432910419069591379e-01 7.518646674356022075e-01 8.675124951941562967e-01 1.000000000000000000e+00
8.376009227220301279e-01 7.446366782006923479e-01 8.636678200692042839e-01 1.000000000000000000e+00
8.319108035371012289e-01 7.374086889657825994e-01 8.598231449442522711e-01 1.000000000000000000e+00
8.262206843521723298e-01 7.301806997308729619e-01 8.559784698193003694e-01 1.000000000000000000e+00
8.205305651672435419e-01 7.229527104959633244e-01 8.521337946943484676e-01 1.000000000000000000e+00
8.148404459823146428e-01 7.157247212610536868e-01 8.482891195693964548e-01 1.000000000000000000e+00
8.091503267973857438e-01 7.084967320261440493e-01 8.444444444444445530e-01 1.000000000000000000e+00
8.034602076124568448e-01 7.012687427912344118e-01 8.405997693194926512e-01 1.000000000000000000e+00
7.977700884275280568e-01 6.940407535563246633e-01 8.367550941945406384e-01 1.000000000000000000e+00
7.920799692425991578e-01 6.868127643214150257e-01 8.329104190695887366e-01 1.000000000000000000e+00
7.863898500576702588e-01 6.795847750865053882e-01 8.290657439446368349e-01 1.000000000000000000e+00
7.806997308727413598e-01 6.723567858515957507e-01 8.252210688196848221e-01 1.000000000000000000e+00
7.750096116878124608e-01 6.651287966166861132e-01 8.213763936947329203e-01 1.000000000000000000e+00
7.693194925028836728e-01 6.579008073817764757e-01 8.175317185697810185e-01 1.000000000000000000e+00
7.636293733179547738e-01 6.506728181468668382e-01 8.136870434448290057e-01 1.000000000000000000e+00
7.576316801230297271e-01 6.429834678969629236e-01 8.089965397923877255e-01 1.000000000000000000e+00
7.513264129181087547e-01 6.348327566320650650e-01 8.034602076124570669e-01 1.000000000000000000e+00
7.450211457131873383e-01 6.266820453671667623e-01 7.979238754325260752e-01 1.000000000000000000e+00
7.387158785082661439e-01 6.185313341022685707e-01 7.923875432525953055e-01 1.000000000000000000e+00
7.324106113033449494e-01 6.103806228373704901e-01 7.868512110726644249e-01 1.000000000000000000e+00
7.261053440984237550e-01 6.022299115724722984e-01 7.813148788927336552e-01 1.000000000000000000e+00
7.198000768935025606e-01 5.940792003075742178e-01 7.757785467128028856e-01 1.000000000000000000e+00
7.134948096885813662e-01 5.859284890426760262e-01 7.702422145328721159e-01 1.000000000000000000e+00
7.071895424836601718e-01 5.777777777777779455e-01 7.647058823529412352e-01 1.000000000000000000e+00
7.008842752787389774e-01 5.696270665128798649e-01 7.591695501730104656e-01 1.000000000000000000e+00
6.945790080738178940e-01 5.614763552479816733e-01 7.536332179930796960e-01 1.000000000000000000e+00
6.882737408688965886e-01 5.533256439830835927e-01 7.480968858131488153e-01 1.000000000000000000e+00
6.819684736639755052e-01 5.451749327181854010e-01 7.425605536332180456e-01 1.000000000000000000e+00
6.756632064590543107e-01 5.370242214532873204e-01 7.370242214532872760e-01 1.000000000000000000e+00
6.693579392541331163e-01 5.288735101883892398e-01 7.314878892733563953e-01 1.000000000000000000e+00
6.630526720492119219e-01 5.207227989234910481e-01 7.259515570934256257e-01 1.000000000000000000e+00
6.567474048442907275e-01 5.125720876585929675e-01 7.204152249134948560e-01 1.000000000000000000e+00
6.504421376393696441e-01 5.044213763936949979e-01 7.148788927335641974e-01 1.000000000000000000e+00
6.441368704344483387e-01 4.962706651287966952e-01 7.093425605536332057e-01 1.000000000000000000e+00
6.378316032295271443e-01 4.881199538638985591e-01 7.038062283737024361e-01 1.000000000000000000e+00
6.315263360246059499e-01 4.799692425990004230e-01 6.982698961937716664e-01 1.000000000000000000e+00
6.252210688196847554e-01 4.718185313341023424e-01 6.927335640138407857e-01 1.000000000000000000e+00
6.189158016147635610e-01 4.636678200692041507e-01 6.871972318339100161e-01 1.000000000000000000e+00
6.126105344098423666e-01 4.555171088043060701e-01 6.816608996539792464e-01 1.000000000000000000e+00
6.063052672049211722e-01 4.473663975394079340e-01 6.761245674740483658e-01 1.000000000000000000e+00
5.999999999999999778e-01 4.392156862745097978e-01 6.705882352941175961e-01 1.000000000000000000e+00
5.946174548250672265e-01 4.284505959246443507e-01 6.644367550941945311e-01 1.000000000000000000e+00
5.892349096501345862e-01 4.176855055747789036e-01 6.582852748942713550e-01 1.000000000000000000e+00
5.838523644752018349e-01 4.069204152249135120e-01 6.521337946943482899e-01 1.000000000000000000e+00
5.784698193002690836e-01 3.961553248750480649e-01 6.459823144944252249e-01 1.000000000000000000e+00
5.730872741253364433e-01 3.853902345251826178e-01 6.398308342945020488e-01 1.000000000000000000e+00
5.677047289504036920e-01 3.746251441753171707e-01 6.336793540945789838e-01 1.000000000000000000e+00
5.623221837754709407e-01 3.638600538254517236e-01 6.275278738946558077e-01 1.000000000000000000e+00
5.569396386005384114e-01 3.530949634755866096e-01 6.213763936947329647e-01 1.000000000000000000e+00
5.515570934256055491e-01 3.423298731257208294e-01 6.152249134948096776e-01 1.000000000000000000e+00
5.461745482506727978e-01 3.315647827758554378e-01 6.090734332948865015e-01 1.000000000000000000e+00
5.407920030757400465e-01 3.207996924259899907e-01 6.029219530949634365e-01 1.000000000000000000e+00
5.354094579008074062e-01 3.100346020761245436e-01 5.967704728950402604e-01 1.000000000000000000e+00
5.300269127258746549e-01 2.992695117262591520e-01 5.906189926951171953e-01 1.000000000000000000e+00
5.246443675509419036e-01 2.885044213763936494e-01 5.844675124951941303e-01 1.000000000000000000e+00
5.192618223760092633e-01 2.777393310265282578e-01 5.783160322952709542e-01 1.000000000000000000e+00
5.138792772010765120e-01 2.669742406766628107e-01 5.721645520953478892e-01 1.000000000000000000e+00
5.084967320261437607e-01 2.562091503267973636e-01 5.660130718954248241e-01 1.000000000000000000e+00
5.031141868512111204e-01 2.454440599769319165e-01 5.598615916955016480e-01 1.000000000000000000e+00
4.977316416762783691e-01 2.346789696270664971e-01 5.537101114955785830e-01 1.000000000000000000e+00
4.923490965013456178e-01 2.239138792772010500e-01 5.475586312956555179e-01 1.000000000000000000e+00
4.869665513264129220e-01 2.131487889273356306e-01 5.414071510957323419e-01 1.000000000000000000e+00
4.815840061514802262e-01 2.023836985774701558e-01 5.352556708958092768e-01 1.000000000000000000e+00
4.762014609765474749e-01 1.916186082276047364e-01 5.291041906958862118e-01 1.000000000000000000e+00
4.708189158016149456e-01 1.808535178777396224e-01 5.229527104959632577e-01 1.000000000000000000e+00
4.654363706266820833e-01 1.700884275278738977e-01 5.168012302960399706e-01 1.000000000000000000e+00
4.585928489042676026e-01 1.614763552479815401e-01 5.094194540561322038e-01 1.000000000000000000e+00
4.502883506343713926e-01 1.550173010380622718e-01 5.008073817762398461e-01 1.000000000000000000e+00
4.419838523644752382e-01 1.485582468281430313e-01 4.921953094963474884e-01 1.000000000000000000e+00
4.336793540945790282e-01 1.420991926182237630e-01 4.835832372164551862e-01 1.000000000000000000e+00
4.253748558246828182e-01 1.356401384083044948e-01 4.749711649365628285e-01 1.000000000000000000e+00
4.170703575547866082e-01 1.291810841983852265e-01 4.663590926566704709e-01 1.000000000000000000e+00
4.087658592848904537e-01 1.227220299884659860e-01 4.577470203767781132e-01 1.000000000000000000e+00
4.004613610149942438e-01 1.162629757785467177e-01 4.491349480968858110e-01 1.000000000000000000e+00
3.921568627450980893e-01 1.098039215686274495e-01 4.405228758169934533e-01 1.000000000000000000e+00
3.838523644752018793e-01 1.033448673587081812e-01 4.319108035371010956e-01 1.000000000000000000e+00
3.755478662053056693e-01 9.688581314878892681e-02 4.232987312572087379e-01 1.000000000000000000e+00
3.672433679354094593e-01 9.042675893886965854e-02 4.146866589773163803e-01 1.000000000000000000e+00
3.589388696655132494e-01 8.396770472895040416e-02 4.060745866974240226e-01 1.000000000000000000e+00
3.506343713956170949e-01 7.750865051903113589e-02 3.974625144175316649e-01 1.000000000000000000e+00
3.423298731257211069e-01 7.104959630911206192e-02 3.888504421376395848e-01 1.000000000000000000e+00
3.340253748558247304e-01 6.459054209919262712e-02 3.802383698577470050e-01 1.000000000000000000e+00
3.257208765859285204e-01 5.813148788927334498e-02 3.716262975778546473e-01 1.000000000000000000e+00
3.174163783160323105e-01 5.167243367935409060e-02 3.630142252979623452e-01 1.000000000000000000e+00
3.091118800461361005e-01 4.521337946943483621e-02 3.544021530180699875e-01 1.000000000000000000e+00
3.008073817762398905e-01 3.875432525951558183e-02 3.457900807381776298e-01 1.000000000000000000e+00
2.925028835063436805e-01 3.229527104959631356e-02 3.371780084582852721e-01 1.000000000000000000e+00
2.841983852364475260e-01 2.583621683967704530e-02 3.285659361783929144e-01 1.000000000000000000e+00
2.758938869665513716e-01 1.937716262975777703e-02 3.199538638985005568e-01 1.000000000000000000e+00
2.675893886966551616e-01 1.291810841983853653e-02 3.113417916186082546e-01 1.000000000000000000e+00
2.592848904267589516e-01 6.459054209919268263e-03 3.027297193387158414e-01 1.000000000000000000e+00
2.509803921568627416e-01 0.000000000000000000e+00 2.941176470588235392e-01 1.000000000000000000e+00
