1.000000000000000000e+00 0.000000000000000000e+00 -0.000000000000000000e+00 1.000000000000000000e+00
1.000000000000000000e+00 0.000000000000000000e+00 0.000000000000000000e+00 1.000000000000000000e+00
1.000000000000000000e+00 1.296454183688628969e-01 0.000000000000000000e+00 1.000000000000000000e+00
1.000000000000000000e+00 3.202982932722162057e-01 0.000000000000000000e+00 1.000000000000000000e+00
1.000000000000000000e+00 5.115908430661976203e-01 0.000000000000000000e+00 1.000000000000000000e+00
1.000000000000000000e+00 6.909103343111338003e-01 0.000000000000000000e+00 1.000000000000000000e+00
1.000000000000000000e+00 8.464334683681282723e-01 0.000000000000000000e+00 1.000000000000000000e+00
1.000000000000000000e+00 9.679059418904174539e-01 0.000000000000000000e+00 1.000000000000000000e+00
8.889842188839807147e-01 1.000000000000000000e+00 0.000000000000000000e+00 1.000000000000000000e+00
6.990986266378024228e-01 1.000000000000000000e+00 0.000000000000000000e+00 1.000000000000000000e+00
5.072944378668851062e-01 1.000000000000000000e+00 0.000000000000000000e+00 1.000000000000000000e+00
3.262181205501742953e-01 9.965688406773491881e-01 0.000000000000000000e+00 1.000000000000000000e+00
1.678088083602194969e-01 8.870493757643187482e-01 0.000000000000000000e+00 1.000000000000000000e+00
4.251110267415636468e-02 7.408012703641468910e-01 2.247245592882939069e-01 1.000000000000000000e+00
0.000000000000000000e+00 5.674672856374551877e-01 4.915249414009268403e-01 1.000000000000000000e+00
0.000000000000000000e+00 3.784760702574334612e-01 7.259169883665945733e-01 1.000000000000000000e+00
0.000000000000000000e+00 1.862886208734301774e-01 9.124462331297782391e-01 1.000000000000000000e+00
0.000000000000000000e+00 3.576675470754520081e-03 1.000000000000000000e+00 1.000000000000000000e+00
1.001458356359564705e-01 0.000000000000000000e+00 1.000000000000000000e+00 1.000000000000000000e+00
2.431036646200416818e-01 0.000000000000000000e+00 1.000000000000000000e+00 1.000000000000000000e+00
4.142085891931588382e-01 0.000000000000000000e+00 9.964607646437041444e-01 1.000000000000000000e+00
6.021789321222920099e-01 0.000000000000000000e+00 8.449672790322315663e-01 1.000000000000000000e+00
7.946210072315690320e-01 0.000000000000000000e+00 6.377614979489414360e-01 1.000000000000000000e+00
9.788462879759423085e-01 0.000000000000000000e+00 3.885053820231295085e-01 1.000000000000000000e+00
1.000000000000000000e+00 0.000000000000000000e+00 1.136334497541651167e-01 1.000000000000000000e+00
1.000000000000000000e+00 0.000000000000000000e+00 0.000000000000000000e+00 1.000000000000000000e+00
1.000000000000000000e+00 5.605567030981245535e-02 0.000000000000000000e+00 1.000000000000000000e+00
1.000000000000000000e+00 2.428793284935916452e-01 0.000000000000000000e+00 1.000000000000000000e+00
1.000000000000000000e+00 4.354472240142611694e-01 0.000000000000000000e+00 1.000000000000000000e+00
1.000000000000000000e+00 6.210625344505782408e-01 0.000000000000000000e+00 1.000000000000000000e+00
1.000000000000000000e+00 7.874868509602921396e-01 0.000000000000000000e+00 1.000000000000000000e+00
1.000000000000000000e+00 9.237471087571491601e-01 0.000000000000000000e+00 1.000000000000000000e+00
9.619138921773215944e-01 1.000000000000000000e+00 0.000000000000000000e+00 1.000000000000000000e+00
7.763619635344248815e-01 1.000000000000000000e+00 0.000000000000000000e+00 1.000000000000000000e+00
5.837971371303504187e-01 1.000000000000000000e+00 0.000000000000000000e+00 1.000000000000000000e+00
3.969160330264010494e-01 1.000000000000000000e+00 0.000000000000000000e+00 1.000000000000000000e+00
2.280405192384153956e-01 9.359470417164774680e-01 0.000000000000000000e+00 1.000000000000000000e+00
8.830527844059932185e-02 8.034250214235949539e-01 1.122854174391571674e-01 1.000000000000000000e+00
0.000000000000000000e+00 6.396880708821561790e-01 3.872372292376118352e-01 1.000000000000000000e+00
0.000000000000000000e+00 4.555320653817565568e-01 6.366568394132025022e-01 1.000000000000000000e+00
0.000000000000000000e+00 2.630991955680465066e-01 8.440989495935659059e-01 1.000000000000000000e+00
0.000000000000000000e+00 7.507738104169181526e-02 9.958860169643806159e-01 1.000000000000000000e+00
5.282267111584160180e-02 0.000000000000000000e+00 1.000000000000000000e+00 1.000000000000000000e+00
1.816855231978843355e-01 0.000000000000000000e+00 1.000000000000000000e+00 1.000000000000000000e+00
3.427450308071366969e-01 0.000000000000000000e+00 1.000000000000000000e+00 1.000000000000000000e+00
5.253818538825851814e-01 0.000000000000000000e+00 9.132024338971070909e-01 1.000000000000000000e+00
7.175539679533370352e-01 0.000000000000000000e+00 7.269346398002810572e-01 1.000000000000000000e+00
9.065906461566679564e-01 0.000000000000000000e+00 4.927369454028944773e-01 1.000000000000000000e+00
1.000000000000000000e+00 0.000000000000000000e+00 2.260510032669592884e-01 1.000000000000000000e+00
1.000000000000000000e+00 0.000000000000000000e+00 0.000000000000000000e+00 1.000000000000000000e+00
1.000000000000000000e+00 0.000000000000000000e+00 0.000000000000000000e+00 1.000000000000000000e+00
1.000000000000000000e+00 1.663925689525923568e-01 0.000000000000000000e+00 1.000000000000000000e+00
1.000000000000000000e+00 3.581753026568031961e-01 0.000000000000000000e+00 1.000000000000000000e+00
1.000000000000000000e+00 5.481003185232031782e-01 0.000000000000000000e+00 1.000000000000000000e+00
1.000000000000000000e+00 7.236450504548501694e-01 0.000000000000000000e+00 1.000000000000000000e+00
1.000000000000000000e+00 8.732350857891579832e-01 0.000000000000000000e+00 1.000000000000000000e+00
1.000000000000000000e+00 9.870073156756549171e-01 0.000000000000000000e+00 1.000000000000000000e+00
8.524872102651132044e-01 1.000000000000000000e+00 0.000000000000000000e+00 1.000000000000000000e+00
6.612222209309885912e-01 1.000000000000000000e+00 0.000000000000000000e+00 1.000000000000000000e+00
4.705359879975105630e-01 1.000000000000000000e+00 0.000000000000000000e+00 1.000000000000000000e+00
2.930012678485353073e-01 9.783609765834069272e-01 0.000000000000000000e+00 1.000000000000000000e+00
1.403236815547060923e-01 8.609830483906624199e-01 0.000000000000000000e+00 1.000000000000000000e+00
2.256991336593572317e-02 7.085951438159342475e-01 2.788060162603420711e-01 1.000000000000000000e+00
0.000000000000000000e+00 5.312448471582544851e-01 5.405843595857534600e-01 1.000000000000000000e+00
0.000000000000000000e+00 3.406256196611418541e-01 7.667196711440932289e-01 1.000000000000000000e+00
0.000000000000000000e+00 1.493057997543344451e-01 9.423018856502466400e-01 1.000000000000000000e+00
1.210340356508754489e-02 0.000000000000000000e+00 1.000000000000000000e+00 1.000000000000000000e+00
1.254924254423154251e-01 0.000000000000000000e+00 1.000000000000000000e+00 1.000000000000000000e+00
2.747831533774907631e-01 0.000000000000000000e+00 1.000000000000000000e+00 1.000000000000000000e+00
4.501322131331494392e-01 0.000000000000000000e+00 9.716661754203260726e-01 1.000000000000000000e+00
6.399780935475822830e-01 0.000000000000000000e+00 8.083294637516733605e-01 1.000000000000000000e+00
8.318034462616026303e-01 0.000000000000000000e+00 5.916961439886985197e-01 1.000000000000000000e+00
1.000000000000000000e+00 0.000000000000000000e+00 3.360497745829155725e-01 1.000000000000000000e+00
1.000000000000000000e+00 0.000000000000000000e+00 5.824621069234289794e-02 1.000000000000000000e+00
1.000000000000000000e+00 0.000000000000000000e+00 0.000000000000000000e+00 1.000000000000000000e+00
1.000000000000000000e+00 9.165643531357109408e-02 0.000000000000000000e+00 1.000000000000000000e+00
1.000000000000000000e+00 2.806019010162608129e-01 0.000000000000000000e+00 1.000000000000000000e+00
1.000000000000000000e+00 4.728043940081942953e-01 0.000000000000000000e+00 1.000000000000000000e+00
1.000000000000000000e+00 6.555911844148507583e-01 0.000000000000000000e+00 1.000000000000000000e+00
1.000000000000000000e+00 8.169103597797572336e-01 0.000000000000000000e+00 1.000000000000000000e+00
1.000000000000000000e+00 9.461254590396013242e-01 0.000000000000000000e+00 1.000000000000000000e+00
9.266598144108980639e-01 1.000000000000000000e+00 0.000000000000000000e+00 1.000000000000000000e+00
7.387412283835125271e-01 1.000000000000000000e+00 0.000000000000000000e+00 1.000000000000000000e+00
5.462902400704617856e-01 1.000000000000000000e+00 0.000000000000000000e+00 1.000000000000000000e+00
3.619959637023281163e-01 1.000000000000000000e+00 0.000000000000000000e+00 1.000000000000000000e+00
1.980097067126243005e-01 9.128594710927293576e-01 0.000000000000000000e+00 1.000000000000000000e+00
6.514378222806993524e-02 7.734511876437297762e-01 1.673915339378598266e-01 1.000000000000000000e+00
0.000000000000000000e+00 6.048042766094963163e-01 4.387275399148352628e-01 1.000000000000000000e+00
0.000000000000000000e+00 4.180383479099588073e-01 6.811363685419926650e-01 1.000000000000000000e+00
0.000000000000000000e+00 2.254676755554597956e-01 8.786349721669768353e-01 1.000000000000000000e+00
0.000000000000000000e+00 3.978926505574459371e-02 1.000000000000000000e+00 1.000000000000000000e+00
7.512564656323161838e-02 0.000000000000000000e+00 1.000000000000000000e+00 1.000000000000000000e+00
2.110501599549265972e-01 0.000000000000000000e+00 1.000000000000000000e+00 1.000000000000000000e+00
3.772351931677171977e-01 0.000000000000000000e+00 1.000000000000000000e+00 1.000000000000000000e+00
5.627234583833783388e-01 0.000000000000000000e+00 8.810750320579097128e-01 1.000000000000000000e+00
7.552849233927440009e-01 0.000000000000000000e+00 6.843240983936212940e-01 1.000000000000000000e+00
9.422231897656017097e-01 0.000000000000000000e+00 4.424527591062287213e-01 1.000000000000000000e+00
1.000000000000000000e+00 0.000000000000000000e+00 1.714086228841645854e-01 1.000000000000000000e+00
1.000000000000000000e+00 0.000000000000000000e+00 0.000000000000000000e+00 1.000000000000000000e+00
1.000000000000000000e+00 1.947061626135881962e-02 0.000000000000000000e+00 1.000000000000000000e+00
1.000000000000000000e+00 2.035570670027229967e-01 0.000000000000000000e+00 1.000000000000000000e+00
1.000000000000000000e+00 3.959804394430381791e-01 0.000000000000000000e+00 1.000000000000000000e+00
1.000000000000000000e+00 5.840534401839676537e-01 0.000000000000000000e+00 1.000000000000000000e+00
1.000000000000000000e+00 7.553756143823904257e-01 0.000000000000000000e+00 1.000000000000000000e+00
1.000000000000000000e+00 8.986509606111903192e-01 0.000000000000000000e+00 1.000000000000000000e+00
9.980861171434205481e-01 1.000000000000000000e+00 0.000000000000000000e+00 1.000000000000000000e+00
8.155246936044228123e-01 1.000000000000000000e+00 0.000000000000000000e+00 1.000000000000000000e+00
6.233682065289654073e-01 1.000000000000000000e+00 0.000000000000000000e+00 1.000000000000000000e+00
4.342863524253539054e-01 1.000000000000000000e+00 0.000000000000000000e+00 1.000000000000000000e+00
2.607461041404445234e-01 9.584992034392540994e-01 0.000000000000000000e+00 1.000000000000000000e+00
1.141897101832772821e-01 8.335622322353530844e-01 5.418593520209717684e-02 1.000000000000000000e+00
4.280258493525312957e-03 6.754232559752646470e-01 3.321762648003621088e-01 1.000000000000000000e+00
0.000000000000000000e+00 4.945090516356058230e-01 5.882647969296433965e-01 1.000000000000000000e+00
0.000000000000000000e+00 3.027480640891441199e-01 8.055665227582695653e-01 1.000000000000000000e+00
0.000000000000000000e+00 1.127839128738797880e-01 9.697538129728774381e-01 1.000000000000000000e+00
3.112411921876656606e-02 0.000000000000000000e+00 1.000000000000000000e+00 1.000000000000000000e+00
1.522280038491509169e-01 0.000000000000000000e+00 1.000000000000000000e+00 1.000000000000000000e+00
3.074708038581653868e-01 0.000000000000000000e+00 1.000000000000000000e+00 1.000000000000000000e+00
4.866166995181112065e-01 0.000000000000000000e+00 9.443929554042934660e-01 1.000000000000000000e+00
6.778538380871803604e-01 0.000000000000000000e+00 7.696296745647068782e-01 1.000000000000000000e+00
8.685731396240276014e-01 0.000000000000000000e+00 5.441214277397599108e-01 1.000000000000000000e+00
1.000000000000000000e+00 0.000000000000000000e+00 2.827369351630226180e-01 1.000000000000000000e+00
1.000000000000000000e+00 0.000000000000000000e+00 2.710390919338755752e-03 1.000000000000000000e+00
1.000000000000000000e+00 0.000000000000000000e+00 0.000000000000000000e+00 1.000000000000000000e+00
1.000000000000000000e+00 1.278651927674213373e-01 0.000000000000000000e+00 1.000000000000000000e+00
1.000000000000000000e+00 3.184504835332423456e-01 0.000000000000000000e+00 1.000000000000000000e+00
1.000000000000000000e+00 5.097972831644593805e-01 0.000000000000000000e+00 1.000000000000000000e+00
1.000000000000000000e+00 8.450918051812084109e-01 0.000000000000000000e+00 1.000000000000000000e+00
1.000000000000000000e+00 9.669321301038782401e-01 0.000000000000000000e+00 1.000000000000000000e+00
8.907510211307247960e-01 1.000000000000000000e+00 0.000000000000000000e+00 1.000000000000000000e+00
7.009451406992869282e-01 1.000000000000000000e+00 0.000000000000000000e+00 1.000000000000000000e+00
5.090989151978886351e-01 1.000000000000000000e+00 0.000000000000000000e+00 1.000000000000000000e+00
3.278615842663417101e-01 9.974138929324614100e-01 0.000000000000000000e+00 1.000000000000000000e+00
1.691828978913610948e-01 8.882850797177961333e-01 0.000000000000000000e+00 1.000000000000000000e+00
4.352521843865098106e-02 7.423461507855515507e-01 2.220706500727063493e-01 1.000000000000000000e+00
0.000000000000000000e+00 5.692194819735543199e-01 4.890986971034151920e-01 1.000000000000000000e+00
0.000000000000000000e+00 3.803200527327915137e-01 7.238783816186963316e-01 1.000000000000000000e+00
0.000000000000000000e+00 1.881028078610777199e-01 9.109296779665785326e-01 1.000000000000000000e+00
0.000000000000000000e+00 5.241449887284477249e-03 1.000000000000000000e+00 1.000000000000000000e+00
9.894609161848066936e-02 0.000000000000000000e+00 1.000000000000000000e+00 1.000000000000000000e+00
2.415855354230542207e-01 0.000000000000000000e+00 1.000000000000000000e+00 1.000000000000000000e+00
4.124721715476045159e-01 0.000000000000000000e+00 9.976057217978873126e-01 1.000000000000000000e+00
6.003387154472674681e-01 0.000000000000000000e+00 8.467000890771818611e-01 1.000000000000000000e+00
7.927983248587608944e-01 0.000000000000000000e+00 6.399679093300441046e-01 1.000000000000000000e+00
9.771613171257287345e-01 0.000000000000000000e+00 3.910399166303530905e-01 1.000000000000000000e+00
1.000000000000000000e+00 0.000000000000000000e+00 1.163289949141246560e-01 1.000000000000000000e+00
1.000000000000000000e+00 0.000000000000000000e+00 0.000000000000000000e+00 1.000000000000000000e+00
1.000000000000000000e+00 5.433619357371594072e-02 0.000000000000000000e+00 1.000000000000000000e+00
1.000000000000000000e+00 2.410441093125702816e-01 0.000000000000000000e+00 1.000000000000000000e+00
1.000000000000000000e+00 4.336172662139092804e-01 0.000000000000000000e+00 1.000000000000000000e+00
1.000000000000000000e+00 6.193584949512336291e-01 0.000000000000000000e+00 1.000000000000000000e+00
1.000000000000000000e+00 7.860210843518169455e-01 0.000000000000000000e+00 1.000000000000000000e+00
1.000000000000000000e+00 9.226162592817654939e-01 0.000000000000000000e+00 1.000000000000000000e+00
9.636152771239248072e-01 1.000000000000000000e+00 0.000000000000000000e+00 1.000000000000000000e+00
7.781909568726977922e-01 1.000000000000000000e+00 0.000000000000000000e+00 1.000000000000000000e+00
5.856331455310436196e-01 1.000000000000000000e+00 0.000000000000000000e+00 1.000000000000000000e+00
3.986380006273018139e-01 1.000000000000000000e+00 0.000000000000000000e+00 1.000000000000000000e+00
2.295349093734836421e-01 9.370341867962395099e-01 0.000000000000000000e+00 1.000000000000000000e+00
8.947355959646030588e-02 8.048568752712679242e-01 1.095888435694252760e-01 1.000000000000000000e+00
0.000000000000000000e+00 6.413702252684365668e-01 3.846991623268828375e-01 1.000000000000000000e+00
0.000000000000000000e+00 4.573536086956037083e-01 6.344446250346919003e-01 1.000000000000000000e+00
0.000000000000000000e+00 2.649400256920919627e-01 8.423584484736740263e-01 1.000000000000000000e+00
0.000000000000000000e+00 7.681612419693695237e-02 9.947319877630776963e-01 1.000000000000000000e+00
5.177454831811079128e-02 0.000000000000000000e+00 1.000000000000000000e+00 1.000000000000000000e+00
1.802843708618901419e-01 0.000000000000000000e+00 1.000000000000000000e+00 1.000000000000000000e+00
3.410832328806119307e-01 0.000000000000000000e+00 1.000000000000000000e+00 1.000000000000000000e+00
5.235689797883886776e-01 0.000000000000000000e+00 9.147106760643515244e-01 1.000000000000000000e+00
7.157095482102157069e-01 0.000000000000000000e+00 7.289666310640960933e-01 1.000000000000000000e+00
9.048362912225103027e-01 0.000000000000000000e+00 4.951587079152621196e-01 1.000000000000000000e+00
1.000000000000000000e+00 0.000000000000000000e+00 2.287028598995460293e-01 1.000000000000000000e+00
1.000000000000000000e+00 0.000000000000000000e+00 0.000000000000000000e+00 1.000000000000000000e+00
1.000000000000000000e+00 0.000000000000000000e+00 0.000000000000000000e+00 1.000000000000000000e+00
1.000000000000000000e+00 1.645895774707808734e-01 0.000000000000000000e+00 1.000000000000000000e+00
1.000000000000000000e+00 3.563285278014728941e-01 0.000000000000000000e+00 1.000000000000000000e+00
1.000000000000000000e+00 5.463315260348320379e-01 0.000000000000000000e+00 1.000000000000000000e+00
1.000000000000000000e+00 7.220708643639575097e-01 0.000000000000000000e+00 1.000000000000000000e+00
1.000000000000000000e+00 8.719592988967217462e-01 0.000000000000000000e+00 1.000000000000000000e+00
1.000000000000000000e+00 9.861140460511834682e-01 0.000000000000000000e+00 1.000000000000000000e+00
8.542791123564346112e-01 1.000000000000000000e+00 0.000000000000000000e+00 1.000000000000000000e+00
6.630701148153402835e-01 1.000000000000000000e+00 0.000000000000000000e+00 1.000000000000000000e+00
4.723180341520586412e-01 1.000000000000000000e+00 0.000000000000000000e+00 1.000000000000000000e+00
2.945999683720378348e-01 9.792879301617471999e-01 0.000000000000000000e+00 1.000000000000000000e+00
1.416336273051210792e-01 8.622865545974811585e-01 0.000000000000000000e+00 1.000000000000000000e+00
2.350473403460129340e-02 7.101892569291321511e-01 2.761832844617286842e-01 1.000000000000000000e+00
0.000000000000000000e+00 5.330244605033187533e-01 5.382222086273051875e-01 1.000000000000000000e+00
0.000000000000000000e+00 3.424733957423271025e-01 7.647738477102271615e-01 1.000000000000000000e+00
0.000000000000000000e+00 1.510999068160714387e-01 9.409006861765502050e-01 1.000000000000000000e+00
1.121811707010544890e-02 0.000000000000000000e+00 1.000000000000000000e+00 1.000000000000000000e+00
1.242232425233157356e-01 0.000000000000000000e+00 1.000000000000000000e+00 1.000000000000000000e+00
2.732137566758569003e-01 0.000000000000000000e+00 1.000000000000000000e+00 1.000000000000000000e+00
4.483660796650023039e-01 0.000000000000000000e+00 9.729337112754018468e-01 1.000000000000000000e+00
6.381316720228955575e-01 0.000000000000000000e+00 8.101652922639136500e-01 1.000000000000000000e+00
8.299984791242702720e-01 0.000000000000000000e+00 5.939792211566936597e-01 1.000000000000000000e+00
1.000000000000000000e+00 0.000000000000000000e+00 3.386295673944123008e-01 1.000000000000000000e+00
1.000000000000000000e+00 0.000000000000000000e+00 6.095262240757771260e-02 1.000000000000000000e+00
1.000000000000000000e+00 0.000000000000000000e+00 0.000000000000000000e+00 1.000000000000000000e+00
1.000000000000000000e+00 8.990496383064242036e-02 0.000000000000000000e+00 1.000000000000000000e+00
1.000000000000000000e+00 2.787580698947810243e-01 0.000000000000000000e+00 1.000000000000000000e+00
1.000000000000000000e+00 4.709897748957184715e-01 0.000000000000000000e+00 1.000000000000000000e+00
1.000000000000000000e+00 6.539254228866240304e-01 0.000000000000000000e+00 1.000000000000000000e+00
1.000000000000000000e+00 8.155032865958014021e-01 0.000000000000000000e+00 1.000000000000000000e+00
1.000000000000000000e+00 9.450698485343977939e-01 0.000000000000000000e+00 1.000000000000000000e+00
9.283954516138518409e-01 1.000000000000000000e+00 0.000000000000000000e+00 1.000000000000000000e+00
7.405812349888882817e-01 1.000000000000000000e+00 0.000000000000000000e+00 1.000000000000000000e+00
5.481132965973606330e-01 1.000000000000000000e+00 0.000000000000000000e+00 1.000000000000000000e+00
3.636818682607916298e-01 1.000000000000000000e+00 0.000000000000000000e+00 1.000000000000000000e+00
1.994473004267683924e-01 9.140206819320229048e-01 0.000000000000000000e+00 1.000000000000000000e+00
6.623827841472096356e-02 7.749402022164113557e-01 1.647122009046503577e-01 1.000000000000000000e+00
0.000000000000000000e+00 6.065229178359352602e-01 4.362407277727284316e-01 1.000000000000000000e+00
0.000000000000000000e+00 4.198732984461633899e-01 6.790060434187688010e-01 1.000000000000000000e+00
0.000000000000000000e+00 2.272979492887370889e-01 8.770015954812745429e-01 1.000000000000000000e+00
0.000000000000000000e+00 4.149418423495682129e-02 1.000000000000000000e+00 1.000000000000000000e+00
7.400201352317681280e-02 0.000000000000000000e+00 1.000000000000000000e+00 1.000000000000000000e+00
2.095899572760325236e-01 0.000000000000000000e+00 1.000000000000000000e+00 1.000000000000000000e+00
3.755346982386071897e-01 0.000000000000000000e+00 1.000000000000000000e+00 1.000000000000000000e+00
5.608947920852815905e-01 0.000000000000000000e+00 8.826950541573691522e-01 1.000000000000000000e+00
7.534486574917501622e-01 0.000000000000000000e+00 6.864440609232814738e-01 1.000000000000000000e+00
9.405003971020153841e-01 0.000000000000000000e+00 4.449328838974371259e-01 1.000000000000000000e+00
1.000000000000000000e+00 0.000000000000000000e+00 1.740853847346897909e-01 1.000000000000000000e+00
1.000000000000000000e+00 0.000000000000000000e+00 0.000000000000000000e+00 1.000000000000000000e+00
1.000000000000000000e+00 1.778940580469889898e-02 0.000000000000000000e+00 1.000000000000000000e+00
1.000000000000000000e+00 2.017359089055154875e-01 0.000000000000000000e+00 1.000000000000000000e+00
1.000000000000000000e+00 3.941394104236723983e-01 0.000000000000000000e+00 1.000000000000000000e+00
1.000000000000000000e+00 5.823139271354538238e-01 0.000000000000000000e+00 1.000000000000000000e+00
1.000000000000000000e+00 7.538523108169379316e-01 0.000000000000000000e+00 1.000000000000000000e+00
1.000000000000000000e+00 8.974443044279249992e-01 0.000000000000000000e+00 1.000000000000000000e+00
9.997469178599929229e-01 1.000000000000000000e+00 0.000000000000000000e+00 1.000000000000000000e+00
8.173371245633584969e-01 1.000000000000000000e+00 0.000000000000000000e+00 1.000000000000000000e+00
6.252127664293167797e-01 1.000000000000000000e+00 0.000000000000000000e+00 1.000000000000000000e+00
4.360414215680699090e-01 1.000000000000000000e+00 0.000000000000000000e+00 1.000000000000000000e+00
2.622959633336974239e-01 9.595056937677395315e-01 0.000000000000000000e+00 1.000000000000000000e+00
1.154321706021789185e-01 8.349302155714095619e-01 5.147867022991380742e-02 1.000000000000000000e+00
5.133399425059193000e-03 6.770625353447456973e-01 3.295914007656242650e-01 1.000000000000000000e+00
0.000000000000000000e+00 4.963115423601318632e-01 5.859727649394854687e-01 1.000000000000000000e+00
0.000000000000000000e+00 3.045949202697976199e-01 8.037184462545543528e-01 1.000000000000000000e+00
0.000000000000000000e+00 1.145533634080611041e-01 9.684715435193138600e-01 1.000000000000000000e+00
3.015805911242652737e-02 0.000000000000000000e+00 1.000000000000000000e+00 1.000000000000000000e+00
1.508926195971905804e-01 0.000000000000000000e+00 1.000000000000000000e+00 1.000000000000000000e+00
3.058541430381155335e-01 0.000000000000000000e+00 1.000000000000000000e+00 1.000000000000000000e+00
4.848253554709435198e-01 0.000000000000000000e+00 9.457798365932134077e-01 1.000000000000000000e+00
6.760059217638489937e-01 0.000000000000000000e+00 7.715638385150228595e-01 1.000000000000000000e+00
8.667904920268592051e-01 0.000000000000000000e+00 5.464753467753609151e-01 1.000000000000000000e+00
1.000000000000000000e+00 0.000000000000000000e+00 2.853554053652662681e-01 1.000000000000000000e+00
1.000000000000000000e+00 0.000000000000000000e+00 5.420765383177249611e-03 1.000000000000000000e+00
1.000000000000000000e+00 0.000000000000000000e+00 0.000000000000000000e+00 1.000000000000000000e+00
1.000000000000000000e+00 1.260861943798647911e-01 0.000000000000000000e+00 1.000000000000000000e+00
1.000000000000000000e+00 3.166027439144373234e-01 0.000000000000000000e+00 1.000000000000000000e+00
1.000000000000000000e+00 5.080026316658522445e-01 0.000000000000000000e+00 1.000000000000000000e+00
1.000000000000000000e+00 6.876660469452360314e-01 0.000000000000000000e+00 1.000000000000000000e+00
1.000000000000000000e+00 8.437470147356802563e-01 0.000000000000000000e+00 1.000000000000000000e+00
1.000000000000000000e+00 9.659544513338875760e-01 0.000000000000000000e+00 1.000000000000000000e+00
8.925164831396081855e-01 1.000000000000000000e+00 0.000000000000000000e+00 1.000000000000000000e+00
7.027914668846306778e-01 1.000000000000000000e+00 0.000000000000000000e+00 1.000000000000000000e+00
5.109043694019360649e-01 1.000000000000000000e+00 0.000000000000000000e+00 1.000000000000000000e+00
3.295071251953422542e-01 9.982548931412800197e-01 0.000000000000000000e+00 1.000000000000000000e+00
