3.921568627450980338e-03 2.745098039215686514e-01 2.117647058823529382e-01 1.000000000000000000e+00
3.921568627450980338e-03 2.791849288735102075e-01 2.160707420222991171e-01 1.000000000000000000e+00
3.921568627450980338e-03 2.838600538254517636e-01 2.203767781622452959e-01 1.000000000000000000e+00
3.921568627450980338e-03 2.885351787773933196e-01 2.246828143021914470e-01 1.000000000000000000e+00
3.921568627450980338e-03 2.932103037293348757e-01 2.289888504421376259e-01 1.000000000000000000e+00
3.921568627450980338e-03 2.978854286812764318e-01 2.332948865820838047e-01 1.000000000000000000e+00
3.921568627450980338e-03 3.025605536332179879e-01 2.376009227220299835e-01 1.000000000000000000e+00
3.921568627450980338e-03 3.072356785851595440e-01 2.419069588619761624e-01 1.000000000000000000e+00
3.921568627450980338e-03 3.119108035371011001e-01 2.462129950019223412e-01 1.000000000000000000e+00
3.921568627450980338e-03 3.165859284890427117e-01 2.505190311418685201e-01 1.000000000000000000e+00
3.921568627450980338e-03 3.212610534409842677e-01 2.548250672818146989e-01 1.000000000000000000e+00
3.921568627450980338e-03 3.259361783929258238e-01 2.591311034217608222e-01 1.000000000000000000e+00
3.921568627450980338e-03 3.306113033448673799e-01 2.634371395617070011e-01 1.000000000000000000e+00
3.921568627450980338e-03 3.352864282968089360e-01 2.677431757016531799e-01 1.000000000000000000e+00
3.921568627450980338e-03 3.399615532487504921e-01 2.720492118415993588e-01 1.000000000000000000e+00
3.921568627450980338e-03 3.446366782006920482e-01 2.763552479815455376e-01 1.000000000000000000e+00
3.921568627450980338e-03 3.493118031526336043e-01 2.806612841214917164e-01 1.000000000000000000e+00
3.921568627450980338e-03 3.539869281045751603e-01 2.849673202614378953e-01 1.000000000000000000e+00
3.921568627450980338e-03 3.586620530565167164e-01 2.892733564013840741e-01 1.000000000000000000e+00
3.921568627450980338e-03 3.633371780084582725e-01 2.935793925413302530e-01 1.000000000000000000e+00
3.921568627450980338e-03 3.680123029603998841e-01 2.978854286812764318e-01 1.000000000000000000e+00
3.921568627450980338e-03 3.726874279123414402e-01 3.021914648212226107e-01 1.000000000000000000e+00
3.921568627450980338e-03 3.773625528642829963e-01 3.064975009611687895e-01 1.000000000000000000e+00
3.921568627450980338e-03 3.820376778162245524e-01 3.108035371011149683e-01 1.000000000000000000e+00
3.921568627450980338e-03 3.867128027681661084e-01 3.151095732410611472e-01 1.000000000000000000e+00
3.921568627450980338e-03 3.913879277201076645e-01 3.194156093810072705e-01 1.000000000000000000e+00
3.921568627450980338e-03 3.960630526720492206e-01 3.237216455209534494e-01 1.000000000000000000e+00
3.921568627450980338e-03 4.007381776239907767e-01 3.280276816608996282e-01 1.000000000000000000e+00
3.921568627450980338e-03 4.054133025759323328e-01 3.323337178008458070e-01 1.000000000000000000e+00
3.921568627450980338e-03 4.100884275278738889e-01 3.366397539407919859e-01 1.000000000000000000e+00
3.921568627450980338e-03 4.147635524798154449e-01 3.409457900807381647e-01 1.000000000000000000e+00
3.921568627450980338e-03 4.194386774317570010e-01 3.452518262206843436e-01 1.000000000000000000e+00
3.936947327950787723e-03 4.238523644752018593e-01 3.497731641676278258e-01 1.000000000000000000e+00
4.059976931949249405e-03 4.264359861591695000e-01 3.558016147635524318e-01 1.000000000000000000e+00
4.183006535947711955e-03 4.290196078431372517e-01 3.618300653594770933e-01 1.000000000000000000e+00
4.306036139946174505e-03 4.316032295271049479e-01 3.678585159554017547e-01 1.000000000000000000e+00
4.429065743944636188e-03 4.341868512110726441e-01 3.738869665513264162e-01 1.000000000000000000e+00
4.552095347943097871e-03 4.367704728950403403e-01 3.799154171472509667e-01 1.000000000000000000e+00
4.675124951941561288e-03 4.393540945790080920e-01 3.859438677431756837e-01 1.000000000000000000e+00
4.798154555940022971e-03 4.419377162629757883e-01 3.919723183391003452e-01 1.000000000000000000e+00
4.921184159938484654e-03 4.445213379469434845e-01 3.980007689350249511e-01 1.000000000000000000e+00
5.044213763936946336e-03 4.471049596309111807e-01 4.040292195309495571e-01 1.000000000000000000e+00
5.167243367935409754e-03 4.496885813148788769e-01 4.100576701268742741e-01 1.000000000000000000e+00
5.290272971933871436e-03 4.522722029988465731e-01 4.160861207227988801e-01 1.000000000000000000e+00
5.413302575932333119e-03 4.548558246828142693e-01 4.221145713187235415e-01 1.000000000000000000e+00
5.536332179930794802e-03 4.574394463667819655e-01 4.281430219146481475e-01 1.000000000000000000e+00
5.659361783929258219e-03 4.600230680507497172e-01 4.341714725105728090e-01 1.000000000000000000e+00
5.782391387927719902e-03 4.626066897347174134e-01 4.401999231064974705e-01 1.000000000000000000e+00
5.905420991926181584e-03 4.651903114186851096e-01 4.462283737024221320e-01 1.000000000000000000e+00
6.028450595924643267e-03 4.677739331026528058e-01 4.522568242983466824e-01 1.000000000000000000e+00
6.151480199923106684e-03 4.703575547866205020e-01 4.582852748942713994e-01 1.000000000000000000e+00
6.274509803921568367e-03 4.729411764705881982e-01 4.643137254901960609e-01 1.000000000000000000e+00
6.397539407920030050e-03 4.755247981545559499e-01 4.703421760861207224e-01 1.000000000000000000e+00
6.520569011918491732e-03 4.781084198385235906e-01 4.763706266820453283e-01 1.000000000000000000e+00
6.643598615916955150e-03 4.806920415224913423e-01 4.823990772779699898e-01 1.000000000000000000e+00
6.766628219915416832e-03 4.832756632064590385e-01 4.884275278738946513e-01 1.000000000000000000e+00
6.889657823913878515e-03 4.858592848904267347e-01 4.944559784698192573e-01 1.000000000000000000e+00
7.012687427912340198e-03 4.884429065743944309e-01 5.004844290657438632e-01 1.000000000000000000e+00
7.135717031910803615e-03 4.910265282583621271e-01 5.065128796616685802e-01 1.000000000000000000e+00
7.258746635909265298e-03 4.936101499423298788e-01 5.125413302575931862e-01 1.000000000000000000e+00
7.381776239907726980e-03 4.961937716262975751e-01 5.185697808535179032e-01 1.000000000000000000e+00
7.504805843906188663e-03 4.987773933102652713e-01 5.245982314494423981e-01 1.000000000000000000e+00
7.627835447904652080e-03 5.013610149942329119e-01 5.306266820453671151e-01 1.000000000000000000e+00
7.750865051903113763e-03 5.039446366782006637e-01 5.366551326412918321e-01 1.000000000000000000e+00
9.442522106881968622e-03 5.063437139561707268e-01 5.428373702422144564e-01 1.000000000000000000e+00
1.584006151480199867e-02 5.081891580161476130e-01 5.494809688581314688e-01 1.000000000000000000e+00
2.223760092272193678e-02 5.100346020761244992e-01 5.561245674740482592e-01 1.000000000000000000e+00
2.863514033064205877e-02 5.118800461361014964e-01 5.627681660899653826e-01 1.000000000000000000e+00
3.503267973856209055e-02 5.137254901960783826e-01 5.694117647058822840e-01 1.000000000000000000e+00
4.143021914648212234e-02 5.155709342560553798e-01 5.760553633217992964e-01 1.000000000000000000e+00
4.782775855440215412e-02 5.174163783160322660e-01 5.826989619377161977e-01 1.000000000000000000e+00
5.422529796232217897e-02 5.192618223760092633e-01 5.893425605536332101e-01 1.000000000000000000e+00
6.062283737024221769e-02 5.211072664359861495e-01 5.959861591695501115e-01 1.000000000000000000e+00
6.702037677816224948e-02 5.229527104959630357e-01 6.026297577854671239e-01 1.000000000000000000e+00
7.341791618608219105e-02 5.247981545559400329e-01 6.092733564013839143e-01 1.000000000000000000e+00
7.981545559400231304e-02 5.266435986159169191e-01 6.159169550173010377e-01 1.000000000000000000e+00
8.621299500192233789e-02 5.284890426758939164e-01 6.225605536332179391e-01 1.000000000000000000e+00
9.261053440984237661e-02 5.303344867358708026e-01 6.292041522491349514e-01 1.000000000000000000e+00
9.900807381776240146e-02 5.321799307958476888e-01 6.358477508650518528e-01 1.000000000000000000e+00
1.054056132256824263e-01 5.340253748558246860e-01 6.424913494809688652e-01 1.000000000000000000e+00
1.118031526336024511e-01 5.358708189158015722e-01 6.491349480968857666e-01 1.000000000000000000e+00
1.182006920415224760e-01 5.377162629757785695e-01 6.557785467128027790e-01 1.000000000000000000e+00
1.245982314494424176e-01 5.395617070357554557e-01 6.624221453287195693e-01 1.000000000000000000e+00
1.309957708573625257e-01 5.414071510957323419e-01 6.690657439446365817e-01 1.000000000000000000e+00
1.373933102652825644e-01 5.432525951557093391e-01 6.757093425605535941e-01 1.000000000000000000e+00
1.437908496732026031e-01 5.450980392156862253e-01 6.823529411764706065e-01 1.000000000000000000e+00
1.501883890811226419e-01 5.469434832756632225e-01 6.889965397923875079e-01 1.000000000000000000e+00
1.565859284890426528e-01 5.487889273356401088e-01 6.956401384083044093e-01 1.000000000000000000e+00
1.629834678969626915e-01 5.506343713956171060e-01 7.022837370242214217e-01 1.000000000000000000e+00
1.693810073048827303e-01 5.524798154555939922e-01 7.089273356401384341e-01 1.000000000000000000e+00
1.757785467128026580e-01 5.543252595155708784e-01 7.155709342560552244e-01 1.000000000000000000e+00
1.821760861207227800e-01 5.561707035755478756e-01 7.222145328719722368e-01 1.000000000000000000e+00
1.885736255286428187e-01 5.580161476355247618e-01 7.288581314878892492e-01 1.000000000000000000e+00
1.949711649365628574e-01 5.598615916955017591e-01 7.355017301038062616e-01 1.000000000000000000e+00
2.013687043444828684e-01 5.617070357554786453e-01 7.421453287197231630e-01 1.000000000000000000e+00
2.077662437524029071e-01 5.635524798154555315e-01 7.487889273356400643e-01 1.000000000000000000e+00
2.140253748558246794e-01 5.658592848904268058e-01 7.536332179930795849e-01 1.000000000000000000e+00
2.200538254517493131e-01 5.689350249903882828e-01 7.554786620530564711e-01 1.000000000000000000e+00
2.260822760476738913e-01 5.720107650903497598e-01 7.573241061130333573e-01 1.000000000000000000e+00
2.321107266435986083e-01 5.750865051903114589e-01 7.591695501730103546e-01 1.000000000000000000e+00
2.381391772395232698e-01 5.781622452902729359e-01 7.610149942329873518e-01 1.000000000000000000e+00
2.441676278354479035e-01 5.812379853902345239e-01 7.628604382929642380e-01 1.000000000000000000e+00
2.501960784313725372e-01 5.843137254901961120e-01 7.647058823529411242e-01 1.000000000000000000e+00
2.562245290272971987e-01 5.873894655901575890e-01 7.665513264129181215e-01 1.000000000000000000e+00
2.622529796232218602e-01 5.904652056901191770e-01 7.683967704728950077e-01 1.000000000000000000e+00
2.682814302191464662e-01 5.935409457900807650e-01 7.702422145328720049e-01 1.000000000000000000e+00
2.743098808150710166e-01 5.966166858900422421e-01 7.720876585928488911e-01 1.000000000000000000e+00
2.803383314109957891e-01 5.996924259900038301e-01 7.739331026528257773e-01 1.000000000000000000e+00
2.863667820069204506e-01 6.027681660899654181e-01 7.757785467128027745e-01 1.000000000000000000e+00
2.923952326028450566e-01 6.058439061899268951e-01 7.776239907727796608e-01 1.000000000000000000e+00
2.984236831987697181e-01 6.089196462898884832e-01 7.794694348327566580e-01 1.000000000000000000e+00
3.044521337946943795e-01 6.119953863898500712e-01 7.813148788927335442e-01 1.000000000000000000e+00
3.104805843906189855e-01 6.150711264898115482e-01 7.831603229527105414e-01 1.000000000000000000e+00
3.165090349865436470e-01 6.181468665897731363e-01 7.850057670126874276e-01 1.000000000000000000e+00
3.225374855824681974e-01 6.212226066897346133e-01 7.868512110726643138e-01 1.000000000000000000e+00
3.285659361783929144e-01 6.242983467896962013e-01 7.886966551326413111e-01 1.000000000000000000e+00
3.345943867743175759e-01 6.273740868896577894e-01 7.905420991926181973e-01 1.000000000000000000e+00
3.406228373702422374e-01 6.304498269896193774e-01 7.923875432525951945e-01 1.000000000000000000e+00
3.466512879661668434e-01 6.335255670895809654e-01 7.942329873125720807e-01 1.000000000000000000e+00
3.526797385620915048e-01 6.366013071895424424e-01 7.960784313725489669e-01 1.000000000000000000e+00
3.587081891580161663e-01 6.396770472895040305e-01 7.979238754325259642e-01 1.000000000000000000e+00
3.647366397539407723e-01 6.427527873894656185e-01 7.997693194925028504e-01 1.000000000000000000e+00
3.707650903498653783e-01 6.458285274894270955e-01 8.016147635524797366e-01 1.000000000000000000e+00
3.767935409457900953e-01 6.489042675893886836e-01 8.034602076124567338e-01 1.000000000000000000e+00
3.828219915417147012e-01 6.519800076893502716e-01 8.053056516724337310e-01 1.000000000000000000e+00
3.888504421376393627e-01 6.550557477893117486e-01 8.071510957324106172e-01 1.000000000000000000e+00
3.948788927335640242e-01 6.581314878892733367e-01 8.089965397923875035e-01 1.000000000000000000e+00
4.077970011534025607e-01 6.639753940792002540e-01 8.125028835063436983e-01 1.000000000000000000e+00
4.155478662053056493e-01 6.664359861591695466e-01 8.139792387543252072e-01 1.000000000000000000e+00
4.232987312572087935e-01 6.688965782391387283e-01 8.154555940023068272e-01 1.000000000000000000e+00
4.310495963091118821e-01 6.713571703191080209e-01 8.169319492502883362e-01 1.000000000000000000e+00
4.388004613610148041e-01 6.738177623990772025e-01 8.184083044982698452e-01 1.000000000000000000e+00
4.465513264129181148e-01 6.762783544790464951e-01 8.198846597462514652e-01 1.000000000000000000e+00
4.543021914648212034e-01 6.787389465590157878e-01 8.213610149942329741e-01 1.000000000000000000e+00
4.620530565167243475e-01 6.811995386389849694e-01 8.228373702422144831e-01 1.000000000000000000e+00
4.698039215686274916e-01 6.836601307189542620e-01 8.243137254901961031e-01 1.000000000000000000e+00
4.775547866205305803e-01 6.861207227989234436e-01 8.257900807381776120e-01 1.000000000000000000e+00
4.853056516724336689e-01 6.885813148788927363e-01 8.272664359861591210e-01 1.000000000000000000e+00
4.930565167243368130e-01 6.910419069588620289e-01 8.287427912341407410e-01 1.000000000000000000e+00
5.008073817762399571e-01 6.935024990388312105e-01 8.302191464821222500e-01 1.000000000000000000e+00
5.085582468281429902e-01 6.959630911188005031e-01 8.316955017301037589e-01 1.000000000000000000e+00
5.163091118800461343e-01 6.984236831987696847e-01 8.331718569780853789e-01 1.000000000000000000e+00
5.240599769319492784e-01 7.008842752787389774e-01 8.346482122260668879e-01 1.000000000000000000e+00
5.318108419838524226e-01 7.033448673587081590e-01 8.361245674740483969e-01 1.000000000000000000e+00
5.395617070357554557e-01 7.058054594386774516e-01 8.376009227220300168e-01 1.000000000000000000e+00
5.473125720876585998e-01 7.082660515186467443e-01 8.390772779700115258e-01 1.000000000000000000e+00
5.550634371395617439e-01 7.107266435986159259e-01 8.405536332179930348e-01 1.000000000000000000e+00
5.628143021914646660e-01 7.131872356785851075e-01 8.420299884659745437e-01 1.000000000000000000e+00
5.705651672433679211e-01 7.156478277585544001e-01 8.435063437139561637e-01 1.000000000000000000e+00
5.783160322952710652e-01 7.181084198385236927e-01 8.449826989619376727e-01 1.000000000000000000e+00
5.860668973471742094e-01 7.205690119184928744e-01 8.464590542099191817e-01 1.000000000000000000e+00
5.938177623990772425e-01 7.230296039984621670e-01 8.479354094579008017e-01 1.000000000000000000e+00
6.015686274509803866e-01 7.254901960784313486e-01 8.494117647058823106e-01 1.000000000000000000e+00
6.093194925028835307e-01 7.279507881584006412e-01 8.508881199538638196e-01 1.000000000000000000e+00
6.170703575547866748e-01 7.304113802383698228e-01 8.523644752018454396e-01 1.000000000000000000e+00
6.248212226066898189e-01 7.328719723183391155e-01 8.538408304498269485e-01 1.000000000000000000e+00
6.325720876585928520e-01 7.353325643983084081e-01 8.553171856978084575e-01 1.000000000000000000e+00
6.403229527104959962e-01 7.377931564782775897e-01 8.567935409457900775e-01 1.000000000000000000e+00
6.480738177623991403e-01 7.402537485582468824e-01 8.582698961937715865e-01 1.000000000000000000e+00
6.542099192618223702e-01 7.427143406382160640e-01 8.596693579392540308e-01 1.000000000000000000e+00
6.593771626297577626e-01 7.451749327181853566e-01 8.610226835832371917e-01 1.000000000000000000e+00
6.645444059976932660e-01 7.476355247981545382e-01 8.623760092272202415e-01 1.000000000000000000e+00
6.697116493656286584e-01 7.500961168781238309e-01 8.637293348712032914e-01 1.000000000000000000e+00
6.748788927335638288e-01 7.525567089580930125e-01 8.650826605151863413e-01 1.000000000000000000e+00
6.800461361014994432e-01 7.550173010380623051e-01 8.664359861591695022e-01 1.000000000000000000e+00
6.852133794694348357e-01 7.574778931180315977e-01 8.677893118031525521e-01 1.000000000000000000e+00
6.903806228373702281e-01 7.599384851980007793e-01 8.691426374471357130e-01 1.000000000000000000e+00
6.955478662053056205e-01 7.623990772779700720e-01 8.704959630911187629e-01 1.000000000000000000e+00
7.007151095732411239e-01 7.648596693579392536e-01 8.718492887351018128e-01 1.000000000000000000e+00
7.058823529411765163e-01 7.673202614379085462e-01 8.732026143790849737e-01 1.000000000000000000e+00
7.110495963091119087e-01 7.697808535178777278e-01 8.745559400230680236e-01 1.000000000000000000e+00
7.162168396770473011e-01 7.722414455978470205e-01 8.759092656670510735e-01 1.000000000000000000e+00
7.213840830449826935e-01 7.747020376778162021e-01 8.772625913110342344e-01 1.000000000000000000e+00
7.265513264129180859e-01 7.771626297577854947e-01 8.786159169550172843e-01 1.000000000000000000e+00
7.317185697808534783e-01 7.796232218377546763e-01 8.799692425990003342e-01 1.000000000000000000e+00
7.368858131487889818e-01 7.820838139177239690e-01 8.813225682429834951e-01 1.000000000000000000e+00
7.420530565167243742e-01 7.845444059976931506e-01 8.826758938869665450e-01 1.000000000000000000e+00
7.472202998846597666e-01 7.870049980776624432e-01 8.840292195309495948e-01 1.000000000000000000e+00
7.523875432525951590e-01 7.894655901576317358e-01 8.853825451749327557e-01 1.000000000000000000e+00
7.575547866205304404e-01 7.919261822376008064e-01 8.867358708189158056e-01 1.000000000000000000e+00
7.627220299884659438e-01 7.943867743175702101e-01 8.880891964628988555e-01 1.000000000000000000e+00
7.678892733564013362e-01 7.968473663975393917e-01 8.894425221068820164e-01 1.000000000000000000e+00
7.730565167243368396e-01 7.993079584775086843e-01 8.907958477508650663e-01 1.000000000000000000e+00
7.782237600922722320e-01 8.017685505574778659e-01 8.921491733948481162e-01 1.000000000000000000e+00
7.833910034602076244e-01 8.042291426374471586e-01 8.935024990388311661e-01 1.000000000000000000e+00
7.885582468281430168e-01 8.066897347174163402e-01 8.948558246828143270e-01 1.000000000000000000e+00
7.937254901960784093e-01 8.091503267973856328e-01 8.962091503267973769e-01 1.000000000000000000e+00
7.988927335640138017e-01 8.116109188773548144e-01 8.975624759707804268e-01 1.000000000000000000e+00
8.040599769319491941e-01 8.140715109573241071e-01 8.989158016147635877e-01 1.000000000000000000e+00
8.092272202998846975e-01 8.165321030372932887e-01 9.002691272587466376e-01 1.000000000000000000e+00
8.143944636678200899e-01 8.189926951172625813e-01 9.016224529027296875e-01 1.000000000000000000e+00
8.182698961937716620e-01 8.211764705882352855e-01 9.028835063437139485e-01 1.000000000000000000e+00
8.217147251057285162e-01 8.232679738562090899e-01 9.041138023836985393e-01 1.000000000000000000e+00
8.251595540176854815e-01 8.253594771241830053e-01 9.053440984236832412e-01 1.000000000000000000e+00
8.286043829296424468e-01 8.274509803921568096e-01 9.065743944636678320e-01 1.000000000000000000e+00
8.320492118415993010e-01 8.295424836601306140e-01 9.078046905036524228e-01 1.000000000000000000e+00
8.354940407535562663e-01 8.316339869281045294e-01 9.090349865436371246e-01 1.000000000000000000e+00
8.389388696655132316e-01 8.337254901960784448e-01 9.102652825836217154e-01 1.000000000000000000e+00
8.423836985774701969e-01 8.358169934640522492e-01 9.114955786236063062e-01 1.000000000000000000e+00
8.458285274894271621e-01 8.379084967320261645e-01 9.127258746635908970e-01 1.000000000000000000e+00
8.492733564013841274e-01 8.399999999999999689e-01 9.139561707035755989e-01 1.000000000000000000e+00
8.527181853133409817e-01 8.420915032679738843e-01 9.151864667435601897e-01 1.000000000000000000e+00
8.561630142252979470e-01 8.441830065359476887e-01 9.164167627835447805e-01 1.000000000000000000e+00
8.596078431372549122e-01 8.462745098039214930e-01 9.176470588235293713e-01 1.000000000000000000e+00
8.630526720492118775e-01 8.483660130718954084e-01 9.188773548635140731e-01 1.000000000000000000e+00
8.664975009611688428e-01 8.504575163398692128e-01 9.201076509034986639e-01 1.000000000000000000e+00
8.699423298731256970e-01 8.525490196078431282e-01 9.213379469434832547e-01 1.000000000000000000e+00
8.733871587850826623e-01 8.546405228758169326e-01 9.225682429834678455e-01 1.000000000000000000e+00
8.768319876970396276e-01 8.567320261437908480e-01 9.237985390234525473e-01 1.000000000000000000e+00
8.802768166089965929e-01 8.588235294117646523e-01 9.250288350634371382e-01 1.000000000000000000e+00
8.837216455209535582e-01 8.609150326797385677e-01 9.262591311034217290e-01 1.000000000000000000e+00
8.871664744329103014e-01 8.630065359477123721e-01 9.274894271434063198e-01 1.000000000000000000e+00
8.906113033448673777e-01 8.650980392156862875e-01 9.287197231833910216e-01 1.000000000000000000e+00
8.940561322568243430e-01 8.671895424836600919e-01 9.299500192233756124e-01 1.000000000000000000e+00
8.975009611687813083e-01 8.692810457516340072e-01 9.311803152633602032e-01 1.000000000000000000e+00
9.009457900807381625e-01 8.713725490196078116e-01 9.324106113033449050e-01 1.000000000000000000e+00
9.043906189926951278e-01 8.734640522875816160e-01 9.336409073433294958e-01 1.000000000000000000e+00
9.078354479046520931e-01 8.755555555555555314e-01 9.348712033833140866e-01 1.000000000000000000e+00
9.112802768166090583e-01 8.776470588235293357e-01 9.361014994232986774e-01 1.000000000000000000e+00
9.147251057285660236e-01 8.797385620915032511e-01 9.373317954632833793e-01 1.000000000000000000e+00
9.181699346405228779e-01 8.818300653594770555e-01 9.385620915032679701e-01 1.000000000000000000e+00
9.216147635524798432e-01 8.839215686274509709e-01 9.397923875432525609e-01 1.000000000000000000e+00
9.250595924644368084e-01 8.860130718954247753e-01 9.410226835832371517e-01 1.000000000000000000e+00
9.275355632449058252e-01 8.885351787773932974e-01 9.423606305267204775e-01 1.000000000000000000e+00
9.298731257208766587e-01 8.911188004613609381e-01 9.437139561707035273e-01 1.000000000000000000e+00
9.322106881968473813e-01 8.937024221453286899e-01 9.450672818146866883e-01 1.000000000000000000e+00
9.345482506728182148e-01 8.962860438292964416e-01 9.464206074586697381e-01 1.000000000000000000e+00
9.368858131487889374e-01 8.988696655132639712e-01 9.477739331026527880e-01 1.000000000000000000e+00
9.392233756247597709e-01 9.014532871972318340e-01 9.491272587466358379e-01 1.000000000000000000e+00
9.415609381007304934e-01 9.040369088811994747e-01 9.504805843906189988e-01 1.000000000000000000e+00
9.438985005767013270e-01 9.066205305651672264e-01 9.518339100346020487e-01 1.000000000000000000e+00
9.462360630526720495e-01 9.092041522491348671e-01 9.531872356785850986e-01 1.000000000000000000e+00
9.485736255286428831e-01 9.117877739331026188e-01 9.545405613225682595e-01 1.000000000000000000e+00
9.509111880046136056e-01 9.143713956170703705e-01 9.558938869665513094e-01 1.000000000000000000e+00
9.532487504805844392e-01 9.169550173010380112e-01 9.572472126105343593e-01 1.000000000000000000e+00
9.555863129565551617e-01 9.195386389850057629e-01 9.586005382545175202e-01 1.000000000000000000e+00
9.579238754325259952e-01 9.221222606689734036e-01 9.599538638985005701e-01 1.000000000000000000e+00
9.602614379084967178e-01 9.247058823529411553e-01 9.613071895424836200e-01 1.000000000000000000e+00
9.625990003844675513e-01 9.272895040369089070e-01 9.626605151864666698e-01 1.000000000000000000e+00
9.649365628604382739e-01 9.298731257208765477e-01 9.640138408304498308e-01 1.000000000000000000e+00
9.672741253364091074e-01 9.324567474048442994e-01 9.653671664744328806e-01 1.000000000000000000e+00
9.696116878123798299e-01 9.350403690888119401e-01 9.667204921184159305e-01 1.000000000000000000e+00
9.719492502883506635e-01 9.376239907727796918e-01 9.680738177623990914e-01 1.000000000000000000e+00
9.742868127643213860e-01 9.402076124567473325e-01 9.694271434063820303e-01 1.000000000000000000e+00
9.766243752402922196e-01 9.427912341407150842e-01 9.707804690503651912e-01 1.000000000000000000e+00
9.789619377162629421e-01 9.453748558246828360e-01 9.721337946943482411e-01 1.000000000000000000e+00
9.812995001922337757e-01 9.479584775086504767e-01 9.734871203383314020e-01 1.000000000000000000e+00
9.836370626682044982e-01 9.505420991926182284e-01 9.748404459823144519e-01 1.000000000000000000e+00
9.859746251441753317e-01 9.531257208765859801e-01 9.761937716262975018e-01 1.000000000000000000e+00
9.883121876201461653e-01 9.557093425605536208e-01 9.775470972702806627e-01 1.000000000000000000e+00
9.906497500961168878e-01 9.582929642445213725e-01 9.789004229142637126e-01 1.000000000000000000e+00
9.929873125720876104e-01 9.608765859284890132e-01 9.802537485582467625e-01 1.000000000000000000e+00
9.953248750480584439e-01 9.634602076124567649e-01 9.816070742022298123e-01 1.000000000000000000e+00
9.976624375240292775e-01 9.660438292964244056e-01 9.829603998462129733e-01 1.000000000000000000e+00
1.000000000000000000e+00 9.686274509803921573e-01 9.843137254901960231e-01 1.000000000000000000e+00
