1.000000000000000000e+00 9.686274509803921573e-01 9.843137254901960231e-01 1.000000000000000000e+00
9.976624375240291664e-01 9.666589773164168120e-01 9.832064590542098914e-01 1.000000000000000000e+00
9.953248750480584439e-01 9.646905036524413557e-01 9.820991926182237597e-01 1.000000000000000000e+00
9.929873125720876104e-01 9.627220299884660104e-01 9.809919261822375169e-01 1.000000000000000000e+00
9.906497500961168878e-01 9.607535563244905541e-01 9.798846597462513852e-01 1.000000000000000000e+00
9.883121876201460543e-01 9.587850826605152088e-01 9.787773933102652535e-01 1.000000000000000000e+00
9.859746251441753317e-01 9.568166089965397525e-01 9.776701268742791218e-01 1.000000000000000000e+00
9.836370626682044982e-01 9.548481353325644072e-01 9.765628604382928790e-01 1.000000000000000000e+00
9.812995001922337757e-01 9.528796616685890619e-01 9.754555940023067473e-01 1.000000000000000000e+00
9.789619377162629421e-01 9.509111880046136056e-01 9.743483275663206156e-01 1.000000000000000000e+00
9.766243752402922196e-01 9.489427143406382603e-01 9.732410611303344838e-01 1.000000000000000000e+00
9.742868127643213860e-01 9.469742406766628040e-01 9.721337946943482411e-01 1.000000000000000000e+00
9.719492502883506635e-01 9.450057670126874587e-01 9.710265282583621094e-01 1.000000000000000000e+00
9.696116878123798299e-01 9.430372933487120024e-01 9.699192618223759776e-01 1.000000000000000000e+00
9.672741253364091074e-01 9.410688196847366571e-01 9.688119953863898459e-01 1.000000000000000000e+00
9.649365628604382739e-01 9.391003460207612008e-01 9.677047289504036032e-01 1.000000000000000000e+00
9.625990003844675513e-01 9.371318723567858555e-01 9.665974625144174714e-01 1.000000000000000000e+00
9.602614379084967178e-01 9.351633986928105102e-01 9.654901960784313397e-01 1.000000000000000000e+00
9.579238754325259952e-01 9.331949250288350539e-01 9.643829296424452080e-01 1.000000000000000000e+00
9.555863129565551617e-01 9.312264513648597086e-01 9.632756632064589652e-01 1.000000000000000000e+00
9.532487504805844392e-01 9.292579777008842523e-01 9.621683967704728335e-01 1.000000000000000000e+00
9.509111880046136056e-01 9.272895040369089070e-01 9.610611303344867018e-01 1.000000000000000000e+00
9.485736255286428831e-01 9.253210303729334507e-01 9.599538638985005701e-01 1.000000000000000000e+00
9.462360630526720495e-01 9.233525567089581054e-01 9.588465974625143273e-01 1.000000000000000000e+00
9.438985005767013270e-01 9.213840830449826491e-01 9.577393310265281956e-01 1.000000000000000000e+00
9.415609381007304934e-01 9.194156093810073038e-01 9.566320645905420639e-01 1.000000000000000000e+00
9.392233756247597709e-01 9.174471357170319585e-01 9.555247981545559322e-01 1.000000000000000000e+00
9.368858131487889374e-01 9.154786620530565022e-01 9.544175317185696894e-01 1.000000000000000000e+00
9.345482506728182148e-01 9.135101883890811569e-01 9.533102652825835577e-01 1.000000000000000000e+00
9.322106881968473813e-01 9.115417147251057006e-01 9.522029988465974260e-01 1.000000000000000000e+00
9.298731257208766587e-01 9.095732410611303553e-01 9.510957324106112942e-01 1.000000000000000000e+00
9.275355632449058252e-01 9.076047673971548990e-01 9.499884659746250515e-01 1.000000000000000000e+00
9.250595924644368084e-01 9.055440215301806539e-01 9.488350634371395254e-01 1.000000000000000000e+00
9.216147635524798432e-01 9.028373702422145541e-01 9.473587081891580164e-01 1.000000000000000000e+00
9.181699346405228779e-01 9.001307189542483433e-01 9.458823529411763964e-01 1.000000000000000000e+00
9.147251057285660236e-01 8.974240676662822436e-01 9.444059976931948874e-01 1.000000000000000000e+00
9.112802768166090583e-01 8.947174163783160328e-01 9.429296424452133785e-01 1.000000000000000000e+00
9.078354479046520931e-01 8.920107650903499330e-01 9.414532871972317585e-01 1.000000000000000000e+00
9.043906189926951278e-01 8.893041138023837222e-01 9.399769319492502495e-01 1.000000000000000000e+00
9.009457900807381625e-01 8.865974625144175114e-01 9.385005767012687405e-01 1.000000000000000000e+00
8.975009611687813083e-01 8.838908112264514116e-01 9.370242214532871206e-01 1.000000000000000000e+00
8.940561322568243430e-01 8.811841599384852008e-01 9.355478662053056116e-01 1.000000000000000000e+00
8.906113033448673777e-01 8.784775086505189901e-01 9.340715109573241026e-01 1.000000000000000000e+00
8.871664744329104124e-01 8.757708573625528903e-01 9.325951557093425937e-01 1.000000000000000000e+00
8.837216455209535582e-01 8.730642060745866795e-01 9.311188004613609737e-01 1.000000000000000000e+00
8.802768166089965929e-01 8.703575547866205797e-01 9.296424452133794647e-01 1.000000000000000000e+00
8.768319876970396276e-01 8.676509034986543689e-01 9.281660899653979557e-01 1.000000000000000000e+00
8.733871587850826623e-01 8.649442522106881581e-01 9.266897347174163357e-01 1.000000000000000000e+00
8.699423298731256970e-01 8.622376009227220583e-01 9.252133794694348268e-01 1.000000000000000000e+00
8.664975009611688428e-01 8.595309496347558476e-01 9.237370242214533178e-01 1.000000000000000000e+00
8.630526720492118775e-01 8.568242983467896368e-01 9.222606689734716978e-01 1.000000000000000000e+00
8.596078431372549122e-01 8.541176470588235370e-01 9.207843137254901889e-01 1.000000000000000000e+00
8.561630142252979470e-01 8.514109957708573262e-01 9.193079584775086799e-01 1.000000000000000000e+00
8.527181853133410927e-01 8.487043444828912264e-01 9.178316032295270599e-01 1.000000000000000000e+00
8.492733564013841274e-01 8.459976931949250156e-01 9.163552479815455509e-01 1.000000000000000000e+00
8.458285274894271621e-01 8.432910419069588048e-01 9.148788927335640420e-01 1.000000000000000000e+00
8.423836985774701969e-01 8.405843906189927051e-01 9.134025374855824220e-01 1.000000000000000000e+00
8.389388696655133426e-01 8.378777393310264943e-01 9.119261822376009130e-01 1.000000000000000000e+00
8.354940407535562663e-01 8.351710880430602835e-01 9.104498269896194040e-01 1.000000000000000000e+00
8.320492118415994121e-01 8.324644367550941837e-01 9.089734717416377840e-01 1.000000000000000000e+00
8.286043829296424468e-01 8.297577854671279729e-01 9.074971164936562751e-01 1.000000000000000000e+00
8.251595540176854815e-01 8.270511341791618731e-01 9.060207612456747661e-01 1.000000000000000000e+00
8.217147251057285162e-01 8.243444828911956623e-01 9.045444059976932571e-01 1.000000000000000000e+00
8.182698961937716620e-01 8.216378316032295626e-01 9.030680507497116372e-01 1.000000000000000000e+00
8.143944636678200899e-01 8.189926951172625813e-01 9.016224529027296875e-01 1.000000000000000000e+00
8.092272202998846975e-01 8.165321030372932887e-01 9.002691272587466376e-01 1.000000000000000000e+00
8.040599769319493051e-01 8.140715109573241071e-01 8.989158016147635877e-01 1.000000000000000000e+00
7.988927335640138017e-01 8.116109188773548144e-01 8.975624759707804268e-01 1.000000000000000000e+00
7.937254901960784093e-01 8.091503267973856328e-01 8.962091503267973769e-01 1.000000000000000000e+00
7.885582468281430168e-01 8.066897347174163402e-01 8.948558246828143270e-01 1.000000000000000000e+00
7.833910034602076244e-01 8.042291426374471586e-01 8.935024990388311661e-01 1.000000000000000000e+00
7.782237600922722320e-01 8.017685505574778659e-01 8.921491733948481162e-01 1.000000000000000000e+00
7.730565167243368396e-01 7.993079584775086843e-01 8.907958477508650663e-01 1.000000000000000000e+00
7.678892733564013362e-01 7.968473663975393917e-01 8.894425221068820164e-01 1.000000000000000000e+00
7.627220299884660548e-01 7.943867743175702101e-01 8.880891964628988555e-01 1.000000000000000000e+00
7.575547866205305514e-01 7.919261822376009174e-01 8.867358708189158056e-01 1.000000000000000000e+00
7.523875432525951590e-01 7.894655901576316248e-01 8.853825451749327557e-01 1.000000000000000000e+00
7.472202998846597666e-01 7.870049980776624432e-01 8.840292195309495948e-01 1.000000000000000000e+00
7.420530565167243742e-01 7.845444059976931506e-01 8.826758938869665450e-01 1.000000000000000000e+00
7.368858131487889818e-01 7.820838139177239690e-01 8.813225682429834951e-01 1.000000000000000000e+00
7.317185697808534783e-01 7.796232218377546763e-01 8.799692425990003342e-01 1.000000000000000000e+00
7.265513264129180859e-01 7.771626297577854947e-01 8.786159169550172843e-01 1.000000000000000000e+00
7.213840830449828045e-01 7.747020376778163131e-01 8.772625913110342344e-01 1.000000000000000000e+00
7.162168396770473011e-01 7.722414455978470205e-01 8.759092656670510735e-01 1.000000000000000000e+00
7.110495963091119087e-01 7.697808535178777278e-01 8.745559400230680236e-01 1.000000000000000000e+00
7.058823529411765163e-01 7.673202614379085462e-01 8.732026143790849737e-01 1.000000000000000000e+00
7.007151095732411239e-01 7.648596693579392536e-01 8.718492887351018128e-01 1.000000000000000000e+00
6.955478662053056205e-01 7.623990772779700720e-01 8.704959630911187629e-01 1.000000000000000000e+00
6.903806228373702281e-01 7.599384851980007793e-01 8.691426374471357130e-01 1.000000000000000000e+00
6.852133794694348357e-01 7.574778931180315977e-01 8.677893118031525521e-01 1.000000000000000000e+00
6.800461361014995543e-01 7.550173010380623051e-01 8.664359861591695022e-01 1.000000000000000000e+00
6.748788927335640508e-01 7.525567089580931235e-01 8.650826605151864523e-01 1.000000000000000000e+00
6.697116493656286584e-01 7.500961168781238309e-01 8.637293348712032914e-01 1.000000000000000000e+00
6.645444059976932660e-01 7.476355247981545382e-01 8.623760092272202415e-01 1.000000000000000000e+00
6.593771626297577626e-01 7.451749327181853566e-01 8.610226835832371917e-01 1.000000000000000000e+00
6.542099192618223702e-01 7.427143406382160640e-01 8.596693579392540308e-01 1.000000000000000000e+00
6.486735870818916005e-01 7.402537485582468824e-01 8.582698961937715865e-01 1.000000000000000000e+00
6.425221068819685355e-01 7.377931564782775897e-01 8.567935409457900775e-01 1.000000000000000000e+00
6.363706266820454704e-01 7.353325643983084081e-01 8.553171856978084575e-01 1.000000000000000000e+00
6.302191464821222944e-01 7.328719723183391155e-01 8.538408304498269485e-01 1.000000000000000000e+00
6.240676662821991183e-01 7.304113802383699339e-01 8.523644752018454396e-01 1.000000000000000000e+00
6.179161860822760532e-01 7.279507881584006412e-01 8.508881199538638196e-01 1.000000000000000000e+00
6.117647058823529882e-01 7.254901960784313486e-01 8.494117647058823106e-01 1.000000000000000000e+00
6.056132256824298121e-01 7.230296039984621670e-01 8.479354094579008017e-01 1.000000000000000000e+00
5.994617454825067471e-01 7.205690119184928744e-01 8.464590542099191817e-01 1.000000000000000000e+00
5.933102652825836820e-01 7.181084198385236927e-01 8.449826989619376727e-01 1.000000000000000000e+00
5.871587850826606170e-01 7.156478277585544001e-01 8.435063437139561637e-01 1.000000000000000000e+00
5.810073048827374409e-01 7.131872356785852185e-01 8.420299884659745437e-01 1.000000000000000000e+00
5.748558246828142648e-01 7.107266435986159259e-01 8.405536332179930348e-01 1.000000000000000000e+00
5.687043444828911998e-01 7.082660515186466332e-01 8.390772779700115258e-01 1.000000000000000000e+00
5.625528642829681347e-01 7.058054594386774516e-01 8.376009227220300168e-01 1.000000000000000000e+00
5.564013840830449587e-01 7.033448673587081590e-01 8.361245674740483969e-01 1.000000000000000000e+00
5.502499038831218936e-01 7.008842752787389774e-01 8.346482122260668879e-01 1.000000000000000000e+00
5.440984236831988285e-01 6.984236831987696847e-01 8.331718569780853789e-01 1.000000000000000000e+00
5.379469434832757635e-01 6.959630911188005031e-01 8.316955017301037589e-01 1.000000000000000000e+00
5.317954632833525874e-01 6.935024990388312105e-01 8.302191464821222500e-01 1.000000000000000000e+00
5.256439830834294114e-01 6.910419069588620289e-01 8.287427912341407410e-01 1.000000000000000000e+00
5.194925028835063463e-01 6.885813148788927363e-01 8.272664359861591210e-01 1.000000000000000000e+00
5.133410226835832812e-01 6.861207227989234436e-01 8.257900807381776120e-01 1.000000000000000000e+00
5.071895424836601052e-01 6.836601307189542620e-01 8.243137254901961031e-01 1.000000000000000000e+00
5.010380622837370401e-01 6.811995386389849694e-01 8.228373702422144831e-01 1.000000000000000000e+00
4.948865820838139196e-01 6.787389465590157878e-01 8.213610149942329741e-01 1.000000000000000000e+00
4.887351018838909100e-01 6.762783544790464951e-01 8.198846597462514652e-01 1.000000000000000000e+00
4.825836216839677340e-01 6.738177623990773135e-01 8.184083044982698452e-01 1.000000000000000000e+00
4.764321414840446134e-01 6.713571703191080209e-01 8.169319492502883362e-01 1.000000000000000000e+00
4.702806612841214928e-01 6.688965782391387283e-01 8.154555940023068272e-01 1.000000000000000000e+00
4.641291810841984278e-01 6.664359861591695466e-01 8.139792387543252072e-01 1.000000000000000000e+00
4.510880430603613767e-01 6.612072279892349247e-01 8.108419838523645007e-01 1.000000000000000000e+00
4.434602076124567471e-01 6.581314878892733367e-01 8.089965397923875035e-01 1.000000000000000000e+00
4.358323721645520621e-01 6.550557477893117486e-01 8.071510957324106172e-01 1.000000000000000000e+00
4.282045367166474326e-01 6.519800076893502716e-01 8.053056516724337310e-01 1.000000000000000000e+00
4.205767012687430251e-01 6.489042675893887946e-01 8.034602076124568448e-01 1.000000000000000000e+00
4.129488658208381180e-01 6.458285274894270955e-01 8.016147635524798476e-01 1.000000000000000000e+00
4.053210303729334885e-01 6.427527873894656185e-01 7.997693194925028504e-01 1.000000000000000000e+00
3.976931949250288589e-01 6.396770472895040305e-01 7.979238754325259642e-01 1.000000000000000000e+00
3.900653594771241739e-01 6.366013071895424424e-01 7.960784313725489669e-01 1.000000000000000000e+00
3.824375240292195444e-01 6.335255670895809654e-01 7.942329873125720807e-01 1.000000000000000000e+00
3.748096885813148593e-01 6.304498269896193774e-01 7.923875432525951945e-01 1.000000000000000000e+00
3.671818531334102298e-01 6.273740868896577894e-01 7.905420991926181973e-01 1.000000000000000000e+00
3.595540176855055448e-01 6.242983467896963123e-01 7.886966551326413111e-01 1.000000000000000000e+00
3.519261822376009152e-01 6.212226066897347243e-01 7.868512110726643138e-01 1.000000000000000000e+00
3.442983467896962857e-01 6.181468665897731363e-01 7.850057670126874276e-01 1.000000000000000000e+00
3.366705113417916007e-01 6.150711264898115482e-01 7.831603229527105414e-01 1.000000000000000000e+00
3.290426758938869156e-01 6.119953863898500712e-01 7.813148788927335442e-01 1.000000000000000000e+00
3.214148404459822861e-01 6.089196462898884832e-01 7.794694348327566580e-01 1.000000000000000000e+00
3.137870049980776566e-01 6.058439061899268951e-01 7.776239907727796608e-01 1.000000000000000000e+00
3.061591695501729715e-01 6.027681660899654181e-01 7.757785467128027745e-01 1.000000000000000000e+00
2.985313341022685640e-01 5.996924259900039411e-01 7.739331026528258883e-01 1.000000000000000000e+00
2.909034986543637125e-01 5.966166858900422421e-01 7.720876585928488911e-01 1.000000000000000000e+00
2.832756632064590274e-01 5.935409457900807650e-01 7.702422145328720049e-01 1.000000000000000000e+00
2.756478277585543979e-01 5.904652056901191770e-01 7.683967704728950077e-01 1.000000000000000000e+00
2.680199923106497684e-01 5.873894655901575890e-01 7.665513264129181215e-01 1.000000000000000000e+00
2.603921568627450833e-01 5.843137254901960009e-01 7.647058823529411242e-01 1.000000000000000000e+00
2.527643214148403983e-01 5.812379853902345239e-01 7.628604382929642380e-01 1.000000000000000000e+00
2.451364859669357688e-01 5.781622452902729359e-01 7.610149942329873518e-01 1.000000000000000000e+00
2.375086505190311392e-01 5.750865051903113478e-01 7.591695501730103546e-01 1.000000000000000000e+00
2.298808150711264819e-01 5.720107650903498708e-01 7.573241061130334684e-01 1.000000000000000000e+00
2.222529796232218247e-01 5.689350249903882828e-01 7.554786620530564711e-01 1.000000000000000000e+00
2.146251441753171674e-01 5.658592848904266948e-01 7.536332179930795849e-01 1.000000000000000000e+00
2.079969242599000456e-01 5.622452902729718760e-01 7.517108804306036340e-01 1.000000000000000000e+00
2.019684736639753841e-01 5.583083429450211854e-01 7.497424067666281777e-01 1.000000000000000000e+00
1.959400230680507504e-01 5.543713956170703838e-01 7.477739331026528324e-01 1.000000000000000000e+00
1.899115724721261167e-01 5.504344482891195822e-01 7.458054594386773761e-01 1.000000000000000000e+00
1.838831218762016495e-01 5.464975009611688916e-01 7.438369857747020308e-01 1.000000000000000000e+00
1.778546712802768215e-01 5.425605536332179790e-01 7.418685121107266855e-01 1.000000000000000000e+00
1.718262206843521600e-01 5.386236063052671774e-01 7.399000384467512292e-01 1.000000000000000000e+00
1.657977700884275263e-01 5.346866589773163758e-01 7.379315647827758839e-01 1.000000000000000000e+00
1.597693194925028926e-01 5.307497116493655742e-01 7.359630911188004276e-01 1.000000000000000000e+00
1.537408688965782311e-01 5.268127643214148836e-01 7.339946174548250823e-01 1.000000000000000000e+00
1.477124183006535973e-01 5.228758169934640820e-01 7.320261437908496260e-01 1.000000000000000000e+00
1.416839677047289636e-01 5.189388696655132804e-01 7.300576701268742807e-01 1.000000000000000000e+00
1.356555171088043021e-01 5.150019223375624788e-01 7.280891964628988244e-01 1.000000000000000000e+00
1.296270665128796684e-01 5.110649750096116772e-01 7.261207227989234791e-01 1.000000000000000000e+00
1.235986159169550208e-01 5.071280276816608756e-01 7.241522491349481339e-01 1.000000000000000000e+00
1.175701653210303871e-01 5.031910803537100740e-01 7.221837754709726775e-01 1.000000000000000000e+00
1.115417147251057256e-01 4.992541330257593279e-01 7.202153018069973323e-01 1.000000000000000000e+00
1.055132641291810780e-01 4.953171856978085263e-01 7.182468281430218759e-01 1.000000000000000000e+00
9.948481353325644427e-02 4.913802383698577247e-01 7.162783544790465307e-01 1.000000000000000000e+00
9.345636293733179667e-02 4.874432910419069787e-01 7.143098808150710743e-01 1.000000000000000000e+00
8.742791234140732948e-02 4.835063437139562881e-01 7.123414071510957291e-01 1.000000000000000000e+00
8.139946174548251534e-02 4.795693963860053755e-01 7.103729334871202727e-01 1.000000000000000000e+00
7.537101114955785386e-02 4.756324490580545739e-01 7.084044598231449275e-01 1.000000000000000000e+00
6.934256055363322013e-02 4.716955017301037723e-01 7.064359861591695822e-01 1.000000000000000000e+00
6.331410995770858641e-02 4.677585544021530262e-01 7.044675124951941259e-01 1.000000000000000000e+00
5.728565936178392493e-02 4.638216070742022246e-01 7.024990388312187806e-01 1.000000000000000000e+00
5.125720876585929120e-02 4.598846597462514230e-01 7.005305651672433243e-01 1.000000000000000000e+00
4.522875816993465747e-02 4.559477124183006769e-01 6.985620915032679790e-01 1.000000000000000000e+00
3.920030757400999599e-02 4.520107650903498753e-01 6.965936178392925227e-01 1.000000000000000000e+00
3.317185697808536227e-02 4.480738177623990737e-01 6.946251441753171774e-01 1.000000000000000000e+00
2.714340638216072854e-02 4.441368704344482721e-01 6.926566705113418321e-01 1.000000000000000000e+00
2.111495578623606706e-02 4.401999231064974705e-01 6.906881968473663758e-01 1.000000000000000000e+00
1.951557093425605391e-02 4.371856978085351675e-01 6.869665513264129331e-01 1.000000000000000000e+00
1.939254133025759136e-02 4.344790465205690122e-01 6.826605151864667542e-01 1.000000000000000000e+00
1.926951172625913228e-02 4.317723952326028569e-01 6.783544790465205754e-01 1.000000000000000000e+00
1.914648212226066973e-02 4.290657439446367016e-01 6.740484429065743965e-01 1.000000000000000000e+00
1.902345251826221065e-02 4.263590926566706019e-01 6.697424067666283287e-01 1.000000000000000000e+00
1.890042291426374463e-02 4.236524413687043356e-01 6.654363706266820389e-01 1.000000000000000000e+00
1.877739331026528208e-02 4.209457900807381803e-01 6.611303344867358600e-01 1.000000000000000000e+00
1.865436370626681953e-02 4.182391387927720250e-01 6.568242983467896812e-01 1.000000000000000000e+00
1.853133410226835698e-02 4.155324875048058697e-01 6.525182622068435023e-01 1.000000000000000000e+00
1.840830449826989443e-02 4.128258362168396589e-01 6.482122260668973235e-01 1.000000000000000000e+00
1.828527489427143188e-02 4.101191849288735036e-01 6.439061899269511446e-01 1.000000000000000000e+00
1.816224529027297280e-02 4.074125336409073483e-01 6.396001537870049658e-01 1.000000000000000000e+00
1.803921568627451025e-02 4.047058823529411931e-01 6.352941176470587870e-01 1.000000000000000000e+00
1.791618608227604770e-02 4.019992310649750378e-01 6.309880815071126081e-01 1.000000000000000000e+00
1.779315647827758515e-02 3.992925797770088270e-01 6.266820453671664293e-01 1.000000000000000000e+00
1.767012687427912260e-02 3.965859284890426717e-01 6.223760092272203615e-01 1.000000000000000000e+00
1.754709727028066005e-02 3.938792772010765164e-01 6.180699730872741826e-01 1.000000000000000000e+00
1.742406766628219750e-02 3.911726259131103611e-01 6.137639369473280038e-01 1.000000000000000000e+00
1.730103806228373842e-02 3.884659746251442058e-01 6.094579008073818249e-01 1.000000000000000000e+00
1.717800845828527587e-02 3.857593233371779951e-01 6.051518646674356461e-01 1.000000000000000000e+00
1.705497885428681679e-02 3.830526720492119508e-01 6.008458285274895783e-01 1.000000000000000000e+00
1.693194925028835077e-02 3.803460207612456845e-01 5.965397923875432884e-01 1.000000000000000000e+00
1.680891964628988822e-02 3.776393694732795292e-01 5.922337562475971096e-01 1.000000000000000000e+00
1.668589004229142567e-02 3.749327181853133739e-01 5.879277201076509307e-01 1.000000000000000000e+00
1.656286043829296312e-02 3.722260668973471631e-01 5.836216839677047519e-01 1.000000000000000000e+00
1.643983083429450057e-02 3.695194156093810078e-01 5.793156478277585730e-01 1.000000000000000000e+00
1.631680123029603802e-02 3.668127643214148526e-01 5.750096116878123942e-01 1.000000000000000000e+00
1.619377162629757894e-02 3.641061130334486973e-01 5.707035755478662153e-01 1.000000000000000000e+00
1.607074202229911639e-02 3.613994617454825420e-01 5.663975394079200365e-01 1.000000000000000000e+00
1.594771241830065384e-02 3.586928104575163312e-01 5.620915032679738577e-01 1.000000000000000000e+00
1.582468281430219129e-02 3.559861591695501759e-01 5.577854671280276788e-01 1.000000000000000000e+00
1.570165321030372874e-02 3.532795078815840206e-01 5.534794309880815000e-01 1.000000000000000000e+00
1.547097270280661276e-02 3.492810457516339895e-01 5.472356785851595351e-01 1.000000000000000000e+00
1.522491349480968766e-02 3.450980392156862697e-01 5.407151095732410928e-01 1.000000000000000000e+00
1.497885428681276429e-02 3.409150326797386055e-01 5.341945405613226505e-01 1.000000000000000000e+00
1.473279507881583919e-02 3.367320261437908857e-01 5.276739715494040972e-01 1.000000000000000000e+00
1.448673587081892276e-02 3.325490196078432770e-01 5.211534025374857659e-01 1.000000000000000000e+00
1.424067666282199073e-02 3.283660130718954462e-01 5.146328335255671016e-01 1.000000000000000000e+00
1.399461745482506736e-02 3.241830065359477264e-01 5.081122645136486593e-01 1.000000000000000000e+00
1.374855824682814226e-02 3.200000000000000067e-01 5.015916955017301060e-01 1.000000000000000000e+00
1.350249903883121889e-02 3.158169934640522869e-01 4.950711264898116082e-01 1.000000000000000000e+00
1.325643983083429379e-02 3.116339869281045671e-01 4.885505574778931104e-01 1.000000000000000000e+00
1.301038062283737043e-02 3.074509803921569029e-01 4.820299884659746681e-01 1.000000000000000000e+00
1.276432141484044533e-02 3.032679738562091831e-01 4.755094194540561703e-01 1.000000000000000000e+00
1.251826220684352196e-02 2.990849673202614634e-01 4.689888504421376725e-01 1.000000000000000000e+00
1.227220299884659686e-02 2.949019607843137436e-01 4.624682814302191747e-01 1.000000000000000000e+00
1.202614379084967350e-02 2.907189542483660238e-01 4.559477124183006769e-01 1.000000000000000000e+00
1.178008458285274840e-02 2.865359477124183041e-01 4.494271434063821791e-01 1.000000000000000000e+00
1.153402537485582330e-02 2.823529411764705843e-01 4.429065743944636813e-01 1.000000000000000000e+00
1.128796616685889993e-02 2.781699346405228646e-01 4.363860053825451835e-01 1.000000000000000000e+00
1.104190695886197657e-02 2.739869281045751448e-01 4.298654363706266857e-01 1.000000000000000000e+00
1.079584775086505147e-02 2.698039215686274250e-01 4.233448673587081879e-01 1.000000000000000000e+00
1.054978854286813331e-02 2.656209150326798718e-01 4.168242983467899121e-01 1.000000000000000000e+00
1.030372933487120300e-02 2.614379084967320410e-01 4.103037293348712478e-01 1.000000000000000000e+00
1.005767012687427964e-02 2.572549019607843213e-01 4.037831603229526944e-01 1.000000000000000000e+00
9.811610918877354537e-03 2.530718954248366015e-01 3.972625913110342522e-01 1.000000000000000000e+00
9.565551710880429437e-03 2.488888888888888817e-01 3.907420222991156988e-01 1.000000000000000000e+00
9.319492502883506072e-03 2.447058823529411620e-01 3.842214532871972565e-01 1.000000000000000000e+00
9.073433294886582706e-03 2.405228758169934700e-01 3.777008842752787032e-01 1.000000000000000000e+00
8.827374086889657606e-03 2.363398692810457502e-01 3.711803152633602609e-01 1.000000000000000000e+00
8.581314878892732506e-03 2.321568627450980582e-01 3.646597462514417631e-01 1.000000000000000000e+00
8.335255670895809141e-03 2.279738562091503384e-01 3.581391772395232653e-01 1.000000000000000000e+00
8.089196462898885776e-03 2.237908496732026187e-01 3.516186082276047675e-01 1.000000000000000000e+00
7.843137254901960675e-03 2.196078431372548989e-01 3.450980392156862697e-01 1.000000000000000000e+00
