4.980392156862745168e-01 2.313725490196078538e-01 3.137254901960784270e-02 1.000000000000000000e+00
5.060361399461745791e-01 2.358323721645521065e-01 3.106497500961168806e-02 1.000000000000000000e+00
5.140330642060746413e-01 2.402921953094963592e-01 3.075740099961553342e-02 1.000000000000000000e+00
5.220299884659745926e-01 2.447520184544406119e-01 3.044982698961937531e-02 1.000000000000000000e+00
5.300269127258746549e-01 2.492118415993848646e-01 3.014225297962322067e-02 1.000000000000000000e+00
5.380238369857747172e-01 2.536716647443291173e-01 2.983467896962706603e-02 1.000000000000000000e+00
5.460207612456747794e-01 2.581314878892733700e-01 2.952710495963091139e-02 1.000000000000000000e+00
5.540176855055747307e-01 2.625913110342176227e-01 2.921953094963475328e-02 1.000000000000000000e+00
5.620146097654747930e-01 2.670511341791618753e-01 2.891195693963859864e-02 1.000000000000000000e+00
5.700115340253748553e-01 2.715109573241061280e-01 2.860438292964244400e-02 1.000000000000000000e+00
5.780084582852749175e-01 2.759707804690503807e-01 2.829680891964628936e-02 1.000000000000000000e+00
5.860053825451749798e-01 2.804306036139946334e-01 2.798923490965013125e-02 1.000000000000000000e+00
5.940023068050749311e-01 2.848904267589388861e-01 2.768166089965397661e-02 1.000000000000000000e+00
6.019992310649749934e-01 2.893502499038831388e-01 2.737408688965782197e-02 1.000000000000000000e+00
6.099961553248750556e-01 2.938100730488273915e-01 2.706651287966166386e-02 1.000000000000000000e+00
6.179930795847750069e-01 2.982698961937716442e-01 2.675893886966550922e-02 1.000000000000000000e+00
6.259900038446750692e-01 3.027297193387158969e-01 2.645136485966935458e-02 1.000000000000000000e+00
6.339869281045751315e-01 3.071895424836601496e-01 2.614379084967319994e-02 1.000000000000000000e+00
6.419838523644751938e-01 3.116493656286044023e-01 2.583621683967704530e-02 1.000000000000000000e+00
6.499807766243752560e-01 3.161091887735486550e-01 2.552864282968089066e-02 1.000000000000000000e+00
6.579777008842752073e-01 3.205690119184928522e-01 2.522106881968473255e-02 1.000000000000000000e+00
6.659746251441752696e-01 3.250288350634371604e-01 2.491349480968857791e-02 1.000000000000000000e+00
6.739715494040753319e-01 3.294886582083814131e-01 2.460592079969242327e-02 1.000000000000000000e+00
6.819684736639752831e-01 3.339484813533256657e-01 2.429834678969626516e-02 1.000000000000000000e+00
6.899653979238753454e-01 3.384083044982698629e-01 2.399077277970011052e-02 1.000000000000000000e+00
6.979623221837754077e-01 3.428681276432141711e-01 2.368319876970395588e-02 1.000000000000000000e+00
7.054209919261822392e-01 3.483275663206458761e-01 2.460592079969242327e-02 1.000000000000000000e+00
7.123414071510957291e-01 3.547866205305651444e-01 2.675893886966550922e-02 1.000000000000000000e+00
7.192618223760092189e-01 3.612456747404844126e-01 2.891195693963859864e-02 1.000000000000000000e+00
7.261822376009227087e-01 3.677047289504036809e-01 3.106497500961168459e-02 1.000000000000000000e+00
7.331026528258361985e-01 3.741637831603229492e-01 3.321799307958477054e-02 1.000000000000000000e+00
7.400230680507496883e-01 3.806228373702422174e-01 3.537101114955785996e-02 1.000000000000000000e+00
7.469434832756631781e-01 3.870818915801614857e-01 3.752402921953094245e-02 1.000000000000000000e+00
7.538638985005765569e-01 3.935409457900806984e-01 3.967704728950401799e-02 1.000000000000000000e+00
7.607843137254901578e-01 3.999999999999999667e-01 4.183006535947711435e-02 1.000000000000000000e+00
7.677047289504036476e-01 4.064590542099192350e-01 4.398308342945020377e-02 1.000000000000000000e+00
7.746251441753171374e-01 4.129181084198385032e-01 4.613610149942329319e-02 1.000000000000000000e+00
7.815455594002306272e-01 4.193771626297577160e-01 4.828911956939636874e-02 1.000000000000000000e+00
7.884659746251441170e-01 4.258362168396770397e-01 5.044213763936947204e-02 1.000000000000000000e+00
7.953863898500576068e-01 4.322952710495963080e-01 5.259515570934256146e-02 1.000000000000000000e+00
8.023068050749710967e-01 4.387543252595155208e-01 5.474817377931564394e-02 1.000000000000000000e+00
8.092272202998845865e-01 4.452133794694347335e-01 5.690119184928871254e-02 1.000000000000000000e+00
8.161476355247980763e-01 4.516724336793540573e-01 5.905420991926181584e-02 1.000000000000000000e+00
8.230680507497116771e-01 4.581314878892733256e-01 6.120722798923490526e-02 1.000000000000000000e+00
8.299884659746250559e-01 4.645905420991925938e-01 6.336024605920799468e-02 1.000000000000000000e+00
8.369088811995385457e-01 4.710495963091118066e-01 6.551326412918107023e-02 1.000000000000000000e+00
8.438292964244521466e-01 4.775086505190311303e-01 6.766628219915417353e-02 1.000000000000000000e+00
8.507497116493656364e-01 4.839677047289503431e-01 6.981930026912724907e-02 1.000000000000000000e+00
8.576701268742791262e-01 4.904267589388696669e-01 7.197231833910033849e-02 1.000000000000000000e+00
8.645905420991926160e-01 4.968858131487888796e-01 7.412533640907341403e-02 1.000000000000000000e+00
8.715109573241061058e-01 5.033448673587082034e-01 7.627835447904651733e-02 1.000000000000000000e+00
8.784313725490195957e-01 5.098039215686274161e-01 7.843137254901960675e-02 1.000000000000000000e+00
8.828911956939637928e-01 5.181084198385236261e-01 9.058054594386773239e-02 1.000000000000000000e+00
8.873510188389081010e-01 5.264129181084197251e-01 1.027297193387157748e-01 1.000000000000000000e+00
8.918108419838522982e-01 5.347174163783159351e-01 1.148788927335639976e-01 1.000000000000000000e+00
8.962706651287966064e-01 5.430219146482121451e-01 1.270280661284121093e-01 1.000000000000000000e+00
9.007304882737408036e-01 5.513264129181083550e-01 1.391772395232602488e-01 1.000000000000000000e+00
9.051903114186851118e-01 5.596309111880044540e-01 1.513264129181082773e-01 1.000000000000000000e+00
9.096501345636293090e-01 5.679354094579007750e-01 1.634755863129565001e-01 1.000000000000000000e+00
9.141099577085736172e-01 5.762399077277969850e-01 1.756247597078046396e-01 1.000000000000000000e+00
9.185697808535178144e-01 5.845444059976930840e-01 1.877739331026527791e-01 1.000000000000000000e+00
9.230296039984621226e-01 5.928489042675892939e-01 1.999231064975008076e-01 1.000000000000000000e+00
9.274894271434063198e-01 6.011534025374855039e-01 2.120722798923490304e-01 1.000000000000000000e+00
9.319492502883506280e-01 6.094579008073817139e-01 2.242214532871971422e-01 1.000000000000000000e+00
9.364090734332948252e-01 6.177623990772779239e-01 2.363706266820452817e-01 1.000000000000000000e+00
9.408688965782391334e-01 6.260668973471741339e-01 2.485198000768934212e-01 1.000000000000000000e+00
9.453287197231833305e-01 6.343713956170701218e-01 2.606689734717413387e-01 1.000000000000000000e+00
9.497885428681276387e-01 6.426758938869664428e-01 2.728181468665896725e-01 1.000000000000000000e+00
9.542483660130718359e-01 6.509803921568626528e-01 2.849673202614377843e-01 1.000000000000000000e+00
9.587081891580161441e-01 6.592848904267588628e-01 2.971164936562858960e-01 1.000000000000000000e+00
9.631680123029603413e-01 6.675893886966550728e-01 3.092656670511340633e-01 1.000000000000000000e+00
9.676278354479046495e-01 6.758938869665511717e-01 3.214148404459821751e-01 1.000000000000000000e+00
9.720876585928488467e-01 6.841983852364473817e-01 3.335640138408302868e-01 1.000000000000000000e+00
9.765474817377931549e-01 6.925028835063435917e-01 3.457131872356784541e-01 1.000000000000000000e+00
9.810073048827373521e-01 7.008073817762396907e-01 3.578623606305263993e-01 1.000000000000000000e+00
9.854671280276816603e-01 7.091118800461360117e-01 3.700115340253746776e-01 1.000000000000000000e+00
9.899269511726258575e-01 7.174163783160321106e-01 3.821607074202227894e-01 1.000000000000000000e+00
9.922337562475971318e-01 7.246443675509418592e-01 3.946174548250671044e-01 1.000000000000000000e+00
9.923875432525951501e-01 7.307958477508649242e-01 4.073817762399075670e-01 1.000000000000000000e+00
9.925413302575932795e-01 7.369473279507881003e-01 4.201460976547480297e-01 1.000000000000000000e+00
9.926951172625912978e-01 7.430988081507111653e-01 4.329104190695884924e-01 1.000000000000000000e+00
9.928489042675894272e-01 7.492502883506343414e-01 4.456747404844288996e-01 1.000000000000000000e+00
9.930026912725874455e-01 7.554017685505572954e-01 4.584390618992691957e-01 1.000000000000000000e+00
9.931564782775855749e-01 7.615532487504804715e-01 4.712033833141098249e-01 1.000000000000000000e+00
9.933102652825835932e-01 7.677047289504036476e-01 4.839677047289502876e-01 1.000000000000000000e+00
9.934640522875817226e-01 7.738562091503267126e-01 4.967320261437907503e-01 1.000000000000000000e+00
9.936178392925798519e-01 7.800076893502498887e-01 5.094963475586311574e-01 1.000000000000000000e+00
9.937716262975778703e-01 7.861591695501729538e-01 5.222606689734716756e-01 1.000000000000000000e+00
9.939254133025759996e-01 7.923106497500960188e-01 5.350249903883120828e-01 1.000000000000000000e+00
9.940792003075740180e-01 7.984621299500191949e-01 5.477893118031524899e-01 1.000000000000000000e+00
9.942329873125721473e-01 8.046136101499421489e-01 5.605536332179927861e-01 1.000000000000000000e+00
9.943867743175701657e-01 8.107650903498653250e-01 5.733179546328335263e-01 1.000000000000000000e+00
9.945405613225682950e-01 8.169165705497885011e-01 5.860822760476739335e-01 1.000000000000000000e+00
9.946943483275663134e-01 8.230680507497115661e-01 5.988465974625143406e-01 1.000000000000000000e+00
9.948481353325644427e-01 8.292195309496347422e-01 6.116109188773548588e-01 1.000000000000000000e+00
9.950019223375624611e-01 8.353710111495578072e-01 6.243752402921952660e-01 1.000000000000000000e+00
9.951557093425605904e-01 8.415224913494809833e-01 6.371395617070356732e-01 1.000000000000000000e+00
9.953094963475586088e-01 8.476739715494040484e-01 6.499038831218761914e-01 1.000000000000000000e+00
9.954632833525567381e-01 8.538254517493271134e-01 6.626682045367164875e-01 1.000000000000000000e+00
9.956170703575547565e-01 8.599769319492502895e-01 6.754325259515571167e-01 1.000000000000000000e+00
9.957708573625528858e-01 8.661284121491733545e-01 6.881968473663975239e-01 1.000000000000000000e+00
9.959246443675509042e-01 8.722798923490965306e-01 7.009611687812380421e-01 1.000000000000000000e+00
9.960784313725490335e-01 8.784313725490195957e-01 7.137254901960784492e-01 1.000000000000000000e+00
9.950019223375624611e-01 8.819684736639753497e-01 7.237216455209535271e-01 1.000000000000000000e+00
9.939254133025759996e-01 8.855055747789312148e-01 7.337178008458284939e-01 1.000000000000000000e+00
9.928489042675894272e-01 8.890426758938869689e-01 7.437139561707035718e-01 1.000000000000000000e+00
9.917723952326028547e-01 8.925797770088427230e-01 7.537101114955785386e-01 1.000000000000000000e+00
9.906958861976162822e-01 8.961168781237984771e-01 7.637062668204537275e-01 1.000000000000000000e+00
9.896193771626298208e-01 8.996539792387543422e-01 7.737024221453286943e-01 1.000000000000000000e+00
9.885428681276432483e-01 9.031910803537100962e-01 7.836985774702037721e-01 1.000000000000000000e+00
9.874663590926566759e-01 9.067281814686658503e-01 7.936947327950788500e-01 1.000000000000000000e+00
9.863898500576701034e-01 9.102652825836217154e-01 8.036908881199539278e-01 1.000000000000000000e+00
9.853133410226836419e-01 9.138023836985774695e-01 8.136870434448288947e-01 1.000000000000000000e+00
9.842368319876970695e-01 9.173394848135332236e-01 8.236831987697039725e-01 1.000000000000000000e+00
9.831603229527104970e-01 9.208765859284889777e-01 8.336793540945788283e-01 1.000000000000000000e+00
9.820838139177239245e-01 9.244136870434448428e-01 8.436755094194540172e-01 1.000000000000000000e+00
9.810073048827374631e-01 9.279507881584005968e-01 8.536716647443290951e-01 1.000000000000000000e+00
9.799307958477508906e-01 9.314878892733563509e-01 8.636678200692041729e-01 1.000000000000000000e+00
9.788542868127643182e-01 9.350249903883122160e-01 8.736639753940791397e-01 1.000000000000000000e+00
9.777777777777777457e-01 9.385620915032679701e-01 8.836601307189542176e-01 1.000000000000000000e+00
9.767012687427912843e-01 9.420991926182237242e-01 8.936562860438292955e-01 1.000000000000000000e+00
9.756247597078047118e-01 9.456362937331795893e-01 9.036524413687043733e-01 1.000000000000000000e+00
9.745482506728181393e-01 9.491733948481352323e-01 9.136485966935792291e-01 1.000000000000000000e+00
9.734717416378315669e-01 9.527104959630910974e-01 9.236447520184544180e-01 1.000000000000000000e+00
9.723952326028451054e-01 9.562475970780468515e-01 9.336409073433294958e-01 1.000000000000000000e+00
9.713187235678585330e-01 9.597846981930027166e-01 9.436370626682045737e-01 1.000000000000000000e+00
9.702422145328719605e-01 9.633217993079584707e-01 9.536332179930795405e-01 1.000000000000000000e+00
9.662437524029219293e-01 9.663975394079200587e-01 9.677047289504037142e-01 1.000000000000000000e+00
9.614763552479815845e-01 9.619377162629757505e-01 9.658592848904267170e-01 1.000000000000000000e+00
9.567089580930411286e-01 9.574778931180315533e-01 9.640138408304498308e-01 1.000000000000000000e+00
9.519415609381007837e-01 9.530180699730872451e-01 9.621683967704729445e-01 1.000000000000000000e+00
9.471741637831604388e-01 9.485582468281431590e-01 9.603229527104960583e-01 1.000000000000000000e+00
9.424067666282199829e-01 9.440984236831987397e-01 9.584775086505190611e-01 1.000000000000000000e+00
9.376393694732795270e-01 9.396386005382545425e-01 9.566320645905420639e-01 1.000000000000000000e+00
9.328719723183391821e-01 9.351787773933102343e-01 9.547866205305651777e-01 1.000000000000000000e+00
9.281045751633987262e-01 9.307189542483660372e-01 9.529411764705881804e-01 1.000000000000000000e+00
9.233371780084583813e-01 9.262591311034218400e-01 9.510957324106112942e-01 1.000000000000000000e+00
9.185697808535179254e-01 9.217993079584775318e-01 9.492502883506344080e-01 1.000000000000000000e+00
9.138023836985775805e-01 9.173394848135333346e-01 9.474048442906574108e-01 1.000000000000000000e+00
9.090349865436371246e-01 9.128796616685890264e-01 9.455594002306805246e-01 1.000000000000000000e+00
9.042675893886966687e-01 9.084198385236448292e-01 9.437139561707035273e-01 1.000000000000000000e+00
8.995001922337563238e-01 9.039600153787005210e-01 9.418685121107266411e-01 1.000000000000000000e+00
8.947327950788159789e-01 8.995001922337563238e-01 9.400230680507497549e-01 1.000000000000000000e+00
8.899653979238755230e-01 8.950403690888120156e-01 9.381776239907727577e-01 1.000000000000000000e+00
8.851980007689350671e-01 8.905805459438678184e-01 9.363321799307958715e-01 1.000000000000000000e+00
8.804306036139947222e-01 8.861207227989235102e-01 9.344867358708188743e-01 1.000000000000000000e+00
8.756632064590542663e-01 8.816608996539793131e-01 9.326412918108419881e-01 1.000000000000000000e+00
8.708958093041140325e-01 8.772010765090352269e-01 9.307958477508651018e-01 1.000000000000000000e+00
8.661284121491734656e-01 8.727412533640908077e-01 9.289504036908881046e-01 1.000000000000000000e+00
8.613610149942331207e-01 8.682814302191466105e-01 9.271049596309112184e-01 1.000000000000000000e+00
8.565936178392926648e-01 8.638216070742023023e-01 9.252595155709342212e-01 1.000000000000000000e+00
8.518262206843523199e-01 8.593617839292581051e-01 9.234140715109573350e-01 1.000000000000000000e+00
8.470588235294118640e-01 8.549019607843137969e-01 9.215686274509804488e-01 1.000000000000000000e+00
8.412149173394849466e-01 8.476739715494042704e-01 9.177239523260285470e-01 1.000000000000000000e+00
8.353710111495580293e-01 8.404459823144946329e-01 9.138792772010765342e-01 1.000000000000000000e+00
8.295271049596311119e-01 8.332179930795848843e-01 9.100346020761246324e-01 1.000000000000000000e+00
8.236831987697040836e-01 8.259900038446752468e-01 9.061899269511727306e-01 1.000000000000000000e+00
8.178392925797771662e-01 8.187620146097656093e-01 9.023452518262207178e-01 1.000000000000000000e+00
8.119953863898502489e-01 8.115340253748559718e-01 8.985005767012688160e-01 1.000000000000000000e+00
8.061514801999232205e-01 8.043060361399463343e-01 8.946559015763169143e-01 1.000000000000000000e+00
8.003075740099963031e-01 7.970780469050366968e-01 8.908112264513649015e-01 1.000000000000000000e+00
7.944636678200693858e-01 7.898500576701270592e-01 8.869665513264129997e-01 1.000000000000000000e+00
7.886197616301423574e-01 7.826220684352174217e-01 8.831218762014609869e-01 1.000000000000000000e+00
7.827758554402156621e-01 7.753940792003080062e-01 8.792772010765091961e-01 1.000000000000000000e+00
7.769319492502885227e-01 7.681660899653981467e-01 8.754325259515571833e-01 1.000000000000000000e+00
7.710880430603614943e-01 7.609381007304883981e-01 8.715878508266051705e-01 1.000000000000000000e+00
7.652441368704345770e-01 7.537101114955787606e-01 8.677431757016532687e-01 1.000000000000000000e+00
7.594002306805076596e-01 7.464821222606691231e-01 8.638985005767013670e-01 1.000000000000000000e+00
7.535563244905807423e-01 7.392541330257594856e-01 8.600538254517493542e-01 1.000000000000000000e+00
7.477124183006537139e-01 7.320261437908498481e-01 8.562091503267974524e-01 1.000000000000000000e+00
7.418685121107267966e-01 7.247981545559402106e-01 8.523644752018455506e-01 1.000000000000000000e+00
7.360246059207997682e-01 7.175701653210304620e-01 8.485198000768935378e-01 1.000000000000000000e+00
7.301806997308728509e-01 7.103421760861208245e-01 8.446751249519416360e-01 1.000000000000000000e+00
7.243367935409459335e-01 7.031141868512111870e-01 8.408304498269897342e-01 1.000000000000000000e+00
7.184928873510190162e-01 6.958861976163015495e-01 8.369857747020377214e-01 1.000000000000000000e+00
7.126489811610919878e-01 6.886582083813919120e-01 8.331410995770858197e-01 1.000000000000000000e+00
7.068050749711650704e-01 6.814302191464822744e-01 8.292964244521339179e-01 1.000000000000000000e+00
7.009611687812381531e-01 6.742022299115726369e-01 8.254517493271819051e-01 1.000000000000000000e+00
6.941945405613227926e-01 6.662821991541716393e-01 8.206074586697424955e-01 1.000000000000000000e+00
6.865051903114191001e-01 6.576701268742795037e-01 8.147635524798158002e-01 1.000000000000000000e+00
6.788158400615149635e-01 6.490580545943869240e-01 8.089196462898886608e-01 1.000000000000000000e+00
6.711264898116110489e-01 6.404459823144945663e-01 8.030757400999616324e-01 1.000000000000000000e+00
6.634371395617071343e-01 6.318339100346022086e-01 7.972318339100347151e-01 1.000000000000000000e+00
6.557477893118033307e-01 6.232218377547098509e-01 7.913879277201077977e-01 1.000000000000000000e+00
6.480584390618994162e-01 6.146097654748174932e-01 7.855440215301807694e-01 1.000000000000000000e+00
6.403690888119955016e-01 6.059976931949251355e-01 7.797001153402538520e-01 1.000000000000000000e+00
6.326797385620915870e-01 5.973856209150327778e-01 7.738562091503269347e-01 1.000000000000000000e+00
6.249903883121876724e-01 5.887735486351404202e-01 7.680123029603999063e-01 1.000000000000000000e+00
6.173010380622838689e-01 5.801614763552480625e-01 7.621683967704729890e-01 1.000000000000000000e+00
6.096116878123799543e-01 5.715494040753557048e-01 7.563244905805460716e-01 1.000000000000000000e+00
6.019223375624760397e-01 5.629373317954633471e-01 7.504805843906190432e-01 1.000000000000000000e+00
5.942329873125722361e-01 5.543252595155709894e-01 7.446366782006921259e-01 1.000000000000000000e+00
5.865436370626683216e-01 5.457131872356786317e-01 7.387927720107652085e-01 1.000000000000000000e+00
5.788542868127644070e-01 5.371011149557862741e-01 7.329488658208381802e-01 1.000000000000000000e+00
5.711649365628604924e-01 5.284890426758939164e-01 7.271049596309112628e-01 1.000000000000000000e+00
5.634755863129567999e-01 5.198769703960017807e-01 7.212610534409844565e-01 1.000000000000000000e+00
5.557862360630527743e-01 5.112648981161092010e-01 7.154171472510573171e-01 1.000000000000000000e+00
5.480968858131488597e-01 5.026528258362168433e-01 7.095732410611303997e-01 1.000000000000000000e+00
5.404075355632449451e-01 4.940407535563245411e-01 7.037293348712034824e-01 1.000000000000000000e+00
5.327181853133410305e-01 4.854286812764321835e-01 6.978854286812765650e-01 1.000000000000000000e+00
5.250288350634371159e-01 4.768166089965398258e-01 6.920415224913495367e-01 1.000000000000000000e+00
5.173394848135333124e-01 4.682045367166474681e-01 6.861976163014225083e-01 1.000000000000000000e+00
5.096501345636293978e-01 4.595924644367551104e-01 6.803537101114955910e-01 1.000000000000000000e+00
5.019607843137254832e-01 4.509803921568627527e-01 6.745098039215686736e-01 1.000000000000000000e+00
4.951941560938100673e-01 4.392925797770088625e-01 6.689734717416379040e-01 1.000000000000000000e+00
4.884275278738946513e-01 4.276047673971549723e-01 6.634371395617070233e-01 1.000000000000000000e+00
4.816608996539792353e-01 4.159169550173010266e-01 6.579008073817762536e-01 1.000000000000000000e+00
4.748942714340638194e-01 4.042291426374471364e-01 6.523644752018454840e-01 1.000000000000000000e+00
4.681276432141484034e-01 3.925413302575932462e-01 6.468281430219147143e-01 1.000000000000000000e+00
4.613610149942329874e-01 3.808535178777393559e-01 6.412918108419838337e-01 1.000000000000000000e+00
4.545943867743175715e-01 3.691657054978854102e-01 6.357554786620530640e-01 1.000000000000000000e+00
4.478277585544023220e-01 3.574778931180318531e-01 6.302191464821224054e-01 1.000000000000000000e+00
4.410611303344867395e-01 3.457900807381776298e-01 6.246828143021915247e-01 1.000000000000000000e+00
4.342945021145713236e-01 3.341022683583237396e-01 6.191464821222606441e-01 1.000000000000000000e+00
4.275278738946559076e-01 3.224144559784698494e-01 6.136101499423298744e-01 1.000000000000000000e+00
4.207612456747404917e-01 3.107266435986159037e-01 6.080738177623991048e-01 1.000000000000000000e+00
4.139946174548250757e-01 2.990388312187620690e-01 6.025374855824683351e-01 1.000000000000000000e+00
4.072279892349096597e-01 2.873510188389081232e-01 5.970011534025374544e-01 1.000000000000000000e+00
4.004613610149942438e-01 2.756632064590541775e-01 5.914648212226066848e-01 1.000000000000000000e+00
3.936947327950788278e-01 2.639753940792003428e-01 5.859284890426759151e-01 1.000000000000000000e+00
3.869281045751634118e-01 2.522875816993463971e-01 5.803921568627451455e-01 1.000000000000000000e+00
3.801614763552479959e-01 2.405997693194925069e-01 5.748558246828142648e-01 1.000000000000000000e+00
3.733948481353325244e-01 2.289119569396386167e-01 5.693194925028834952e-01 1.000000000000000000e+00
3.666282199154171639e-01 2.172241445597846987e-01 5.637831603229527255e-01 1.000000000000000000e+00
3.598615916955016925e-01 2.055363321799308085e-01 5.582468281430219559e-01 1.000000000000000000e+00
3.530949634755863320e-01 1.938485198000768905e-01 5.527104959630910752e-01 1.000000000000000000e+00
3.463283352556708605e-01 1.821607074202230003e-01 5.471741637831603056e-01 1.000000000000000000e+00
3.395617070357556666e-01 1.704728950403694432e-01 5.416378316032296469e-01 1.000000000000000000e+00
3.327950788158400286e-01 1.587850826605152199e-01 5.361014994232987663e-01 1.000000000000000000e+00
3.264129181084198250e-01 1.499423298731257237e-01 5.286428296808919347e-01 1.000000000000000000e+00
3.204152249134948338e-01 1.439446366782007047e-01 5.192618223760092633e-01 1.000000000000000000e+00
3.144175317185697871e-01 1.379469434832756858e-01 5.098808150711264808e-01 1.000000000000000000e+00
3.084198385236447404e-01 1.319492502883506391e-01 5.004998077662436984e-01 1.000000000000000000e+00
3.024221453287196937e-01 1.259515570934256201e-01 4.911188004613610270e-01 1.000000000000000000e+00
2.964244521337947025e-01 1.199538638985005873e-01 4.817377931564782445e-01 1.000000000000000000e+00
2.904267589388696558e-01 1.139561707035755544e-01 4.723567858515955176e-01 1.000000000000000000e+00
2.844290657439446646e-01 1.079584775086505355e-01 4.629757785467127906e-01 1.000000000000000000e+00
2.784313725490196179e-01 1.019607843137255027e-01 4.535947712418300637e-01 1.000000000000000000e+00
2.724336793540945711e-01 9.596309111880046983e-02 4.442137639369473368e-01 1.000000000000000000e+00
2.664359861591695244e-01 8.996539792387543699e-02 4.348327566320646098e-01 1.000000000000000000e+00
2.604382929642445332e-01 8.396770472895040416e-02 4.254517493271818829e-01 1.000000000000000000e+00
2.544405997693194865e-01 7.797001153402538520e-02 4.160707420222991004e-01 1.000000000000000000e+00
2.484429065743944676e-01 7.197231833910035237e-02 4.066897347174163735e-01 1.000000000000000000e+00
2.424452133794696151e-01 6.597462514417549995e-02 3.973087274125339241e-01 1.000000000000000000e+00
2.364475201845444019e-01 5.997693194925030058e-02 3.879277201076509196e-01 1.000000000000000000e+00
2.304498269896193829e-01 5.397923875432525387e-02 3.785467128027681927e-01 1.000000000000000000e+00
2.244521337946943640e-01 4.798154555940023491e-02 3.691657054978854102e-01 1.000000000000000000e+00
2.184544405997693173e-01 4.198385236447520208e-02 3.597846981930027388e-01 1.000000000000000000e+00
2.124567474048443261e-01 3.598615916955018312e-02 3.504036908881199563e-01 1.000000000000000000e+00
2.064590542099192794e-01 2.998846597462513641e-02 3.410226835832372294e-01 1.000000000000000000e+00
2.004613610149942327e-01 2.399077277970010358e-02 3.316416762783545025e-01 1.000000000000000000e+00
1.944636678200692137e-01 1.799307958477508462e-02 3.222606689734717200e-01 1.000000000000000000e+00
1.884659746251441947e-01 1.199538638985006567e-02 3.128796616685890486e-01 1.000000000000000000e+00
1.824682814302191480e-01 5.997693194925018956e-03 3.034986543637062661e-01 1.000000000000000000e+00
1.764705882352941291e-01 0.000000000000000000e+00 2.941176470588235392e-01 1.000000000000000000e+00
