1.764705882352941291e-01 0.000000000000000000e+00 2.941176470588235392e-01 1.000000000000000000e+00
1.824682814302191480e-01 5.997693194925029364e-03 3.034986543637062661e-01 1.000000000000000000e+00
1.884659746251441947e-01 1.199538638985005873e-02 3.128796616685889931e-01 1.000000000000000000e+00
1.944636678200692137e-01 1.799307958477508809e-02 3.222606689734717200e-01 1.000000000000000000e+00
2.004613610149942327e-01 2.399077277970011746e-02 3.316416762783545025e-01 1.000000000000000000e+00
2.064590542099192794e-01 2.998846597462514682e-02 3.410226835832372294e-01 1.000000000000000000e+00
2.124567474048442983e-01 3.598615916955017618e-02 3.504036908881199563e-01 1.000000000000000000e+00
2.184544405997693173e-01 4.198385236447520902e-02 3.597846981930026833e-01 1.000000000000000000e+00
2.244521337946943640e-01 4.798154555940023491e-02 3.691657054978854102e-01 1.000000000000000000e+00
2.304498269896193829e-01 5.397923875432526775e-02 3.785467128027681927e-01 1.000000000000000000e+00
2.364475201845444019e-01 5.997693194925029364e-02 3.879277201076509196e-01 1.000000000000000000e+00
2.424452133794694486e-01 6.597462514417531954e-02 3.973087274125336466e-01 1.000000000000000000e+00
2.484429065743944676e-01 7.197231833910035237e-02 4.066897347174163735e-01 1.000000000000000000e+00
2.544405997693194865e-01 7.797001153402537132e-02 4.160707420222991004e-01 1.000000000000000000e+00
2.604382929642445332e-01 8.396770472895041804e-02 4.254517493271818829e-01 1.000000000000000000e+00
2.664359861591695244e-01 8.996539792387543699e-02 4.348327566320645543e-01 1.000000000000000000e+00
2.724336793540945711e-01 9.596309111880046983e-02 4.442137639369473368e-01 1.000000000000000000e+00
2.784313725490196179e-01 1.019607843137254888e-01 4.535947712418300637e-01 1.000000000000000000e+00
2.844290657439446646e-01 1.079584775086505355e-01 4.629757785467127906e-01 1.000000000000000000e+00
2.904267589388696558e-01 1.139561707035755544e-01 4.723567858515955731e-01 1.000000000000000000e+00
2.964244521337947025e-01 1.199538638985005873e-01 4.817377931564782445e-01 1.000000000000000000e+00
3.024221453287196937e-01 1.259515570934256201e-01 4.911188004613610270e-01 1.000000000000000000e+00
3.084198385236447404e-01 1.319492502883506391e-01 5.004998077662436984e-01 1.000000000000000000e+00
3.144175317185697871e-01 1.379469434832756858e-01 5.098808150711264808e-01 1.000000000000000000e+00
3.204152249134948338e-01 1.439446366782007047e-01 5.192618223760092633e-01 1.000000000000000000e+00
3.264129181084198250e-01 1.499423298731257237e-01 5.286428296808919347e-01 1.000000000000000000e+00
3.327950788158400841e-01 1.587850826605151922e-01 5.361014994232987663e-01 1.000000000000000000e+00
3.395617070357555001e-01 1.704728950403691101e-01 5.416378316032295359e-01 1.000000000000000000e+00
3.463283352556709160e-01 1.821607074202230003e-01 5.471741637831603056e-01 1.000000000000000000e+00
3.530949634755863320e-01 1.938485198000769183e-01 5.527104959630910752e-01 1.000000000000000000e+00
3.598615916955017480e-01 2.055363321799308085e-01 5.582468281430219559e-01 1.000000000000000000e+00
3.666282199154171639e-01 2.172241445597847265e-01 5.637831603229527255e-01 1.000000000000000000e+00
3.733948481353325799e-01 2.289119569396386167e-01 5.693194925028834952e-01 1.000000000000000000e+00
3.801614763552479404e-01 2.405997693194924514e-01 5.748558246828142648e-01 1.000000000000000000e+00
3.869281045751634118e-01 2.522875816993463971e-01 5.803921568627451455e-01 1.000000000000000000e+00
3.936947327950788278e-01 2.639753940792003428e-01 5.859284890426759151e-01 1.000000000000000000e+00
4.004613610149942438e-01 2.756632064590542330e-01 5.914648212226066848e-01 1.000000000000000000e+00
4.072279892349096042e-01 2.873510188389080122e-01 5.970011534025374544e-01 1.000000000000000000e+00
4.139946174548250757e-01 2.990388312187620135e-01 6.025374855824683351e-01 1.000000000000000000e+00
4.207612456747404917e-01 3.107266435986159037e-01 6.080738177623991048e-01 1.000000000000000000e+00
4.275278738946559076e-01 3.224144559784698494e-01 6.136101499423298744e-01 1.000000000000000000e+00
4.342945021145712681e-01 3.341022683583236841e-01 6.191464821222606441e-01 1.000000000000000000e+00
4.410611303344867395e-01 3.457900807381776298e-01 6.246828143021915247e-01 1.000000000000000000e+00
4.478277585544021555e-01 3.574778931180315755e-01 6.302191464821222944e-01 1.000000000000000000e+00
4.545943867743175715e-01 3.691657054978854102e-01 6.357554786620530640e-01 1.000000000000000000e+00
4.613610149942329319e-01 3.808535178777392449e-01 6.412918108419838337e-01 1.000000000000000000e+00
4.681276432141484034e-01 3.925413302575932462e-01 6.468281430219147143e-01 1.000000000000000000e+00
4.748942714340638194e-01 4.042291426374471364e-01 6.523644752018454840e-01 1.000000000000000000e+00
4.816608996539792353e-01 4.159169550173010266e-01 6.579008073817762536e-01 1.000000000000000000e+00
4.884275278738945958e-01 4.276047673971548613e-01 6.634371395617070233e-01 1.000000000000000000e+00
4.951941560938100673e-01 4.392925797770088625e-01 6.689734717416379040e-01 1.000000000000000000e+00
5.019607843137254832e-01 4.509803921568627527e-01 6.745098039215686736e-01 1.000000000000000000e+00
5.096501345636293978e-01 4.595924644367551104e-01 6.803537101114955910e-01 1.000000000000000000e+00
5.173394848135332014e-01 4.682045367166473571e-01 6.861976163014225083e-01 1.000000000000000000e+00
5.250288350634371159e-01 4.768166089965397703e-01 6.920415224913495367e-01 1.000000000000000000e+00
5.327181853133410305e-01 4.854286812764321279e-01 6.978854286812764540e-01 1.000000000000000000e+00
5.404075355632448341e-01 4.940407535563244856e-01 7.037293348712033714e-01 1.000000000000000000e+00
5.480968858131487487e-01 5.026528258362167323e-01 7.095732410611302887e-01 1.000000000000000000e+00
5.557862360630526632e-01 5.112648981161092010e-01 7.154171472510573171e-01 1.000000000000000000e+00
5.634755863129564668e-01 5.198769703960014477e-01 7.212610534409842344e-01 1.000000000000000000e+00
5.711649365628603814e-01 5.284890426758938053e-01 7.271049596309111518e-01 1.000000000000000000e+00
5.788542868127641849e-01 5.371011149557860520e-01 7.329488658208380691e-01 1.000000000000000000e+00
5.865436370626680995e-01 5.457131872356785207e-01 7.387927720107650975e-01 1.000000000000000000e+00
5.942329873125720141e-01 5.543252595155708784e-01 7.446366782006920149e-01 1.000000000000000000e+00
6.019223375624759287e-01 5.629373317954632361e-01 7.504805843906189322e-01 1.000000000000000000e+00
6.096116878123797322e-01 5.715494040753555938e-01 7.563244905805459606e-01 1.000000000000000000e+00
6.173010380622835358e-01 5.801614763552477294e-01 7.621683967704727669e-01 1.000000000000000000e+00
6.249903883121875614e-01 5.887735486351401981e-01 7.680123029603997953e-01 1.000000000000000000e+00
6.326797385620913650e-01 5.973856209150325558e-01 7.738562091503267126e-01 1.000000000000000000e+00
6.403690888119952795e-01 6.059976931949249135e-01 7.797001153402536300e-01 1.000000000000000000e+00
6.480584390618991941e-01 6.146097654748172712e-01 7.855440215301806584e-01 1.000000000000000000e+00
6.557477893118029977e-01 6.232218377547096289e-01 7.913879277201075757e-01 1.000000000000000000e+00
6.634371395617069123e-01 6.318339100346019865e-01 7.972318339100344931e-01 1.000000000000000000e+00
6.711264898116108268e-01 6.404459823144942332e-01 8.030757400999614104e-01 1.000000000000000000e+00
6.788158400615145194e-01 6.490580545943864799e-01 8.089196462898883278e-01 1.000000000000000000e+00
6.865051903114185450e-01 6.576701268742789486e-01 8.147635524798153561e-01 1.000000000000000000e+00
6.941945405613223485e-01 6.662821991541713063e-01 8.206074586697422735e-01 1.000000000000000000e+00
7.009611687812378200e-01 6.742022299115723039e-01 8.254517493271817941e-01 1.000000000000000000e+00
7.068050749711648484e-01 6.814302191464819414e-01 8.292964244521336958e-01 1.000000000000000000e+00
7.126489811610917657e-01 6.886582083813915789e-01 8.331410995770855976e-01 1.000000000000000000e+00
7.184928873510186831e-01 6.958861976163013274e-01 8.369857747020376104e-01 1.000000000000000000e+00
7.243367935409457115e-01 7.031141868512109649e-01 8.408304498269895122e-01 1.000000000000000000e+00
7.301806997308725178e-01 7.103421760861204914e-01 8.446751249519414140e-01 1.000000000000000000e+00
7.360246059207995462e-01 7.175701653210302400e-01 8.485198000768934268e-01 1.000000000000000000e+00
7.418685121107265745e-01 7.247981545559398775e-01 8.523644752018453286e-01 1.000000000000000000e+00
7.477124183006534919e-01 7.320261437908495150e-01 8.562091503267973414e-01 1.000000000000000000e+00
7.535563244905805202e-01 7.392541330257592636e-01 8.600538254517492431e-01 1.000000000000000000e+00
7.594002306805074376e-01 7.464821222606689011e-01 8.638985005767011449e-01 1.000000000000000000e+00
7.652441368704343549e-01 7.537101114955785386e-01 8.677431757016531577e-01 1.000000000000000000e+00
7.710880430603612723e-01 7.609381007304881761e-01 8.715878508266050595e-01 1.000000000000000000e+00
7.769319492502881896e-01 7.681660899653977026e-01 8.754325259515569613e-01 1.000000000000000000e+00
7.827758554402152180e-01 7.753940792003074511e-01 8.792772010765089741e-01 1.000000000000000000e+00
7.886197616301422464e-01 7.826220684352170887e-01 8.831218762014608759e-01 1.000000000000000000e+00
7.944636678200691637e-01 7.898500576701268372e-01 8.869665513264128887e-01 1.000000000000000000e+00
8.003075740099960811e-01 7.970780469050364747e-01 8.908112264513647904e-01 1.000000000000000000e+00
8.061514801999231095e-01 8.043060361399461122e-01 8.946559015763166922e-01 1.000000000000000000e+00
8.119953863898500268e-01 8.115340253748557497e-01 8.985005767012687050e-01 1.000000000000000000e+00
8.178392925797769442e-01 8.187620146097653873e-01 9.023452518262206068e-01 1.000000000000000000e+00
8.236831987697038615e-01 8.259900038446750248e-01 9.061899269511725086e-01 1.000000000000000000e+00
8.295271049596308899e-01 8.332179930795846623e-01 9.100346020761245214e-01 1.000000000000000000e+00
8.353710111495578072e-01 8.404459823144944108e-01 9.138792772010764232e-01 1.000000000000000000e+00
8.412149173394848356e-01 8.476739715494040484e-01 9.177239523260284360e-01 1.000000000000000000e+00
8.470588235294117530e-01 8.549019607843136859e-01 9.215686274509803377e-01 1.000000000000000000e+00
8.518262206843522089e-01 8.593617839292579941e-01 9.234140715109572239e-01 1.000000000000000000e+00
8.565936178392925537e-01 8.638216070742021913e-01 9.252595155709342212e-01 1.000000000000000000e+00
8.613610149942330096e-01 8.682814302191464995e-01 9.271049596309111074e-01 1.000000000000000000e+00
8.661284121491733545e-01 8.727412533640905856e-01 9.289504036908879936e-01 1.000000000000000000e+00
8.708958093041138104e-01 8.772010765090350048e-01 9.307958477508649908e-01 1.000000000000000000e+00
8.756632064590541553e-01 8.816608996539792020e-01 9.326412918108419881e-01 1.000000000000000000e+00
8.804306036139946112e-01 8.861207227989235102e-01 9.344867358708188743e-01 1.000000000000000000e+00
8.851980007689350671e-01 8.905805459438677074e-01 9.363321799307957605e-01 1.000000000000000000e+00
8.899653979238754120e-01 8.950403690888120156e-01 9.381776239907727577e-01 1.000000000000000000e+00
8.947327950788158679e-01 8.995001922337562128e-01 9.400230680507496439e-01 1.000000000000000000e+00
8.995001922337562128e-01 9.039600153787005210e-01 9.418685121107266411e-01 1.000000000000000000e+00
9.042675893886965577e-01 9.084198385236447182e-01 9.437139561707035273e-01 1.000000000000000000e+00
9.090349865436370136e-01 9.128796616685890264e-01 9.455594002306805246e-01 1.000000000000000000e+00
9.138023836985774695e-01 9.173394848135332236e-01 9.474048442906574108e-01 1.000000000000000000e+00
9.185697808535178144e-01 9.217993079584775318e-01 9.492502883506342970e-01 1.000000000000000000e+00
9.233371780084582703e-01 9.262591311034217290e-01 9.510957324106112942e-01 1.000000000000000000e+00
9.281045751633987262e-01 9.307189542483660372e-01 9.529411764705881804e-01 1.000000000000000000e+00
9.328719723183390711e-01 9.351787773933102343e-01 9.547866205305651777e-01 1.000000000000000000e+00
9.376393694732795270e-01 9.396386005382545425e-01 9.566320645905420639e-01 1.000000000000000000e+00
9.424067666282198719e-01 9.440984236831987397e-01 9.584775086505189501e-01 1.000000000000000000e+00
9.471741637831603278e-01 9.485582468281430479e-01 9.603229527104959473e-01 1.000000000000000000e+00
9.519415609381007837e-01 9.530180699730872451e-01 9.621683967704728335e-01 1.000000000000000000e+00
9.567089580930411286e-01 9.574778931180315533e-01 9.640138408304498308e-01 1.000000000000000000e+00
9.614763552479815845e-01 9.619377162629757505e-01 9.658592848904267170e-01 1.000000000000000000e+00
9.691657054978853880e-01 9.668589004229142247e-01 9.636293733179546184e-01 1.000000000000000000e+00
9.702422145328719605e-01 9.633217993079584707e-01 9.536332179930796515e-01 1.000000000000000000e+00
9.713187235678585330e-01 9.597846981930027166e-01 9.436370626682045737e-01 1.000000000000000000e+00
9.723952326028451054e-01 9.562475970780469625e-01 9.336409073433294958e-01 1.000000000000000000e+00
9.734717416378315669e-01 9.527104959630912084e-01 9.236447520184547511e-01 1.000000000000000000e+00
9.745482506728181393e-01 9.491733948481353433e-01 9.136485966935794512e-01 1.000000000000000000e+00
9.756247597078047118e-01 9.456362937331795893e-01 9.036524413687043733e-01 1.000000000000000000e+00
9.767012687427912843e-01 9.420991926182238352e-01 8.936562860438294065e-01 1.000000000000000000e+00
9.777777777777777457e-01 9.385620915032679701e-01 8.836601307189543286e-01 1.000000000000000000e+00
9.788542868127643182e-01 9.350249903883122160e-01 8.736639753940793618e-01 1.000000000000000000e+00
9.799307958477508906e-01 9.314878892733564619e-01 8.636678200692042839e-01 1.000000000000000000e+00
9.810073048827373521e-01 9.279507881584005968e-01 8.536716647443292061e-01 1.000000000000000000e+00
9.820838139177239245e-01 9.244136870434448428e-01 8.436755094194542393e-01 1.000000000000000000e+00
9.831603229527104970e-01 9.208765859284890887e-01 8.336793540945791614e-01 1.000000000000000000e+00
9.842368319876970695e-01 9.173394848135333346e-01 8.236831987697041946e-01 1.000000000000000000e+00
9.853133410226835309e-01 9.138023836985775805e-01 8.136870434448291167e-01 1.000000000000000000e+00
9.863898500576701034e-01 9.102652825836217154e-01 8.036908881199540389e-01 1.000000000000000000e+00
9.874663590926566759e-01 9.067281814686659613e-01 7.936947327950789610e-01 1.000000000000000000e+00
9.885428681276432483e-01 9.031910803537102073e-01 7.836985774702039942e-01 1.000000000000000000e+00
9.896193771626297098e-01 8.996539792387543422e-01 7.737024221453289163e-01 1.000000000000000000e+00
9.906958861976162822e-01 8.961168781237986991e-01 7.637062668204541716e-01 1.000000000000000000e+00
9.917723952326028547e-01 8.925797770088428340e-01 7.537101114955788717e-01 1.000000000000000000e+00
9.928489042675894272e-01 8.890426758938870799e-01 7.437139561707037938e-01 1.000000000000000000e+00
9.939254133025758886e-01 8.855055747789313259e-01 7.337178008458288270e-01 1.000000000000000000e+00
9.950019223375624611e-01 8.819684736639754608e-01 7.237216455209537491e-01 1.000000000000000000e+00
9.960784313725490335e-01 8.784313725490197067e-01 7.137254901960787823e-01 1.000000000000000000e+00
9.959246443675510152e-01 8.722798923490966416e-01 7.009611687812383751e-01 1.000000000000000000e+00
9.957708573625528858e-01 8.661284121491735766e-01 6.881968473663979680e-01 1.000000000000000000e+00
9.956170703575547565e-01 8.599769319492504005e-01 6.754325259515574498e-01 1.000000000000000000e+00
9.954632833525567381e-01 8.538254517493273354e-01 6.626682045367170426e-01 1.000000000000000000e+00
9.953094963475586088e-01 8.476739715494042704e-01 6.499038831218766354e-01 1.000000000000000000e+00
9.951557093425605904e-01 8.415224913494810943e-01 6.371395617070361173e-01 1.000000000000000000e+00
9.950019223375624611e-01 8.353710111495580293e-01 6.243752402921957101e-01 1.000000000000000000e+00
9.948481353325644427e-01 8.292195309496349642e-01 6.116109188773553029e-01 1.000000000000000000e+00
9.946943483275663134e-01 8.230680507497117881e-01 5.988465974625147847e-01 1.000000000000000000e+00
9.945405613225682950e-01 8.169165705497887231e-01 5.860822760476743776e-01 1.000000000000000000e+00
9.943867743175701657e-01 8.107650903498657691e-01 5.733179546328343035e-01 1.000000000000000000e+00
9.942329873125721473e-01 8.046136101499424820e-01 5.605536332179934522e-01 1.000000000000000000e+00
9.940792003075740180e-01 7.984621299500194169e-01 5.477893118031530451e-01 1.000000000000000000e+00
9.939254133025759996e-01 7.923106497500962409e-01 5.350249903883125269e-01 1.000000000000000000e+00
9.937716262975778703e-01 7.861591695501731758e-01 5.222606689734721197e-01 1.000000000000000000e+00
9.936178392925798519e-01 7.800076893502501107e-01 5.094963475586317125e-01 1.000000000000000000e+00
9.934640522875817226e-01 7.738562091503269347e-01 4.967320261437911944e-01 1.000000000000000000e+00
9.933102652825837042e-01 7.677047289504038696e-01 4.839677047289507872e-01 1.000000000000000000e+00
9.931564782775855749e-01 7.615532487504808046e-01 4.712033833141103245e-01 1.000000000000000000e+00
9.930026912725874455e-01 7.554017685505576285e-01 4.584390618992698618e-01 1.000000000000000000e+00
9.928489042675894272e-01 7.492502883506345635e-01 4.456747404844294547e-01 1.000000000000000000e+00
9.926951172625912978e-01 7.430988081507113874e-01 4.329104190695889920e-01 1.000000000000000000e+00
9.925413302575932795e-01 7.369473279507883223e-01 4.201460976547485293e-01 1.000000000000000000e+00
9.923875432525951501e-01 7.307958477508652573e-01 4.073817762399081222e-01 1.000000000000000000e+00
9.922337562475971318e-01 7.246443675509420812e-01 3.946174548250676595e-01 1.000000000000000000e+00
9.899269511726260795e-01 7.174163783160325547e-01 3.821607074202233445e-01 1.000000000000000000e+00
9.854671280276818823e-01 7.091118800461365668e-01 3.700115340253755103e-01 1.000000000000000000e+00
9.810073048827375741e-01 7.008073817762401347e-01 3.578623606305270100e-01 1.000000000000000000e+00
9.765474817377932659e-01 6.925028835063439248e-01 3.457131872356788982e-01 1.000000000000000000e+00
9.720876585928490687e-01 6.841983852364477148e-01 3.335640138408307309e-01 1.000000000000000000e+00
9.676278354479047605e-01 6.758938869665515048e-01 3.214148404459825636e-01 1.000000000000000000e+00
9.631680123029605634e-01 6.675893886966552948e-01 3.092656670511344519e-01 1.000000000000000000e+00
9.587081891580162551e-01 6.592848904267590848e-01 2.971164936562862846e-01 1.000000000000000000e+00
9.542483660130719469e-01 6.509803921568628748e-01 2.849673202614381173e-01 1.000000000000000000e+00
9.497885428681277498e-01 6.426758938869666649e-01 2.728181468665900056e-01 1.000000000000000000e+00
9.453287197231834416e-01 6.343713956170704549e-01 2.606689734717418383e-01 1.000000000000000000e+00
9.408688965782392444e-01 6.260668973471742449e-01 2.485198000768936988e-01 1.000000000000000000e+00
9.364090734332949362e-01 6.177623990772780349e-01 2.363706266820455593e-01 1.000000000000000000e+00
9.319492502883507390e-01 6.094579008073818249e-01 2.242214532871973920e-01 1.000000000000000000e+00
9.274894271434064308e-01 6.011534025374856149e-01 2.120722798923492525e-01 1.000000000000000000e+00
9.230296039984622336e-01 5.928489042675894050e-01 1.999231064975010852e-01 1.000000000000000000e+00
9.185697808535179254e-01 5.845444059976931950e-01 1.877739331026529457e-01 1.000000000000000000e+00
9.141099577085738392e-01 5.762399077277973181e-01 1.756247597078051392e-01 1.000000000000000000e+00
9.096501345636294200e-01 5.679354094579008860e-01 1.634755863129566666e-01 1.000000000000000000e+00
9.051903114186851118e-01 5.596309111880046760e-01 1.513264129181084994e-01 1.000000000000000000e+00
9.007304882737409146e-01 5.513264129181084661e-01 1.391772395232603321e-01 1.000000000000000000e+00
8.962706651287966064e-01 5.430219146482122561e-01 1.270280661284122203e-01 1.000000000000000000e+00
8.918108419838524092e-01 5.347174163783160461e-01 1.148788927335640531e-01 1.000000000000000000e+00
8.873510188389081010e-01 5.264129181084198361e-01 1.027297193387158858e-01 1.000000000000000000e+00
8.828911956939639039e-01 5.181084198385236261e-01 9.058054594386777403e-02 1.000000000000000000e+00
8.784313725490195957e-01 5.098039215686274161e-01 7.843137254901960675e-02 1.000000000000000000e+00
8.715109573241061058e-01 5.033448673587082034e-01 7.627835447904651733e-02 1.000000000000000000e+00
8.645905420991926160e-01 4.968858131487888796e-01 7.412533640907342791e-02 1.000000000000000000e+00
8.576701268742791262e-01 4.904267589388696114e-01 7.197231833910033849e-02 1.000000000000000000e+00
8.507497116493656364e-01 4.839677047289503986e-01 6.981930026912726295e-02 1.000000000000000000e+00
8.438292964244521466e-01 4.775086505190311303e-01 6.766628219915417353e-02 1.000000000000000000e+00
8.369088811995386568e-01 4.710495963091118621e-01 6.551326412918108411e-02 1.000000000000000000e+00
8.299884659746251669e-01 4.645905420991925938e-01 6.336024605920799468e-02 1.000000000000000000e+00
8.230680507497117881e-01 4.581314878892734921e-01 6.120722798923497465e-02 1.000000000000000000e+00
8.161476355247980763e-01 4.516724336793540573e-01 5.905420991926181584e-02 1.000000000000000000e+00
8.092272202998845865e-01 4.452133794694348445e-01 5.690119184928873336e-02 1.000000000000000000e+00
8.023068050749710967e-01 4.387543252595155208e-01 5.474817377931565088e-02 1.000000000000000000e+00
7.953863898500576068e-01 4.322952710495963080e-01 5.259515570934256146e-02 1.000000000000000000e+00
7.884659746251441170e-01 4.258362168396770397e-01 5.044213763936947204e-02 1.000000000000000000e+00
7.815455594002306272e-01 4.193771626297577715e-01 4.828911956939638261e-02 1.000000000000000000e+00
7.746251441753171374e-01 4.129181084198385032e-01 4.613610149942330013e-02 1.000000000000000000e+00
7.677047289504036476e-01 4.064590542099192350e-01 4.398308342945021071e-02 1.000000000000000000e+00
7.607843137254901578e-01 4.000000000000000222e-01 4.183006535947712823e-02 1.000000000000000000e+00
7.538638985005766679e-01 3.935409457900806984e-01 3.967704728950403187e-02 1.000000000000000000e+00
7.469434832756631781e-01 3.870818915801614857e-01 3.752402921953094939e-02 1.000000000000000000e+00
7.400230680507496883e-01 3.806228373702422174e-01 3.537101114955785996e-02 1.000000000000000000e+00
7.331026528258361985e-01 3.741637831603229492e-01 3.321799307958477748e-02 1.000000000000000000e+00
7.261822376009227087e-01 3.677047289504036809e-01 3.106497500961168806e-02 1.000000000000000000e+00
7.192618223760092189e-01 3.612456747404844126e-01 2.891195693963859864e-02 1.000000000000000000e+00
7.123414071510958401e-01 3.547866205305653109e-01 2.675893886966557167e-02 1.000000000000000000e+00
7.054209919261822392e-01 3.483275663206458761e-01 2.460592079969242674e-02 1.000000000000000000e+00
6.979623221837754077e-01 3.428681276432141711e-01 2.368319876970395588e-02 1.000000000000000000e+00
6.899653979238753454e-01 3.384083044982699184e-01 2.399077277970011052e-02 1.000000000000000000e+00
6.819684736639753941e-01 3.339484813533256657e-01 2.429834678969626863e-02 1.000000000000000000e+00
6.739715494040753319e-01 3.294886582083814131e-01 2.460592079969242327e-02 1.000000000000000000e+00
6.659746251441752696e-01 3.250288350634371604e-01 2.491349480968857791e-02 1.000000000000000000e+00
6.579777008842752073e-01 3.205690119184929077e-01 2.522106881968473255e-02 1.000000000000000000e+00
6.499807766243752560e-01 3.161091887735486550e-01 2.552864282968089066e-02 1.000000000000000000e+00
6.419838523644751938e-01 3.116493656286044023e-01 2.583621683967704530e-02 1.000000000000000000e+00
6.339869281045751315e-01 3.071895424836601496e-01 2.614379084967319994e-02 1.000000000000000000e+00
6.259900038446750692e-01 3.027297193387158969e-01 2.645136485966935458e-02 1.000000000000000000e+00
6.179930795847750069e-01 2.982698961937716442e-01 2.675893886966550922e-02 1.000000000000000000e+00
6.099961553248750556e-01 2.938100730488273915e-01 2.706651287966166733e-02 1.000000000000000000e+00
6.019992310649749934e-01 2.893502499038831388e-01 2.737408688965782197e-02 1.000000000000000000e+00
5.940023068050749311e-01 2.848904267589388861e-01 2.768166089965397661e-02 1.000000000000000000e+00
5.860053825451752019e-01 2.804306036139947444e-01 2.798923490965012431e-02 1.000000000000000000e+00
5.780084582852749175e-01 2.759707804690503807e-01 2.829680891964628936e-02 1.000000000000000000e+00
5.700115340253748553e-01 2.715109573241061280e-01 2.860438292964244400e-02 1.000000000000000000e+00
5.620146097654747930e-01 2.670511341791618753e-01 2.891195693963859864e-02 1.000000000000000000e+00
5.540176855055747307e-01 2.625913110342176227e-01 2.921953094963475328e-02 1.000000000000000000e+00
5.460207612456747794e-01 2.581314878892733700e-01 2.952710495963090792e-02 1.000000000000000000e+00
5.380238369857747172e-01 2.536716647443291173e-01 2.983467896962706603e-02 1.000000000000000000e+00
5.300269127258746549e-01 2.492118415993848646e-01 3.014225297962322067e-02 1.000000000000000000e+00
5.220299884659745926e-01 2.447520184544406119e-01 3.044982698961937531e-02 1.000000000000000000e+00
5.140330642060746413e-01 2.402921953094963592e-01 3.075740099961553342e-02 1.000000000000000000e+00
5.060361399461745791e-01 2.358323721645521065e-01 3.106497500961168806e-02 1.000000000000000000e+00
4.980392156862745168e-01 2.313725490196078538e-01 3.137254901960784270e-02 1.000000000000000000e+00
