4.039215686274509887e-01 0.000000000000000000e+00 1.215686274509803905e-01 1.000000000000000000e+00
4.099500192233756501e-01 0.000000000000000000e+00 1.259976931949250145e-01 1.000000000000000000e+00
4.159784698193002561e-01 0.000000000000000000e+00 1.304267589388696524e-01 1.000000000000000000e+00
4.220069204152249176e-01 0.000000000000000000e+00 1.348558246828142904e-01 1.000000000000000000e+00
4.280353710111495791e-01 0.000000000000000000e+00 1.392848904267589283e-01 1.000000000000000000e+00
4.340638216070741850e-01 0.000000000000000000e+00 1.437139561707035662e-01 1.000000000000000000e+00
4.400922722029988465e-01 0.000000000000000000e+00 1.481430219146482041e-01 1.000000000000000000e+00
4.461207227989235080e-01 0.000000000000000000e+00 1.525720876585928421e-01 1.000000000000000000e+00
4.521491733948481695e-01 0.000000000000000000e+00 1.570011534025374800e-01 1.000000000000000000e+00
4.581776239907727755e-01 0.000000000000000000e+00 1.614302191464821179e-01 1.000000000000000000e+00
4.642060745866974369e-01 0.000000000000000000e+00 1.658592848904267558e-01 1.000000000000000000e+00
4.702345251826220984e-01 0.000000000000000000e+00 1.702883506343713937e-01 1.000000000000000000e+00
4.762629757785467044e-01 0.000000000000000000e+00 1.747174163783160317e-01 1.000000000000000000e+00
4.822914263744713659e-01 0.000000000000000000e+00 1.791464821222606696e-01 1.000000000000000000e+00
4.883198769703960274e-01 0.000000000000000000e+00 1.835755478662053075e-01 1.000000000000000000e+00
4.943483275663206333e-01 0.000000000000000000e+00 1.880046136101499454e-01 1.000000000000000000e+00
5.003767781622452393e-01 0.000000000000000000e+00 1.924336793540945556e-01 1.000000000000000000e+00
5.064052287581699563e-01 0.000000000000000000e+00 1.968627450980391935e-01 1.000000000000000000e+00
5.124336793540945623e-01 0.000000000000000000e+00 2.012918108419838314e-01 1.000000000000000000e+00
5.184621299500191682e-01 0.000000000000000000e+00 2.057208765859284694e-01 1.000000000000000000e+00
5.244905805459438852e-01 0.000000000000000000e+00 2.101499423298731073e-01 1.000000000000000000e+00
5.305190311418684912e-01 0.000000000000000000e+00 2.145790080738177452e-01 1.000000000000000000e+00
5.365474817377930972e-01 0.000000000000000000e+00 2.190080738177623831e-01 1.000000000000000000e+00
5.425759323337178142e-01 0.000000000000000000e+00 2.234371395617070211e-01 1.000000000000000000e+00
5.486043829296424201e-01 0.000000000000000000e+00 2.278662053056516590e-01 1.000000000000000000e+00
5.546328335255670261e-01 0.000000000000000000e+00 2.322952710495962969e-01 1.000000000000000000e+00
5.606612841214917431e-01 0.000000000000000000e+00 2.367243367935409348e-01 1.000000000000000000e+00
5.666897347174163491e-01 0.000000000000000000e+00 2.411534025374855728e-01 1.000000000000000000e+00
5.727181853133409550e-01 0.000000000000000000e+00 2.455824682814302107e-01 1.000000000000000000e+00
5.787466359092656720e-01 0.000000000000000000e+00 2.500115340253748486e-01 1.000000000000000000e+00
5.847750865051902780e-01 0.000000000000000000e+00 2.544405997693194865e-01 1.000000000000000000e+00
5.908035371011148840e-01 0.000000000000000000e+00 2.588696655132641244e-01 1.000000000000000000e+00
5.969088811995386656e-01 2.768166089965397618e-04 2.630372933487120646e-01 1.000000000000000000e+00
6.035524798154555670e-01 2.491349480968842352e-03 2.653748558246827871e-01 1.000000000000000000e+00
6.101960784313725794e-01 4.705882352941176058e-03 2.677124183006536207e-01 1.000000000000000000e+00
6.168396770472894808e-01 6.920415224913495020e-03 2.700499807766243987e-01 1.000000000000000000e+00
6.234832756632064932e-01 9.134948096885813981e-03 2.723875432525951767e-01 1.000000000000000000e+00
6.301268742791233946e-01 1.134948096885811733e-02 2.747251057285659548e-01 1.000000000000000000e+00
6.367704728950404069e-01 1.356401384083045017e-02 2.770626682045367328e-01 1.000000000000000000e+00
6.434140715109573083e-01 1.577854671280276913e-02 2.794002306805075109e-01 1.000000000000000000e+00
6.500576701268743207e-01 1.799307958477508462e-02 2.817377931564782889e-01 1.000000000000000000e+00
6.567012687427912221e-01 2.020761245674738624e-02 2.840753556324490670e-01 1.000000000000000000e+00
6.633448673587081235e-01 2.242214532871972255e-02 2.864129181084198450e-01 1.000000000000000000e+00
6.699884659746251359e-01 2.463667820069204151e-02 2.887504805843906230e-01 1.000000000000000000e+00
6.766320645905421483e-01 2.685121107266435700e-02 2.910880430603614011e-01 1.000000000000000000e+00
6.832756632064590496e-01 2.906574394463666208e-02 2.934256055363321791e-01 1.000000000000000000e+00
6.899192618223759510e-01 3.128027681660899145e-02 2.957631680123029572e-01 1.000000000000000000e+00
6.965628604382929634e-01 3.349480968858131041e-02 2.981007304882737352e-01 1.000000000000000000e+00
7.032064590542099758e-01 3.570934256055362938e-02 3.004382929642445133e-01 1.000000000000000000e+00
7.098500576701267661e-01 3.792387543252593446e-02 3.027758554402152913e-01 1.000000000000000000e+00
7.164936562860437785e-01 4.013840830449826730e-02 3.051134179161860693e-01 1.000000000000000000e+00
7.231372549019607909e-01 4.235294117647058626e-02 3.074509803921569029e-01 1.000000000000000000e+00
7.297808535178778033e-01 4.456747404844290522e-02 3.097885428681276809e-01 1.000000000000000000e+00
7.364244521337945937e-01 4.678200692041521030e-02 3.121261053440984035e-01 1.000000000000000000e+00
7.430680507497116061e-01 4.899653979238754314e-02 3.144636678200692370e-01 1.000000000000000000e+00
7.497116493656286185e-01 5.121107266435986211e-02 3.168012302960400151e-01 1.000000000000000000e+00
7.563552479815456309e-01 5.342560553633217413e-02 3.191387927720107931e-01 1.000000000000000000e+00
7.629988465974624212e-01 5.564013840830447921e-02 3.214763552479815711e-01 1.000000000000000000e+00
7.696424452133794336e-01 5.785467128027681205e-02 3.238139177239523492e-01 1.000000000000000000e+00
7.762860438292964460e-01 6.006920415224913101e-02 3.261514801999231272e-01 1.000000000000000000e+00
7.829296424452133474e-01 6.228373702422144997e-02 3.284890426758939053e-01 1.000000000000000000e+00
7.895732410611302488e-01 6.449826989619375506e-02 3.308266051518646833e-01 1.000000000000000000e+00
7.962168396770472611e-01 6.671280276816608790e-02 3.331641676278354613e-01 1.000000000000000000e+00
8.028604382929642735e-01 6.892733564013840686e-02 3.355017301038062394e-01 1.000000000000000000e+00
8.086120722798924021e-01 7.129565551710879967e-02 3.388542868127643604e-01 1.000000000000000000e+00
8.116878123798538791e-01 7.412533640907342791e-02 3.452518262206843991e-01 1.000000000000000000e+00
8.147635524798154671e-01 7.695501730103802840e-02 3.516493656286043268e-01 1.000000000000000000e+00
8.178392925797770552e-01 7.978469819300268440e-02 3.580469050365244210e-01 1.000000000000000000e+00
8.209150326797385322e-01 8.261437908496732652e-02 3.644444444444444597e-01 1.000000000000000000e+00
8.239907727797001202e-01 8.544405997693195476e-02 3.708419838523644985e-01 1.000000000000000000e+00
8.270665128796617083e-01 8.827374086889658300e-02 3.772395232602845372e-01 1.000000000000000000e+00
8.301422529796231853e-01 9.110342176086121124e-02 3.836370626682045204e-01 1.000000000000000000e+00
8.332179930795847733e-01 9.393310265282583948e-02 3.900346020761245591e-01 1.000000000000000000e+00
8.362937331795463614e-01 9.676278354479046773e-02 3.964321414840445978e-01 1.000000000000000000e+00
8.393694732795078384e-01 9.959246443675505434e-02 4.028296808919645811e-01 1.000000000000000000e+00
8.424452133794694264e-01 1.024221453287197381e-01 4.092272202998846753e-01 1.000000000000000000e+00
8.455209534794310144e-01 1.052518262206843525e-01 4.156247597078047140e-01 1.000000000000000000e+00
8.485966935793926025e-01 1.080815071126489946e-01 4.220222991157247527e-01 1.000000000000000000e+00
8.516724336793540795e-01 1.109111880046136089e-01 4.284198385236447360e-01 1.000000000000000000e+00
8.547481737793156675e-01 1.137408688965782511e-01 4.348173779315647747e-01 1.000000000000000000e+00
8.578239138792772556e-01 1.165705497885428654e-01 4.412149173394848134e-01 1.000000000000000000e+00
8.608996539792387326e-01 1.194002306805075075e-01 4.476124567474047966e-01 1.000000000000000000e+00
8.639753940792003206e-01 1.222299115724720942e-01 4.540099961553247798e-01 1.000000000000000000e+00
8.670511341791619087e-01 1.250595924644367640e-01 4.604075355632448741e-01 1.000000000000000000e+00
8.701268742791233857e-01 1.278892733564013784e-01 4.668050749711649128e-01 1.000000000000000000e+00
8.732026143790849737e-01 1.307189542483660205e-01 4.732026143790849515e-01 1.000000000000000000e+00
8.762783544790465617e-01 1.335486351403306626e-01 4.796001537870049347e-01 1.000000000000000000e+00
8.793540945790080388e-01 1.363783160322952770e-01 4.859976931949250289e-01 1.000000000000000000e+00
8.824298346789696268e-01 1.392079969242598914e-01 4.923952326028450122e-01 1.000000000000000000e+00
8.855055747789312148e-01 1.420376778162245335e-01 4.987927720107650509e-01 1.000000000000000000e+00
8.885813148788926918e-01 1.448673587081891201e-01 5.051903114186849786e-01 1.000000000000000000e+00
8.916570549788542799e-01 1.476970396001537900e-01 5.115878508266051838e-01 1.000000000000000000e+00
8.947327950788158679e-01 1.505267204921184043e-01 5.179853902345251671e-01 1.000000000000000000e+00
8.978085351787773449e-01 1.533564013840830464e-01 5.243829296424451503e-01 1.000000000000000000e+00
9.008842752787389330e-01 1.561860822760476886e-01 5.307804690503652445e-01 1.000000000000000000e+00
9.039600153787005210e-01 1.590157631680123029e-01 5.371780084582852277e-01 1.000000000000000000e+00
9.055132641291810947e-01 1.635524798154555925e-01 5.429296424452133563e-01 1.000000000000000000e+00
9.045290272971934220e-01 1.709342560553633317e-01 5.476047673971549123e-01 1.000000000000000000e+00
9.035447904652057494e-01 1.783160322952709598e-01 5.522798923490963574e-01 1.000000000000000000e+00
9.025605536332179657e-01 1.856978085351787822e-01 5.569550173010380245e-01 1.000000000000000000e+00
9.015763168012302931e-01 1.930795847750865213e-01 5.616301422529795806e-01 1.000000000000000000e+00
9.005920799692426204e-01 2.004613610149942327e-01 5.663052672049211367e-01 1.000000000000000000e+00
8.996078431372549478e-01 2.078431372549019718e-01 5.709803921568626928e-01 1.000000000000000000e+00
8.986236063052671641e-01 2.152249134948097109e-01 5.756555171088042488e-01 1.000000000000000000e+00
8.976393694732794915e-01 2.226066897347174223e-01 5.803306420607458049e-01 1.000000000000000000e+00
8.966551326412918188e-01 2.299884659746251336e-01 5.850057670126873610e-01 1.000000000000000000e+00
8.956708958093041462e-01 2.373702422145327895e-01 5.896808919646289171e-01 1.000000000000000000e+00
8.946866589773163625e-01 2.447520184544406119e-01 5.943560169165704732e-01 1.000000000000000000e+00
8.937024221453286899e-01 2.521337946943483233e-01 5.990311418685121403e-01 1.000000000000000000e+00
8.927181853133410172e-01 2.595155709342560346e-01 6.037062668204536964e-01 1.000000000000000000e+00
8.917339484813533446e-01 2.668973471741638015e-01 6.083813917723952525e-01 1.000000000000000000e+00
8.907497116493656719e-01 2.742791234140715129e-01 6.130565167243368085e-01 1.000000000000000000e+00
8.897654748173778883e-01 2.816608996539792242e-01 6.177316416762783646e-01 1.000000000000000000e+00
8.887812379853902156e-01 2.890426758938869911e-01 6.224067666282199207e-01 1.000000000000000000e+00
8.877970011534025430e-01 2.964244521337945359e-01 6.270818915801613658e-01 1.000000000000000000e+00
8.868127643214148703e-01 3.038062283737024138e-01 6.317570165321030329e-01 1.000000000000000000e+00
8.858285274894271977e-01 3.111880046136101252e-01 6.364321414840445890e-01 1.000000000000000000e+00
8.848442906574394140e-01 3.185697808535178366e-01 6.411072664359861450e-01 1.000000000000000000e+00
8.838600538254517414e-01 3.259515570934256035e-01 6.457823913879277011e-01 1.000000000000000000e+00
8.828758169934640687e-01 3.333333333333333148e-01 6.504575163398692572e-01 1.000000000000000000e+00
8.818915801614763961e-01 3.407151095732410262e-01 6.551326412918108133e-01 1.000000000000000000e+00
8.809073433294886124e-01 3.480968858131487931e-01 6.598077662437523694e-01 1.000000000000000000e+00
8.799231064975009398e-01 3.554786620530563934e-01 6.644828911956939255e-01 1.000000000000000000e+00
8.789388696655132671e-01 3.628604382929642158e-01 6.691580161476354816e-01 1.000000000000000000e+00
8.779546328335255945e-01 3.702422145328719827e-01 6.738331410995770376e-01 1.000000000000000000e+00
8.769703960015379218e-01 3.776239907727796385e-01 6.785082660515185937e-01 1.000000000000000000e+00
8.759861591695501382e-01 3.850057670126874054e-01 6.831833910034601498e-01 1.000000000000000000e+00
8.731564782775855793e-01 3.989696270665128441e-01 6.916109188773548189e-01 1.000000000000000000e+00
8.704498269896193685e-01 4.047520184544405875e-01 6.944405997693194887e-01 1.000000000000000000e+00
8.677431757016531577e-01 4.105344098423683308e-01 6.972702806612841586e-01 1.000000000000000000e+00
8.650365244136870579e-01 4.163168012302960186e-01 7.000999615532487175e-01 1.000000000000000000e+00
8.623298731257209582e-01 4.220991926182235954e-01 7.029296424452132763e-01 1.000000000000000000e+00
8.596232218377547474e-01 4.278815840061514497e-01 7.057593233371779462e-01 1.000000000000000000e+00
8.569165705497885366e-01 4.336639753940791930e-01 7.085890042291426161e-01 1.000000000000000000e+00
8.542099192618223258e-01 4.394463667820069364e-01 7.114186851211072860e-01 1.000000000000000000e+00
8.515032679738562260e-01 4.452287581699346242e-01 7.142483660130718448e-01 1.000000000000000000e+00
8.487966166858900152e-01 4.510111495578623675e-01 7.170780469050365147e-01 1.000000000000000000e+00
8.460899653979239154e-01 4.567935409457900553e-01 7.199077277970011846e-01 1.000000000000000000e+00
8.433833141099577047e-01 4.625759323337177986e-01 7.227374086889657434e-01 1.000000000000000000e+00
8.406766628219914939e-01 4.683583237216455419e-01 7.255670895809304133e-01 1.000000000000000000e+00
8.379700115340253941e-01 4.741407151095732297e-01 7.283967704728950832e-01 1.000000000000000000e+00
8.352633602460591833e-01 4.799231064975009731e-01 7.312264513648596420e-01 1.000000000000000000e+00
8.325567089580929725e-01 4.857054978854287164e-01 7.340561322568243119e-01 1.000000000000000000e+00
8.298500576701268727e-01 4.914878892733564042e-01 7.368858131487889818e-01 1.000000000000000000e+00
8.271434063821606619e-01 4.972702806612841475e-01 7.397154940407535406e-01 1.000000000000000000e+00
8.244367550941945622e-01 5.030526720492118908e-01 7.425451749327182105e-01 1.000000000000000000e+00
8.217301038062283514e-01 5.088350634371395786e-01 7.453748558246827693e-01 1.000000000000000000e+00
8.190234525182622516e-01 5.146174548250671554e-01 7.482045367166473282e-01 1.000000000000000000e+00
8.163168012302960408e-01 5.203998462129950653e-01 7.510342176086121091e-01 1.000000000000000000e+00
8.136101499423298300e-01 5.261822376009227531e-01 7.538638985005766679e-01 1.000000000000000000e+00
8.109034986543637302e-01 5.319646289888504409e-01 7.566935793925413378e-01 1.000000000000000000e+00
8.081968473663975194e-01 5.377470203767782397e-01 7.595232602845060077e-01 1.000000000000000000e+00
8.054901960784313086e-01 5.435294117647059275e-01 7.623529411764705666e-01 1.000000000000000000e+00
8.027835447904652089e-01 5.493118031526336154e-01 7.651826220684352364e-01 1.000000000000000000e+00
8.000768935024989981e-01 5.550941945405614142e-01 7.680123029603997953e-01 1.000000000000000000e+00
7.973702422145327873e-01 5.608765859284891020e-01 7.708419838523644652e-01 1.000000000000000000e+00
7.946635909265666875e-01 5.666589773164167898e-01 7.736716647443291350e-01 1.000000000000000000e+00
7.919569396386004767e-01 5.724413687043445886e-01 7.765013456362936939e-01 1.000000000000000000e+00
7.892502883506343769e-01 5.782237600922722764e-01 7.793310265282583638e-01 1.000000000000000000e+00
7.890811226451364124e-01 5.832372164552095395e-01 7.818531334102268859e-01 1.000000000000000000e+00
7.904344482891195733e-01 5.877893118031526365e-01 7.841906958861976085e-01 1.000000000000000000e+00
7.917877739331026232e-01 5.923414071510957335e-01 7.865282583621684420e-01 1.000000000000000000e+00
7.931410995770856731e-01 5.968935024990388305e-01 7.888658208381391646e-01 1.000000000000000000e+00
7.944944252210687230e-01 6.014455978469818165e-01 7.912033833141098871e-01 1.000000000000000000e+00
7.958477508650518839e-01 6.059976931949250245e-01 7.935409457900807206e-01 1.000000000000000000e+00
7.972010765090349338e-01 6.105497885428681215e-01 7.958785082660515542e-01 1.000000000000000000e+00
7.985544021530180947e-01 6.151018838908112185e-01 7.982160707420222767e-01 1.000000000000000000e+00
7.999077277970011446e-01 6.196539792387543155e-01 8.005536332179931103e-01 1.000000000000000000e+00
8.012610534409841945e-01 6.242060745866974125e-01 8.028911956939638328e-01 1.000000000000000000e+00
8.026143790849673554e-01 6.287581699346405095e-01 8.052287581699346664e-01 1.000000000000000000e+00
8.039677047289504053e-01 6.333102652825836065e-01 8.075663206459053889e-01 1.000000000000000000e+00
8.053210303729334552e-01 6.378623606305267035e-01 8.099038831218762224e-01 1.000000000000000000e+00
8.066743560169166161e-01 6.424144559784698005e-01 8.122414455978469450e-01 1.000000000000000000e+00
8.080276816608996659e-01 6.469665513264128975e-01 8.145790080738177785e-01 1.000000000000000000e+00
8.093810073048827158e-01 6.515186466743559945e-01 8.169165705497885011e-01 1.000000000000000000e+00
8.107343329488658767e-01 6.560707420222990915e-01 8.192541330257593346e-01 1.000000000000000000e+00
8.120876585928489266e-01 6.606228373702421885e-01 8.215916955017300571e-01 1.000000000000000000e+00
8.134409842368319765e-01 6.651749327181852856e-01 8.239292579777008907e-01 1.000000000000000000e+00
8.147943098808151374e-01 6.697270280661283826e-01 8.262668204536716132e-01 1.000000000000000000e+00
8.161476355247981873e-01 6.742791234140713685e-01 8.286043829296423358e-01 1.000000000000000000e+00
8.175009611687812372e-01 6.788312187620145766e-01 8.309419454056131693e-01 1.000000000000000000e+00
8.188542868127643981e-01 6.833833141099576736e-01 8.332795078815840029e-01 1.000000000000000000e+00
8.202076124567474480e-01 6.879354094579007706e-01 8.356170703575547254e-01 1.000000000000000000e+00
8.215609381007304979e-01 6.924875048058438676e-01 8.379546328335255589e-01 1.000000000000000000e+00
8.229142637447135478e-01 6.970396001537869646e-01 8.402921953094962815e-01 1.000000000000000000e+00
8.242675893886967087e-01 7.015916955017300616e-01 8.426297577854671150e-01 1.000000000000000000e+00
8.256209150326797586e-01 7.061437908496731586e-01 8.449673202614378376e-01 1.000000000000000000e+00
8.269742406766628084e-01 7.106958861976162556e-01 8.473048827374086711e-01 1.000000000000000000e+00
8.283275663206459694e-01 7.152479815455593526e-01 8.496424452133793936e-01 1.000000000000000000e+00
8.296808919646290192e-01 7.198000768935024496e-01 8.519800076893502272e-01 1.000000000000000000e+00
8.310342176086120691e-01 7.243521722414455466e-01 8.543175701653209497e-01 1.000000000000000000e+00
8.331257208765859845e-01 7.291810841983852320e-01 8.568396770472894719e-01 1.000000000000000000e+00
8.354632833525567071e-01 7.341022683583237063e-01 8.594232987312572236e-01 1.000000000000000000e+00
8.378008458285275406e-01 7.390234525182621805e-01 8.620069204152248643e-01 1.000000000000000000e+00
8.401384083044982631e-01 7.439446366782006548e-01 8.645905420991926160e-01 1.000000000000000000e+00
8.424759707804689857e-01 7.488658208381390180e-01 8.671741637831602567e-01 1.000000000000000000e+00
8.448135332564398192e-01 7.537870049980776033e-01 8.697577854671280084e-01 1.000000000000000000e+00
8.471510957324106528e-01 7.587081891580160775e-01 8.723414071510956491e-01 1.000000000000000000e+00
8.494886582083813753e-01 7.636293733179546628e-01 8.749250288350634008e-01 1.000000000000000000e+00
8.518262206843522089e-01 7.685505574778931370e-01 8.775086505190311525e-01 1.000000000000000000e+00
8.541637831603230424e-01 7.734717416378316113e-01 8.800922722029987932e-01 1.000000000000000000e+00
8.565013456362937649e-01 7.783929257977700855e-01 8.826758938869665450e-01 1.000000000000000000e+00
8.588389081122644875e-01 7.833141099577085598e-01 8.852595155709341856e-01 1.000000000000000000e+00
8.611764705882353210e-01 7.882352941176470340e-01 8.878431372549019374e-01 1.000000000000000000e+00
8.635140330642061546e-01 7.931564782775855083e-01 8.904267589388696891e-01 1.000000000000000000e+00
8.658515955401768771e-01 7.980776624375239825e-01 8.930103806228373298e-01 1.000000000000000000e+00
8.681891580161477107e-01 8.029988465974624567e-01 8.955940023068050815e-01 1.000000000000000000e+00
8.705267204921184332e-01 8.079200307574009310e-01 8.981776239907727222e-01 1.000000000000000000e+00
8.728642829680892667e-01 8.128412149173394052e-01 9.007612456747404739e-01 1.000000000000000000e+00
8.752018454440599893e-01 8.177623990772779905e-01 9.033448673587082256e-01 1.000000000000000000e+00
8.775394079200308228e-01 8.226835832372164647e-01 9.059284890426758663e-01 1.000000000000000000e+00
8.798769703960014343e-01 8.276047673971547169e-01 9.085121107266435070e-01 1.000000000000000000e+00
8.822145328719723789e-01 8.325259515570934132e-01 9.110957324106112587e-01 1.000000000000000000e+00
8.845520953479431014e-01 8.374471357170318875e-01 9.136793540945790104e-01 1.000000000000000000e+00
8.868896578239139350e-01 8.423683198769703617e-01 9.162629757785467621e-01 1.000000000000000000e+00
8.892272202998846575e-01 8.472895040369088360e-01 9.188465974625144028e-01 1.000000000000000000e+00
8.915647827758554911e-01 8.522106881968473102e-01 9.214302191464821545e-01 1.000000000000000000e+00
8.939023452518262136e-01 8.571318723567857845e-01 9.240138408304497952e-01 1.000000000000000000e+00
8.962399077277970472e-01 8.620530565167243697e-01 9.265974625144175469e-01 1.000000000000000000e+00
8.985774702037677697e-01 8.669742406766627330e-01 9.291810841983851876e-01 1.000000000000000000e+00
9.009150326797386032e-01 8.718954248366013182e-01 9.317647058823529393e-01 1.000000000000000000e+00
9.032525951557093258e-01 8.768166089965397925e-01 9.343483275663206911e-01 1.000000000000000000e+00
9.055901576316801593e-01 8.817377931564782667e-01 9.369319492502883318e-01 1.000000000000000000e+00
9.076047673971548990e-01 8.843983083429449721e-01 9.383314109957708871e-01 1.000000000000000000e+00
9.095732410611303553e-01 8.867358708189158056e-01 9.395617070357554779e-01 1.000000000000000000e+00
9.115417147251057006e-01 8.890734332948865282e-01 9.407920030757400687e-01 1.000000000000000000e+00
9.135101883890811569e-01 8.914109957708573617e-01 9.420222991157247705e-01 1.000000000000000000e+00
9.154786620530565022e-01 8.937485582468280843e-01 9.432525951557092503e-01 1.000000000000000000e+00
9.174471357170319585e-01 8.960861207227989178e-01 9.444828911956939521e-01 1.000000000000000000e+00
9.194156093810073038e-01 8.984236831987696403e-01 9.457131872356785429e-01 1.000000000000000000e+00
9.213840830449826491e-01 9.007612456747404739e-01 9.469434832756632447e-01 1.000000000000000000e+00
9.233525567089581054e-01 9.030988081507113074e-01 9.481737793156478356e-01 1.000000000000000000e+00
9.253210303729334507e-01 9.054363706266820300e-01 9.494040753556324264e-01 1.000000000000000000e+00
9.272895040369089070e-01 9.077739331026528635e-01 9.506343713956170172e-01 1.000000000000000000e+00
9.292579777008842523e-01 9.101114955786235861e-01 9.518646674356017190e-01 1.000000000000000000e+00
9.312264513648597086e-01 9.124490580545944196e-01 9.530949634755863098e-01 1.000000000000000000e+00
9.331949250288350539e-01 9.147866205305651421e-01 9.543252595155709006e-01 1.000000000000000000e+00
9.351633986928105102e-01 9.171241830065359757e-01 9.555555555555554914e-01 1.000000000000000000e+00
9.371318723567858555e-01 9.194617454825066982e-01 9.567858515955401932e-01 1.000000000000000000e+00
9.391003460207612008e-01 9.217993079584775318e-01 9.580161476355247840e-01 1.000000000000000000e+00
9.410688196847366571e-01 9.241368704344482543e-01 9.592464436755093748e-01 1.000000000000000000e+00
9.430372933487120024e-01 9.264744329104190879e-01 9.604767397154940767e-01 1.000000000000000000e+00
9.450057670126874587e-01 9.288119953863898104e-01 9.617070357554786675e-01 1.000000000000000000e+00
9.469742406766628040e-01 9.311495578623605329e-01 9.629373317954632583e-01 1.000000000000000000e+00
9.489427143406382603e-01 9.334871203383314775e-01 9.641676278354478491e-01 1.000000000000000000e+00
9.509111880046136056e-01 9.358246828143022000e-01 9.653979238754325509e-01 1.000000000000000000e+00
9.528796616685890619e-01 9.381622452902730336e-01 9.666282199154171417e-01 1.000000000000000000e+00
9.548481353325644072e-01 9.404998077662437561e-01 9.678585159554017325e-01 1.000000000000000000e+00
9.568166089965397525e-01 9.428373702422145897e-01 9.690888119953863233e-01 1.000000000000000000e+00
9.587850826605152088e-01 9.451749327181853122e-01 9.703191080353710252e-01 1.000000000000000000e+00
9.607535563244905541e-01 9.475124951941561458e-01 9.715494040753556160e-01 1.000000000000000000e+00
9.627220299884660104e-01 9.498500576701268683e-01 9.727797001153402068e-01 1.000000000000000000e+00
9.646905036524413557e-01 9.521876201460977018e-01 9.740099961553247976e-01 1.000000000000000000e+00
9.666589773164168120e-01 9.545251826220684244e-01 9.752402921953094994e-01 1.000000000000000000e+00
9.686274509803921573e-01 9.568627450980392579e-01 9.764705882352940902e-01 1.000000000000000000e+00
