9.882352941176471006e-01 9.843137254901960231e-01 9.921568627450980671e-01 1.000000000000000000e+00
9.866359092656671326e-01 9.825913110342175960e-01 9.911726259131103944e-01 1.000000000000000000e+00
9.850365244136870535e-01 9.808688965782390579e-01 9.901883890811227218e-01 1.000000000000000000e+00
9.834371395617070855e-01 9.791464821222606307e-01 9.892041522491349381e-01 1.000000000000000000e+00
9.818377547097271174e-01 9.774240676662822036e-01 9.882199154171472655e-01 1.000000000000000000e+00
9.802383698577470383e-01 9.757016532103036655e-01 9.872356785851595928e-01 1.000000000000000000e+00
9.786389850057670703e-01 9.739792387543252383e-01 9.862514417531719202e-01 1.000000000000000000e+00
9.770396001537869912e-01 9.722568242983467002e-01 9.852672049211841365e-01 1.000000000000000000e+00
9.754402153018070232e-01 9.705344098423682730e-01 9.842829680891964639e-01 1.000000000000000000e+00
9.738408304498270551e-01 9.688119953863898459e-01 9.832987312572087912e-01 1.000000000000000000e+00
9.722414455978469761e-01 9.670895809304113078e-01 9.823144944252211186e-01 1.000000000000000000e+00
9.706420607458670080e-01 9.653671664744328806e-01 9.813302575932334459e-01 1.000000000000000000e+00
9.690426758938870400e-01 9.636447520184544535e-01 9.803460207612456623e-01 1.000000000000000000e+00
9.674432910419069609e-01 9.619223375624759154e-01 9.793617839292579896e-01 1.000000000000000000e+00
9.658439061899269928e-01 9.601999231064974882e-01 9.783775470972703170e-01 1.000000000000000000e+00
9.642445213379469138e-01 9.584775086505190611e-01 9.773933102652826443e-01 1.000000000000000000e+00
9.626451364859669457e-01 9.567550941945405230e-01 9.764090734332948607e-01 1.000000000000000000e+00
9.610457516339869777e-01 9.550326797385620958e-01 9.754248366013071880e-01 1.000000000000000000e+00
9.594463667820068986e-01 9.533102652825835577e-01 9.744405997693195154e-01 1.000000000000000000e+00
9.578469819300269306e-01 9.515878508266051305e-01 9.734563629373318427e-01 1.000000000000000000e+00
9.562475970780469625e-01 9.498654363706267034e-01 9.724721261053441701e-01 1.000000000000000000e+00
9.546482122260668834e-01 9.481430219146481653e-01 9.714878892733563864e-01 1.000000000000000000e+00
9.530488273740869154e-01 9.464206074586697381e-01 9.705036524413687138e-01 1.000000000000000000e+00
9.514494425221069474e-01 9.446981930026913110e-01 9.695194156093810411e-01 1.000000000000000000e+00
9.498500576701268683e-01 9.429757785467127729e-01 9.685351787773933685e-01 1.000000000000000000e+00
9.482506728181469002e-01 9.412533640907343457e-01 9.675509419454055848e-01 1.000000000000000000e+00
9.466512879661668212e-01 9.395309496347559186e-01 9.665667051134179122e-01 1.000000000000000000e+00
9.450519031141868531e-01 9.378085351787773805e-01 9.655824682814302395e-01 1.000000000000000000e+00
9.434525182622068851e-01 9.360861207227989533e-01 9.645982314494425669e-01 1.000000000000000000e+00
9.418531334102268060e-01 9.343637062668205262e-01 9.636139946174548943e-01 1.000000000000000000e+00
9.402537485582468380e-01 9.326412918108419881e-01 9.626297577854671106e-01 1.000000000000000000e+00
9.386543637062668699e-01 9.309188773548635609e-01 9.616455209534794379e-01 1.000000000000000000e+00
9.369319492502883318e-01 9.291195693963860691e-01 9.606305267204920950e-01 1.000000000000000000e+00
9.343483275663206911e-01 9.267820069204152356e-01 9.594002306805075042e-01 1.000000000000000000e+00
9.317647058823529393e-01 9.244444444444445130e-01 9.581699346405229134e-01 1.000000000000000000e+00
9.291810841983851876e-01 9.221068819684736795e-01 9.569396386005383226e-01 1.000000000000000000e+00
9.265974625144175469e-01 9.197693194925029569e-01 9.557093425605536208e-01 1.000000000000000000e+00
9.240138408304497952e-01 9.174317570165321234e-01 9.544790465205690300e-01 1.000000000000000000e+00
9.214302191464821545e-01 9.150941945405612898e-01 9.532487504805844392e-01 1.000000000000000000e+00
9.188465974625144028e-01 9.127566320645905673e-01 9.520184544405997373e-01 1.000000000000000000e+00
9.162629757785466511e-01 9.104190695886197338e-01 9.507881584006151465e-01 1.000000000000000000e+00
9.136793540945790104e-01 9.080815071126490112e-01 9.495578623606305557e-01 1.000000000000000000e+00
9.110957324106112587e-01 9.057439446366781777e-01 9.483275663206458539e-01 1.000000000000000000e+00
9.085121107266436180e-01 9.034063821607074551e-01 9.470972702806612631e-01 1.000000000000000000e+00
9.059284890426758663e-01 9.010688196847366216e-01 9.458669742406766723e-01 1.000000000000000000e+00
9.033448673587082256e-01 8.987312572087658991e-01 9.446366782006920815e-01 1.000000000000000000e+00
9.007612456747404739e-01 8.963936947327950655e-01 9.434063821607073796e-01 1.000000000000000000e+00
8.981776239907727222e-01 8.940561322568243430e-01 9.421760861207227888e-01 1.000000000000000000e+00
8.955940023068050815e-01 8.917185697808535094e-01 9.409457900807381980e-01 1.000000000000000000e+00
8.930103806228373298e-01 8.893810073048827869e-01 9.397154940407534962e-01 1.000000000000000000e+00
8.904267589388696891e-01 8.870434448289119533e-01 9.384851980007689054e-01 1.000000000000000000e+00
8.878431372549019374e-01 8.847058823529411198e-01 9.372549019607843146e-01 1.000000000000000000e+00
8.852595155709341856e-01 8.823683198769703973e-01 9.360246059207997238e-01 1.000000000000000000e+00
8.826758938869665450e-01 8.800307574009995637e-01 9.347943098808150220e-01 1.000000000000000000e+00
8.800922722029987932e-01 8.776931949250288412e-01 9.335640138408304312e-01 1.000000000000000000e+00
8.775086505190311525e-01 8.753556324490580076e-01 9.323337178008458404e-01 1.000000000000000000e+00
8.749250288350634008e-01 8.730180699730872851e-01 9.311034217608611385e-01 1.000000000000000000e+00
8.723414071510957601e-01 8.706805074971164515e-01 9.298731257208765477e-01 1.000000000000000000e+00
8.697577854671280084e-01 8.683429450211457290e-01 9.286428296808919569e-01 1.000000000000000000e+00
8.671741637831602567e-01 8.660053825451748954e-01 9.274125336409072551e-01 1.000000000000000000e+00
8.645905420991926160e-01 8.636678200692040619e-01 9.261822376009226643e-01 1.000000000000000000e+00
8.620069204152248643e-01 8.613302575932333394e-01 9.249519415609380735e-01 1.000000000000000000e+00
8.594232987312571126e-01 8.589926951172626168e-01 9.237216455209533716e-01 1.000000000000000000e+00
8.568396770472894719e-01 8.566551326412917833e-01 9.224913494809687808e-01 1.000000000000000000e+00
8.539792387543252428e-01 8.540099961553248020e-01 9.211072664359860607e-01 1.000000000000000000e+00
8.502883506343713593e-01 8.504421376393694887e-01 9.192618223760091745e-01 1.000000000000000000e+00
8.465974625144175869e-01 8.468742791234140643e-01 9.174163783160322883e-01 1.000000000000000000e+00
8.429065743944635924e-01 8.433064206074586400e-01 9.155709342560552910e-01 1.000000000000000000e+00
8.392156862745098200e-01 8.397385620915032156e-01 9.137254901960784048e-01 1.000000000000000000e+00
8.355247981545559366e-01 8.361707035755477913e-01 9.118800461361014076e-01 1.000000000000000000e+00
8.318339100346020532e-01 8.326028450595924779e-01 9.100346020761245214e-01 1.000000000000000000e+00
8.281430219146481697e-01 8.290349865436370536e-01 9.081891580161476352e-01 1.000000000000000000e+00
8.244521337946942863e-01 8.254671280276816292e-01 9.063437139561706379e-01 1.000000000000000000e+00
8.207612456747405139e-01 8.218992695117262048e-01 9.044982698961937517e-01 1.000000000000000000e+00
8.170703575547866304e-01 8.183314109957708915e-01 9.026528258362168655e-01 1.000000000000000000e+00
8.133794694348327470e-01 8.147635524798154671e-01 9.008073817762398683e-01 1.000000000000000000e+00
8.096885813148788635e-01 8.111956939638600428e-01 8.989619377162629821e-01 1.000000000000000000e+00
8.059976931949249801e-01 8.076278354479046184e-01 8.971164936562859848e-01 1.000000000000000000e+00
8.023068050749712077e-01 8.040599769319491941e-01 8.952710495963090986e-01 1.000000000000000000e+00
7.986159169550173242e-01 8.004921184159938807e-01 8.934256055363322124e-01 1.000000000000000000e+00
7.949250288350634408e-01 7.969242599000384564e-01 8.915801614763552152e-01 1.000000000000000000e+00
7.912341407151095574e-01 7.933564013840830320e-01 8.897347174163783290e-01 1.000000000000000000e+00
7.875432525951557849e-01 7.897885428681277187e-01 8.878892733564014428e-01 1.000000000000000000e+00
7.838523644752019015e-01 7.862206843521722943e-01 8.860438292964244456e-01 1.000000000000000000e+00
7.801614763552480181e-01 7.826528258362168700e-01 8.841983852364475593e-01 1.000000000000000000e+00
7.764705882352941346e-01 7.790849673202614456e-01 8.823529411764705621e-01 1.000000000000000000e+00
7.727797001153402512e-01 7.755171088043060212e-01 8.805074971164936759e-01 1.000000000000000000e+00
7.690888119953864788e-01 7.719492502883507079e-01 8.786620530565167897e-01 1.000000000000000000e+00
7.653979238754325953e-01 7.683813917723952835e-01 8.768166089965397925e-01 1.000000000000000000e+00
7.617070357554787119e-01 7.648135332564398592e-01 8.749711649365629063e-01 1.000000000000000000e+00
7.580161476355249395e-01 7.612456747404845459e-01 8.731257208765860200e-01 1.000000000000000000e+00
7.543252595155709450e-01 7.576778162245290105e-01 8.712802768166090228e-01 1.000000000000000000e+00
7.506343713956171726e-01 7.541099577085736971e-01 8.694348327566321366e-01 1.000000000000000000e+00
7.469434832756632892e-01 7.505420991926182728e-01 8.675893886966551394e-01 1.000000000000000000e+00
7.432525951557094057e-01 7.469742406766628484e-01 8.657439446366782532e-01 1.000000000000000000e+00
7.395617070357555223e-01 7.434063821607074241e-01 8.638985005767012559e-01 1.000000000000000000e+00
7.358708189158016388e-01 7.395617070357555223e-01 8.618223760092272867e-01 1.000000000000000000e+00
7.321799307958477554e-01 7.352556708958093434e-01 8.593617839292579941e-01 1.000000000000000000e+00
7.284890426758939830e-01 7.309496347558631646e-01 8.569011918492888125e-01 1.000000000000000000e+00
7.247981545559400995e-01 7.266435986159169858e-01 8.544405997693195198e-01 1.000000000000000000e+00
7.211072664359862161e-01 7.223375624759708069e-01 8.519800076893503382e-01 1.000000000000000000e+00
7.174163783160323327e-01 7.180315263360246281e-01 8.495194156093810456e-01 1.000000000000000000e+00
7.137254901960784492e-01 7.137254901960784492e-01 8.470588235294117530e-01 1.000000000000000000e+00
7.100346020761245658e-01 7.094194540561322704e-01 8.445982314494425713e-01 1.000000000000000000e+00
7.063437139561707934e-01 7.051134179161860915e-01 8.421376393694732787e-01 1.000000000000000000e+00
7.026528258362169099e-01 7.008073817762399127e-01 8.396770472895040971e-01 1.000000000000000000e+00
6.989619377162630265e-01 6.965013456362938449e-01 8.372164552095348045e-01 1.000000000000000000e+00
6.952710495963091430e-01 6.921953094963475550e-01 8.347558631295656228e-01 1.000000000000000000e+00
6.915801614763552596e-01 6.878892733564013762e-01 8.322952710495963302e-01 1.000000000000000000e+00
6.878892733564013762e-01 6.835832372164551973e-01 8.298346789696270376e-01 1.000000000000000000e+00
6.841983852364476038e-01 6.792772010765090185e-01 8.273740868896578560e-01 1.000000000000000000e+00
6.805074971164937203e-01 6.749711649365628396e-01 8.249134948096885633e-01 1.000000000000000000e+00
6.768166089965398369e-01 6.706651287966166608e-01 8.224529027297193817e-01 1.000000000000000000e+00
6.731257208765859534e-01 6.663590926566704820e-01 8.199923106497500891e-01 1.000000000000000000e+00
6.694348327566321810e-01 6.620530565167244141e-01 8.175317185697809075e-01 1.000000000000000000e+00
6.657439446366781866e-01 6.577470203767781243e-01 8.150711264898116148e-01 1.000000000000000000e+00
6.620530565167244141e-01 6.534409842368319454e-01 8.126105344098424332e-01 1.000000000000000000e+00
6.583621683967705307e-01 6.491349480968857666e-01 8.101499423298731406e-01 1.000000000000000000e+00
6.546712802768166473e-01 6.448289119569395877e-01 8.076893502499038480e-01 1.000000000000000000e+00
6.509803921568627638e-01 6.405228758169934089e-01 8.052287581699346664e-01 1.000000000000000000e+00
6.472895040369088804e-01 6.362168396770472301e-01 8.027681660899653737e-01 1.000000000000000000e+00
6.435986159169551080e-01 6.319108035371010512e-01 8.003075740099961921e-01 1.000000000000000000e+00
6.399077277970012245e-01 6.276047673971549834e-01 7.978469819300268995e-01 1.000000000000000000e+00
6.362168396770473411e-01 6.232987312572086935e-01 7.953863898500577179e-01 1.000000000000000000e+00
6.325259515570934576e-01 6.189926951172626257e-01 7.929257977700884252e-01 1.000000000000000000e+00
6.288350634371395742e-01 6.146866589773163359e-01 7.904652056901191326e-01 1.000000000000000000e+00
6.251441753171856908e-01 6.103806228373702680e-01 7.880046136101499510e-01 1.000000000000000000e+00
6.177623990772780349e-01 6.021376393694732876e-01 7.834525182622068540e-01 1.000000000000000000e+00
6.140715109573241515e-01 5.985697808535178632e-01 7.817301038062283158e-01 1.000000000000000000e+00
6.103806228373702680e-01 5.950019223375624389e-01 7.800076893502498887e-01 1.000000000000000000e+00
6.066897347174163846e-01 5.914340638216070145e-01 7.782852748942714616e-01 1.000000000000000000e+00
6.029988465974626122e-01 5.878662053056517012e-01 7.765628604382930344e-01 1.000000000000000000e+00
5.993079584775086177e-01 5.842983467896962768e-01 7.748404459823144963e-01 1.000000000000000000e+00
5.956170703575548453e-01 5.807304882737408525e-01 7.731180315263359581e-01 1.000000000000000000e+00
5.919261822376009619e-01 5.771626297577854281e-01 7.713956170703575310e-01 1.000000000000000000e+00
5.882352941176470784e-01 5.735947712418300037e-01 7.696732026143791039e-01 1.000000000000000000e+00
5.845444059976931950e-01 5.700269127258745794e-01 7.679507881584005657e-01 1.000000000000000000e+00
5.808535178777393115e-01 5.664590542099192660e-01 7.662283737024221386e-01 1.000000000000000000e+00
5.771626297577854281e-01 5.628911956939638417e-01 7.645059592464436005e-01 1.000000000000000000e+00
5.734717416378316557e-01 5.593233371780084173e-01 7.627835447904651733e-01 1.000000000000000000e+00
5.697808535178777722e-01 5.557554786620529930e-01 7.610611303344867462e-01 1.000000000000000000e+00
5.660899653979238888e-01 5.521876201460975686e-01 7.593387158785082081e-01 1.000000000000000000e+00
5.623990772779700054e-01 5.486197616301422553e-01 7.576163014225297809e-01 1.000000000000000000e+00
5.587081891580161219e-01 5.450519031141868309e-01 7.558938869665512428e-01 1.000000000000000000e+00
5.550173010380622385e-01 5.414840445982314066e-01 7.541714725105728157e-01 1.000000000000000000e+00
5.513264129181084661e-01 5.379161860822759822e-01 7.524490580545943885e-01 1.000000000000000000e+00
5.476355247981545826e-01 5.343483275663205578e-01 7.507266435986158504e-01 1.000000000000000000e+00
5.439446366782008102e-01 5.307804690503653555e-01 7.490042291426374232e-01 1.000000000000000000e+00
5.402537485582468157e-01 5.272126105344098201e-01 7.472818146866589961e-01 1.000000000000000000e+00
5.365628604382929323e-01 5.236447520184543958e-01 7.455594002306804580e-01 1.000000000000000000e+00
5.328719723183390489e-01 5.200768935024989714e-01 7.438369857747020308e-01 1.000000000000000000e+00
5.291810841983852765e-01 5.165090349865435471e-01 7.421145713187234927e-01 1.000000000000000000e+00
5.254901960784313930e-01 5.129411764705882337e-01 7.403921568627450656e-01 1.000000000000000000e+00
5.217993079584775096e-01 5.093733179546328094e-01 7.386697424067666384e-01 1.000000000000000000e+00
5.181084198385236261e-01 5.058054594386773850e-01 7.369473279507881003e-01 1.000000000000000000e+00
5.144175317185697427e-01 5.022376009227219607e-01 7.352249134948096732e-01 1.000000000000000000e+00
5.107266435986158593e-01 4.986697424067665918e-01 7.335024990388311350e-01 1.000000000000000000e+00
5.070357554786620868e-01 4.951018838908112230e-01 7.317800845828527079e-01 1.000000000000000000e+00
5.033448673587082034e-01 4.915340253748557986e-01 7.300576701268742807e-01 1.000000000000000000e+00
5.002691272587466154e-01 4.868127643214147926e-01 7.276432141484043825e-01 1.000000000000000000e+00
4.975624759707804601e-01 4.813994617454824820e-01 7.248135332564398237e-01 1.000000000000000000e+00
4.948558246828143048e-01 4.759861591695501715e-01 7.219838523644751538e-01 1.000000000000000000e+00
4.921491733948481495e-01 4.705728565936178054e-01 7.191541714725104839e-01 1.000000000000000000e+00
4.894425221068820497e-01 4.651595540176856614e-01 7.163244905805460361e-01 1.000000000000000000e+00
4.867358708189157834e-01 4.597462514417531287e-01 7.134948096885812552e-01 1.000000000000000000e+00
4.840292195309496281e-01 4.543329488658208182e-01 7.106651287966166963e-01 1.000000000000000000e+00
4.813225682429834729e-01 4.489196462898884521e-01 7.078354479046520265e-01 1.000000000000000000e+00
4.786159169550173176e-01 4.435063437139561415e-01 7.050057670126873566e-01 1.000000000000000000e+00
4.759092656670511623e-01 4.380930411380238310e-01 7.021760861207227977e-01 1.000000000000000000e+00
4.732026143790849515e-01 4.326797385620914649e-01 6.993464052287581278e-01 1.000000000000000000e+00
4.704959630911187962e-01 4.272664359861591543e-01 6.965167243367934580e-01 1.000000000000000000e+00
4.677893118031526409e-01 4.218531334102267882e-01 6.936870434448288991e-01 1.000000000000000000e+00
4.650826605151864857e-01 4.164398308342944777e-01 6.908573625528642292e-01 1.000000000000000000e+00
4.623760092272203304e-01 4.110265282583621671e-01 6.880276816608996704e-01 1.000000000000000000e+00
4.596693579392541196e-01 4.056132256824298010e-01 6.851980007689350005e-01 1.000000000000000000e+00
4.569627066512879643e-01 4.001999231064974905e-01 6.823683198769703306e-01 1.000000000000000000e+00
4.542560553633218090e-01 3.947866205305651244e-01 6.795386389850057718e-01 1.000000000000000000e+00
4.515494040753556537e-01 3.893733179546328138e-01 6.767089580930411019e-01 1.000000000000000000e+00
4.488427527873894984e-01 3.839600153787005032e-01 6.738792772010764320e-01 1.000000000000000000e+00
4.461361014994233987e-01 3.785467128027683037e-01 6.710495963091118732e-01 1.000000000000000000e+00
4.434294502114571324e-01 3.731334102268358266e-01 6.682199154171472033e-01 1.000000000000000000e+00
4.407227989234909771e-01 3.677201076509034605e-01 6.653902345251825334e-01 1.000000000000000000e+00
4.380161476355248218e-01 3.623068050749711499e-01 6.625605536332179746e-01 1.000000000000000000e+00
4.353094963475586665e-01 3.568935024990388394e-01 6.597308727412533047e-01 1.000000000000000000e+00
4.326028450595924557e-01 3.514801999231064733e-01 6.569011918492886348e-01 1.000000000000000000e+00
4.298961937716263004e-01 3.460668973471741072e-01 6.540715109573240760e-01 1.000000000000000000e+00
4.271895424836601451e-01 3.406535947712417967e-01 6.512418300653594061e-01 1.000000000000000000e+00
4.244828911956939899e-01 3.352402921953094861e-01 6.484121491733947362e-01 1.000000000000000000e+00
4.217762399077278346e-01 3.298269896193771755e-01 6.455824682814301774e-01 1.000000000000000000e+00
4.190695886197616238e-01 3.244136870434448094e-01 6.427527873894655075e-01 1.000000000000000000e+00
4.163629373317954685e-01 3.190003844675124434e-01 6.399231064975009486e-01 1.000000000000000000e+00
4.136562860438293132e-01 3.137716262975778214e-01 6.373702422145328672e-01 1.000000000000000000e+00
4.109496347558631579e-01 3.086043829296424290e-01 6.349096501345635746e-01 1.000000000000000000e+00
4.082429834678970026e-01 3.034371395617070366e-01 6.324490580545943930e-01 1.000000000000000000e+00
4.055363321799307919e-01 2.982698961937715887e-01 6.299884659746251003e-01 1.000000000000000000e+00
4.028296808919647476e-01 2.931026528258363628e-01 6.275278738946559187e-01 1.000000000000000000e+00
4.001230296039984813e-01 2.879354094579008039e-01 6.250672818146866261e-01 1.000000000000000000e+00
3.974163783160323260e-01 2.827681660899653560e-01 6.226066897347173335e-01 1.000000000000000000e+00
3.947097270280661707e-01 2.776009227220299636e-01 6.201460976547481518e-01 1.000000000000000000e+00
3.920030757400999599e-01 2.724336793540945711e-01 6.176855055747788592e-01 1.000000000000000000e+00
3.892964244521338046e-01 2.672664359861591787e-01 6.152249134948096776e-01 1.000000000000000000e+00
3.865897731641676494e-01 2.620991926182237308e-01 6.127643214148403850e-01 1.000000000000000000e+00
3.838831218762014941e-01 2.569319492502883384e-01 6.103037293348712033e-01 1.000000000000000000e+00
3.811764705882352833e-01 2.517647058823529460e-01 6.078431372549019107e-01 1.000000000000000000e+00
3.784698193002691280e-01 2.465974625144175258e-01 6.053825451749327291e-01 1.000000000000000000e+00
3.757631680123029727e-01 2.414302191464821057e-01 6.029219530949634365e-01 1.000000000000000000e+00
3.730565167243368174e-01 2.362629757785467133e-01 6.004613610149942549e-01 1.000000000000000000e+00
3.703498654363706066e-01 2.310957324106112931e-01 5.980007689350249622e-01 1.000000000000000000e+00
3.676432141484044513e-01 2.259284890426758730e-01 5.955401768550556696e-01 1.000000000000000000e+00
3.649365628604382961e-01 2.207612456747404805e-01 5.930795847750864880e-01 1.000000000000000000e+00
3.622299115724721408e-01 2.155940023068050881e-01 5.906189926951171953e-01 1.000000000000000000e+00
3.595232602845060410e-01 2.104267589388698068e-01 5.881584006151481248e-01 1.000000000000000000e+00
3.568166089965397747e-01 2.052595155709342478e-01 5.856978085351787211e-01 1.000000000000000000e+00
3.541099577085736194e-01 2.000922722029988554e-01 5.832372164552095395e-01 1.000000000000000000e+00
3.514033064206074641e-01 1.949250288350634353e-01 5.807766243752402469e-01 1.000000000000000000e+00
3.486966551326413088e-01 1.897577854671280428e-01 5.783160322952710652e-01 1.000000000000000000e+00
3.459900038446751536e-01 1.845905420991926227e-01 5.758554402153017726e-01 1.000000000000000000e+00
3.432833525567089428e-01 1.794232987312572025e-01 5.733948481353325910e-01 1.000000000000000000e+00
3.405767012687427875e-01 1.742560553633218101e-01 5.709342560553632984e-01 1.000000000000000000e+00
3.378700499807766322e-01 1.690888119953863900e-01 5.684736639753941168e-01 1.000000000000000000e+00
3.351633986928104214e-01 1.639215686274509975e-01 5.660130718954248241e-01 1.000000000000000000e+00
3.324567474048442661e-01 1.587543252595155774e-01 5.635524798154556425e-01 1.000000000000000000e+00
3.297500961168781108e-01 1.535870818915801572e-01 5.610918877354863499e-01 1.000000000000000000e+00
3.271510957324106350e-01 1.487427912341407199e-01 5.588465974625144161e-01 1.000000000000000000e+00
3.245674740484428833e-01 1.439446366782007047e-01 5.566320645905421527e-01 1.000000000000000000e+00
3.219838523644751871e-01 1.391464821222606896e-01 5.544175317185697782e-01 1.000000000000000000e+00
3.194002306805074909e-01 1.343483275663206467e-01 5.522029988465975148e-01 1.000000000000000000e+00
3.168166089965398502e-01 1.295501730103807703e-01 5.499884659746252513e-01 1.000000000000000000e+00
3.142329873125720985e-01 1.247520184544406024e-01 5.477739331026528768e-01 1.000000000000000000e+00
3.116493656286044023e-01 1.199538638985005873e-01 5.455594002306805024e-01 1.000000000000000000e+00
3.090657439446366506e-01 1.151557093425605582e-01 5.433448673587082389e-01 1.000000000000000000e+00
3.064821222606689544e-01 1.103575547866205431e-01 5.411303344867358645e-01 1.000000000000000000e+00
3.038985005767012582e-01 1.055594002306805140e-01 5.389158016147636010e-01 1.000000000000000000e+00
3.013148788927335620e-01 1.007612456747404850e-01 5.367012687427912265e-01 1.000000000000000000e+00
2.987312572087658658e-01 9.596309111880046983e-02 5.344867358708189631e-01 1.000000000000000000e+00
2.961476355247981695e-01 9.116493656286044078e-02 5.322722029988465886e-01 1.000000000000000000e+00
2.935640138408304733e-01 8.636678200692042562e-02 5.300576701268743252e-01 1.000000000000000000e+00
2.909803921568627771e-01 8.156862745098039658e-02 5.278431372549019507e-01 1.000000000000000000e+00
2.883967704728950254e-01 7.677047289504036753e-02 5.256286043829296872e-01 1.000000000000000000e+00
2.858131487889273292e-01 7.197231833910035237e-02 5.234140715109573128e-01 1.000000000000000000e+00
2.832295271049596330e-01 6.717416378316032333e-02 5.211995386389849383e-01 1.000000000000000000e+00
2.806459054209919368e-01 6.237600922722030816e-02 5.189850057670126748e-01 1.000000000000000000e+00
2.780622837370242406e-01 5.757785467128027912e-02 5.167704728950404114e-01 1.000000000000000000e+00
2.754786620530565999e-01 5.277970011534038886e-02 5.145559400230681479e-01 1.000000000000000000e+00
2.728950403690888482e-01 4.798154555940023491e-02 5.123414071510956624e-01 1.000000000000000000e+00
2.703114186851210965e-01 4.318339100346020587e-02 5.101268742791233990e-01 1.000000000000000000e+00
2.677277970011534003e-01 3.838523644752019071e-02 5.079123414071511355e-01 1.000000000000000000e+00
2.651441753171857041e-01 3.358708189158016166e-02 5.056978085351787611e-01 1.000000000000000000e+00
2.625605536332180079e-01 2.878892733564014650e-02 5.034832756632063866e-01 1.000000000000000000e+00
2.599769319492503117e-01 2.399077277970010358e-02 5.012687427912341231e-01 1.000000000000000000e+00
2.573933102652825600e-01 1.919261822376008841e-02 4.990542099192618042e-01 1.000000000000000000e+00
2.548096885813149193e-01 1.439446366782007325e-02 4.968396770472894852e-01 1.000000000000000000e+00
2.522260668973471676e-01 9.596309111880058085e-03 4.946251441753171663e-01 1.000000000000000000e+00
2.496424452133794714e-01 4.798154555940015165e-03 4.924106113033448473e-01 1.000000000000000000e+00
2.470588235294117752e-01 0.000000000000000000e+00 4.901960784313725283e-01 1.000000000000000000e+00
