1.000000000000000000e+00 1.224646799147353207e-16 6.123233995736766036e-17 1.000000000000000000e+00
1.000000000000000000e+00 1.231965953523852901e-02 6.159946638138690672e-03 1.000000000000000000e+00
1.000000000000000000e+00 2.463744919538202530e-02 1.231965953523846830e-02 1.000000000000000000e+00
1.000000000000000000e+00 3.695149938914490950e-02 1.847890495912991524e-02 1.000000000000000000e+00
1.000000000000000000e+00 4.925994109281683214e-02 2.463744919538196285e-02 1.000000000000000000e+00
1.000000000000000000e+00 6.156090613394323008e-02 3.079505855617054727e-02 1.000000000000000000e+00
1.000000000000000000e+00 7.385252747487430769e-02 3.695149938914506910e-02 1.000000000000000000e+00
1.000000000000000000e+00 8.613293949614632405e-02 4.310653808629573425e-02 1.000000000000000000e+00
1.000000000000000000e+00 9.840027827964299700e-02 4.925994109281699174e-02 1.000000000000000000e+00
1.000000000000000000e+00 1.106526818915010979e-01 5.541147491597007979e-02 1.000000000000000000e+00
1.000000000000000000e+00 1.228882906647143364e-01 6.156090613394294558e-02 1.000000000000000000e+00
1.000000000000000000e+00 1.351052474813931314e-01 6.770800140470753514e-02 1.000000000000000000e+00
1.000000000000000000e+00 1.473016980546376642e-01 7.385252747487403013e-02 1.000000000000000000e+00
1.000000000000000000e+00 1.594757912099808994e-01 7.999425118854168459e-02 1.000000000000000000e+00
1.000000000000000000e+00 1.716256791663597070e-01 8.613293949614603262e-02 1.000000000000000000e+00
1.000000000000000000e+00 1.837495178165703680e-01 9.226835946330201599e-02 1.000000000000000000e+00
1.000000000000000000e+00 1.958454670071669568e-01 9.840027827964270557e-02 1.000000000000000000e+00
1.000000000000000000e+00 2.079116908177593148e-01 1.045284632676534570e-01 1.000000000000000000e+00
1.000000000000000000e+00 2.199463578396685659e-01 1.106526818915008203e-01 1.000000000000000000e+00
1.000000000000000000e+00 2.319476414538980402e-01 1.167727017658562599e-01 1.000000000000000000e+00
1.000000000000000000e+00 2.439137201083770023e-01 1.228882906647140588e-01 1.000000000000000000e+00
1.000000000000000000e+00 2.558427775944358551e-01 1.289992165302034088e-01 1.000000000000000000e+00
1.000000000000000000e+00 2.677330033224681327e-01 1.351052474813930759e-01 1.000000000000000000e+00
1.000000000000000000e+00 2.795825925967440062e-01 1.412061518230914858e-01 1.000000000000000000e+00
1.000000000000000000e+00 2.913897468893247855e-01 1.473016980546375809e-01 1.000000000000000000e+00
1.000000000000000000e+00 3.031526741130436409e-01 1.533916548786854461e-01 1.000000000000000000e+00
1.000000000000000000e+00 3.148695888935079679e-01 1.594757912099808439e-01 1.000000000000000000e+00
1.000000000000000000e+00 3.265387128400833450e-01 1.655538761841300055e-01 1.000000000000000000e+00
1.000000000000000000e+00 3.381582748158175611e-01 1.716256791663598458e-01 1.000000000000000000e+00
1.000000000000000000e+00 3.497265112062615811e-01 1.776909697602688243e-01 1.000000000000000000e+00
1.000000000000000000e+00 3.612416661871533097e-01 1.837495178165705345e-01 1.000000000000000000e+00
1.000000000000000000e+00 3.727019919909143608e-01 1.898010934418259410e-01 1.000000000000000000e+00
1.000000000000000000e+00 3.841057491719257477e-01 1.958454670071669013e-01 1.000000000000000000e+00
1.000000000000000000e+00 3.954512068705424155e-01 2.018824091570101953e-01 1.000000000000000000e+00
1.000000000000000000e+00 4.067366430758000417e-01 2.079116908177592316e-01 1.000000000000000000e+00
1.000000000000000000e+00 4.179603448867832416e-01 2.139330832064973431e-01 1.000000000000000000e+00
1.000000000000000000e+00 4.291206087726087137e-01 2.199463578396685104e-01 1.000000000000000000e+00
1.000000000000000000e+00 4.402157408309870790e-01 2.259512865417475092e-01 1.000000000000000000e+00
1.000000000000000000e+00 4.512440570453228883e-01 2.319476414538982068e-01 1.000000000000000000e+00
1.000000000000000000e+00 4.622038835403132762e-01 2.379351950426188134e-01 1.000000000000000000e+00
1.000000000000000000e+00 4.730935568360101207e-01 2.439137201083771689e-01 1.000000000000000000e+00
1.000000000000000000e+00 4.839114241003015793e-01 2.498829897942308198e-01 1.000000000000000000e+00
1.000000000000000000e+00 4.946558433997788051e-01 2.558427775944355775e-01 1.000000000000000000e+00
1.000000000000000000e+00 5.053251839489484309e-01 2.617928573630404765e-01 1.000000000000000000e+00
1.000000000000000000e+00 5.159178263577514079e-01 2.677330033224680772e-01 1.000000000000000000e+00
1.000000000000000000e+00 5.264321628773560580e-01 2.736629900720830011e-01 1.000000000000000000e+00
1.000000000000000000e+00 5.368665976441802101e-01 2.795825925967439507e-01 1.000000000000000000e+00
1.000000000000000000e+00 5.472195469221113884e-01 2.854915862753421574e-01 1.000000000000000000e+00
1.000000000000000000e+00 5.574894393428857509e-01 2.913897468893247300e-01 1.000000000000000000e+00
1.000000000000000000e+00 5.676747161445903078e-01 2.972768506312027381e-01 1.000000000000000000e+00
1.000000000000000000e+00 5.777738314082512261e-01 3.031526741130435854e-01 1.000000000000000000e+00
1.000000000000000000e+00 5.877852522924732481e-01 3.090169943749474513e-01 1.000000000000000000e+00
1.000000000000000000e+00 5.977074592660936991e-01 3.148695888935079124e-01 1.000000000000000000e+00
1.000000000000000000e+00 6.075389463388168876e-01 3.207102355902551882e-01 1.000000000000000000e+00
1.000000000000000000e+00 6.172782212897929277e-01 3.265387128400832895e-01 1.000000000000000000e+00
1.000000000000000000e+00 6.269238058941064562e-01 3.323547994796596239e-01 1.000000000000000000e+00
1.000000000000000000e+00 6.364742361471413812e-01 3.381582748158170615e-01 1.000000000000000000e+00
1.000000000000000000e+00 6.459280624867872467e-01 3.439489186339280691e-01 1.000000000000000000e+00
1.000000000000000000e+00 6.552838500134534616e-01 3.497265112062610815e-01 1.000000000000000000e+00
1.000000000000000000e+00 6.645401787078581979e-01 3.554908333003181653e-01 1.000000000000000000e+00
1.000000000000000000e+00 6.736956436465573184e-01 3.612416661871530321e-01 1.000000000000000000e+00
1.000000000000000000e+00 6.827488552151855794e-01 3.669787916496721758e-01 1.000000000000000000e+00
1.000000000000000000e+00 6.916984393193701397e-01 3.727019919909140833e-01 1.000000000000000000e+00
1.000000000000000000e+00 7.005430375932910625e-01 3.784110500423103485e-01 1.000000000000000000e+00
9.980392156862745168e-01 7.092813076058535060e-01 3.841057491719259143e-01 1.000000000000000000e+00
9.901960784313725839e-01 7.179119230644419591e-01 3.897858732926793857e-01 1.000000000000000000e+00
9.823529411764706509e-01 7.264335740162241040e-01 3.954512068705425820e-01 1.000000000000000000e+00
9.745098039215687180e-01 7.348449670469756612e-01 4.011015349327187729e-01 1.000000000000000000e+00
9.666666666666667851e-01 7.431448254773942441e-01 4.067366430758002083e-01 1.000000000000000000e+00
9.588235294117648522e-01 7.513318895568732447e-01 4.123563174739034443e-01 1.000000000000000000e+00
9.509803921568626972e-01 7.594049166547073293e-01 4.179603448867835747e-01 1.000000000000000000e+00
9.431372549019607643e-01 7.673626814486971259e-01 4.235485126679244261e-01 1.000000000000000000e+00
9.352941176470588314e-01 7.752039761111300109e-01 4.291206087726091023e-01 1.000000000000000000e+00
9.274509803921568984e-01 7.829276104921029100e-01 4.346764217659650487e-01 1.000000000000000000e+00
9.196078431372549655e-01 7.905324123001634673e-01 4.402157408309874120e-01 1.000000000000000000e+00
9.117647058823528106e-01 7.980172272802396050e-01 4.457383557765383086e-01 1.000000000000000000e+00
9.039215686274508776e-01 8.053809193888327167e-01 4.512440570453228883e-01 1.000000000000000000e+00
8.960784313725489447e-01 8.126223709664456285e-01 4.567326357218406407e-01 1.000000000000000000e+00
8.882352941176470118e-01 8.197404829072211241e-01 4.622038835403132206e-01 1.000000000000000000e+00
8.803921568627450789e-01 8.267341748257635015e-01 4.676575928925867931e-01 1.000000000000000000e+00
8.725490196078431460e-01 8.336023852211194018e-01 4.730935568360100651e-01 1.000000000000000000e+00
8.647058823529412130e-01 8.403440716378927089e-01 4.785115691012865047e-01 1.000000000000000000e+00
8.568627450980392801e-01 8.469582108244670948e-01 4.839114241003015238e-01 1.000000000000000000e+00
8.490196078431373472e-01 8.534437988883158965e-01 4.892929169339235163e-01 1.000000000000000000e+00
8.411764705882354143e-01 8.597998514483723431e-01 4.946558433997787496e-01 1.000000000000000000e+00
8.333333333333334814e-01 8.660254037844385966e-01 4.999999999999998890e-01 1.000000000000000000e+00
8.254901960784313264e-01 8.721195109836109571e-01 5.053251839489480979e-01 1.000000000000000000e+00
8.176470588235293935e-01 8.780812480836980294e-01 5.106311931809069948e-01 1.000000000000000000e+00
8.098039215686274606e-01 8.839097102136120876e-01 5.159178263577510748e-01 1.000000000000000000e+00
8.019607843137255276e-01 8.896040127307095480e-01 5.211848828765851538e-01 1.000000000000000000e+00
7.941176470588235947e-01 8.951632913550623405e-01 5.264321628773558359e-01 1.000000000000000000e+00
7.862745098039214398e-01 9.005867023006376426e-01 5.316594672504363350e-01 1.000000000000000000e+00
7.784313725490195068e-01 9.058734224033673232e-01 5.368665976441802101e-01 1.000000000000000000e+00
7.705882352941175739e-01 9.110226492460884451e-01 5.420533564724494546e-01 1.000000000000000000e+00
7.627450980392156410e-01 9.160336012803335093e-01 5.472195469221111663e-01 1.000000000000000000e+00
7.549019607843137081e-01 9.209055179449536777e-01 5.523649729605057956e-01 1.000000000000000000e+00
7.470588235294117752e-01 9.256376597815563212e-01 5.574894393428855288e-01 1.000000000000000000e+00
7.392156862745098422e-01 9.302293085467403522e-01 5.625927516198231393e-01 1.000000000000000000e+00
7.313725490196079093e-01 9.346797673211105772e-01 5.676747161445900858e-01 1.000000000000000000e+00
7.235294117647059764e-01 9.389883606150565276e-01 5.727351400805051895e-01 1.000000000000000000e+00
7.156862745098040435e-01 9.431544344712774475e-01 5.777738314082511151e-01 1.000000000000000000e+00
7.078431372549021106e-01 9.471773565640402293e-01 5.827905989331608749e-01 1.000000000000000000e+00
6.999999999999999556e-01 9.510565162951536422e-01 5.877852522924731371e-01 1.000000000000000000e+00
6.921568627450980227e-01 9.547913248866443103e-01 5.927576019625548920e-01 1.000000000000000000e+00
6.843137254901960898e-01 9.583812154701222275e-01 5.977074592660935881e-01 1.000000000000000000e+00
6.764705882352941568e-01 9.618256431728190448e-01 6.026346363792564054e-01 1.000000000000000000e+00
6.686274509803922239e-01 9.651240852002890280e-01 6.075389463388168876e-01 1.000000000000000000e+00
6.607843137254900689e-01 9.682760409157589176e-01 6.124202030492501558e-01 1.000000000000000000e+00
6.529411764705881360e-01 9.712810319161139239e-01 6.172782212897930387e-01 1.000000000000000000e+00
6.450980392156862031e-01 9.741386021045101984e-01 6.221128167214740046e-01 1.000000000000000000e+00
6.372549019607842702e-01 9.768483177596007927e-01 6.269238058941065672e-01 1.000000000000000000e+00
6.294117647058823373e-01 9.794097676013658882e-01 6.317110062532510506e-01 1.000000000000000000e+00
6.215686274509804043e-01 9.818225628535368621e-01 6.364742361471413812e-01 1.000000000000000000e+00
6.137254901960784714e-01 9.840863373026044192e-01 6.412133148335783517e-01 1.000000000000000000e+00
6.058823529411765385e-01 9.862007473534025737e-01 6.459280624867872467e-01 1.000000000000000000e+00
5.980392156862746056e-01 9.881654720812593773e-01 6.506183002042420505e-01 1.000000000000000000e+00
5.901960784313726727e-01 9.899802132807069555e-01 6.552838500134534616e-01 1.000000000000000000e+00
5.823529411764707397e-01 9.916446955107427463e-01 6.599245348787224907e-01 1.000000000000000000e+00
5.745098039215685848e-01 9.931586661366361701e-01 6.645401787078580869e-01 1.000000000000000000e+00
5.666666666666666519e-01 9.945218953682734009e-01 6.691306063588582376e-01 1.000000000000000000e+00
5.588235294117647189e-01 9.957341762950345787e-01 6.736956436465572073e-01 1.000000000000000000e+00
5.509803921568627860e-01 9.967953249171991326e-01 6.782351173492340290e-01 1.000000000000000000e+00
5.431372549019608531e-01 9.977051801738728853e-01 6.827488552151854684e-01 1.000000000000000000e+00
5.352941176470586981e-01 9.984636039674339436e-01 6.872366859692627949e-01 1.000000000000000000e+00
5.274509803921567652e-01 9.990704811844931532e-01 6.916984393193700287e-01 1.000000000000000000e+00
5.196078431372548323e-01 9.995257197133659011e-01 6.961339459629266591e-01 1.000000000000000000e+00
5.117647058823528994e-01 9.998292504580527096e-01 7.005430375932909515e-01 1.000000000000000000e+00
4.960784313725490335e-01 9.999810273487268475e-01 7.092813076058535060e-01 1.000000000000000000e+00
4.882352941176471006e-01 9.998292504580527096e-01 7.136101544117523510e-01 1.000000000000000000e+00
4.803921568627451677e-01 9.995257197133659011e-01 7.179119230644418481e-01 1.000000000000000000e+00
4.725490196078432348e-01 9.990704811844931532e-01 7.221864503320093442e-01 1.000000000000000000e+00
4.647058823529413019e-01 9.984636039674339436e-01 7.264335740162241040e-01 1.000000000000000000e+00
4.568627450980391469e-01 9.977051801738728853e-01 7.306531329586931633e-01 1.000000000000000000e+00
4.490196078431372140e-01 9.967953249171991326e-01 7.348449670469756612e-01 1.000000000000000000e+00
4.411764705882352811e-01 9.957341762950344677e-01 7.390089172206590895e-01 1.000000000000000000e+00
4.333333333333333481e-01 9.945218953682732899e-01 7.431448254773942441e-01 1.000000000000000000e+00
4.254901960784314152e-01 9.931586661366361701e-01 7.472525348788909838e-01 1.000000000000000000e+00
4.176470588235294823e-01 9.916446955107427463e-01 7.513318895568732447e-01 1.000000000000000000e+00
4.098039215686275494e-01 9.899802132807069555e-01 7.553827347189937536e-01 1.000000000000000000e+00
4.019607843137253944e-01 9.881654720812593773e-01 7.594049166547072183e-01 1.000000000000000000e+00
3.941176470588234615e-01 9.862007473534025737e-01 7.633982827411029959e-01 1.000000000000000000e+00
3.862745098039215286e-01 9.840863373026044192e-01 7.673626814486970149e-01 1.000000000000000000e+00
3.784313725490195957e-01 9.818225628535368621e-01 7.712979623471807322e-01 1.000000000000000000e+00
3.705882352941176627e-01 9.794097676013658882e-01 7.752039761111297889e-01 1.000000000000000000e+00
3.627450980392157298e-01 9.768483177596006817e-01 7.790805745256703663e-01 1.000000000000000000e+00
3.549019607843137969e-01 9.741386021045100874e-01 7.829276104921027990e-01 1.000000000000000000e+00
3.470588235294118640e-01 9.712810319161139239e-01 7.867449380334832210e-01 1.000000000000000000e+00
3.392156862745099311e-01 9.682760409157589176e-01 7.905324123001632453e-01 1.000000000000000000e+00
3.313725490196077761e-01 9.651240852002890280e-01 7.942898895752861232e-01 1.000000000000000000e+00
3.235294117647058432e-01 9.618256431728190448e-01 7.980172272802394939e-01 1.000000000000000000e+00
3.156862745098039102e-01 9.583812154701222275e-01 8.017142839800667220e-01 1.000000000000000000e+00
3.078431372549019773e-01 9.547913248866443103e-01 8.053809193888327167e-01 1.000000000000000000e+00
3.000000000000000444e-01 9.510565162951535312e-01 8.090169943749474513e-01 1.000000000000000000e+00
2.921568627450981115e-01 9.471773565640402293e-01 8.126223709664456285e-01 1.000000000000000000e+00
2.843137254901961786e-01 9.431544344712774475e-01 8.161969123562217154e-01 1.000000000000000000e+00
2.764705882352940236e-01 9.389883606150565276e-01 8.197404829072211241e-01 1.000000000000000000e+00
2.686274509803920907e-01 9.346797673211105772e-01 8.232529481575873165e-01 1.000000000000000000e+00
2.607843137254901578e-01 9.302293085467402411e-01 8.267341748257635015e-01 1.000000000000000000e+00
2.529411764705882248e-01 9.256376597815562102e-01 8.301840308155506998e-01 1.000000000000000000e+00
2.450980392156862919e-01 9.209055179449535666e-01 8.336023852211195129e-01 1.000000000000000000e+00
2.372549019607843590e-01 9.160336012803335093e-01 8.369891083319778158e-01 1.000000000000000000e+00
2.294117647058824261e-01 9.110226492460883341e-01 8.403440716378927089e-01 1.000000000000000000e+00
2.215686274509804932e-01 9.058734224033671012e-01 8.436671478337662844e-01 1.000000000000000000e+00
2.137254901960785602e-01 9.005867023006375316e-01 8.469582108244670948e-01 1.000000000000000000e+00
2.058823529411764053e-01 8.951632913550623405e-01 8.502171357296142151e-01 1.000000000000000000e+00
1.980392156862744724e-01 8.896040127307095480e-01 8.534437988883160076e-01 1.000000000000000000e+00
1.901960784313725394e-01 8.839097102136119766e-01 8.566380778638628124e-01 1.000000000000000000e+00
1.823529411764706065e-01 8.780812480836979184e-01 8.597998514483724541e-01 1.000000000000000000e+00
1.745098039215686736e-01 8.721195109836108461e-01 8.629289996673896734e-01 1.000000000000000000e+00
1.666666666666667407e-01 8.660254037844387076e-01 8.660254037844385966e-01 1.000000000000000000e+00
1.588235294117648078e-01 8.597998514483724541e-01 8.690889463055282427e-01 1.000000000000000000e+00
1.509803921568626528e-01 8.534437988883157855e-01 8.721195109836109571e-01 1.000000000000000000e+00
1.431372549019607199e-01 8.469582108244669838e-01 8.751169828229927727e-01 1.000000000000000000e+00
1.352941176470587870e-01 8.403440716378927089e-01 8.780812480836979184e-01 1.000000000000000000e+00
1.274509803921568540e-01 8.336023852211195129e-01 8.810121942857844779e-01 1.000000000000000000e+00
1.196078431372549211e-01 8.267341748257635015e-01 8.839097102136119766e-01 1.000000000000000000e+00
1.117647058823529882e-01 8.197404829072211241e-01 8.867736859200618937e-01 1.000000000000000000e+00
1.039215686274510553e-01 8.126223709664456285e-01 8.896040127307095480e-01 1.000000000000000000e+00
9.607843137254912236e-02 8.053809193888327167e-01 8.924005832479477984e-01 1.000000000000000000e+00
8.823529411764718944e-02 7.980172272802396050e-01 8.951632913550623405e-01 1.000000000000000000e+00
8.039215686274503447e-02 7.905324123001632453e-01 8.978920322202581517e-01 1.000000000000000000e+00
7.254901960784310155e-02 7.829276104921026880e-01 9.005867023006374206e-01 1.000000000000000000e+00
6.470588235294116863e-02 7.752039761111297889e-01 9.032471993461288484e-01 1.000000000000000000e+00
5.686274509803923571e-02 7.673626814486970149e-01 9.058734224033671012e-01 1.000000000000000000e+00
4.901960784313730279e-02 7.594049166547072183e-01 9.084652718195236343e-01 1.000000000000000000e+00
4.117647058823536987e-02 7.513318895568733558e-01 9.110226492460883341e-01 1.000000000000000000e+00
3.333333333333343695e-02 7.431448254773943551e-01 9.135454576426008666e-01 1.000000000000000000e+00
2.549019607843128199e-02 7.348449670469755501e-01 9.160336012803335093e-01 1.000000000000000000e+00
1.764705882352934907e-02 7.264335740162241040e-01 9.184869857459230236e-01 1.000000000000000000e+00
9.803921568627416150e-03 7.179119230644418481e-01 9.209055179449536777e-01 1.000000000000000000e+00
1.960784313725483230e-03 7.092813076058535060e-01 9.232891061054894211e-01 1.000000000000000000e+00
5.882352941176449690e-03 7.005430375932909515e-01 9.256376597815563212e-01 1.000000000000000000e+00
1.372549019607838261e-02 6.916984393193700287e-01 9.279510898565745958e-01 1.000000000000000000e+00
2.156862745098031553e-02 6.827488552151854684e-01 9.302293085467402411e-01 1.000000000000000000e+00
2.941176470588224845e-02 6.736956436465573184e-01 9.324722294043558124e-01 1.000000000000000000e+00
3.725490196078418137e-02 6.645401787078580869e-01 9.346797673211105772e-01 1.000000000000000000e+00
4.509803921568633633e-02 6.552838500134534616e-01 9.368518385313105989e-01 1.000000000000000000e+00
5.294117647058826925e-02 6.459280624867872467e-01 9.389883606150565276e-01 1.000000000000000000e+00
6.078431372549020217e-02 6.364742361471412702e-01 9.410892525013715426e-01 1.000000000000000000e+00
6.862745098039213509e-02 6.269238058941065672e-01 9.431544344712774475e-01 1.000000000000000000e+00
7.647058823529406801e-02 6.172782212897930387e-01 9.451838281608194725e-01 1.000000000000000000e+00
8.431372549019600093e-02 6.075389463388169986e-01 9.471773565640402293e-01 1.000000000000000000e+00
9.215686274509793385e-02 5.977074592660938102e-01 9.491349440359011513e-01 1.000000000000000000e+00
1.000000000000000888e-01 5.877852522924730261e-01 9.510565162951536422e-01 1.000000000000000000e+00
1.078431372549020217e-01 5.777738314082510040e-01 9.529420004271565992e-01 1.000000000000000000e+00
1.156862745098039547e-01 5.676747161445900858e-01 9.547913248866443103e-01 1.000000000000000000e+00
1.235294117647058876e-01 5.574894393428855288e-01 9.566044195004408390e-01 1.000000000000000000e+00
1.313725490196078205e-01 5.472195469221111663e-01 9.583812154701222275e-01 1.000000000000000000e+00
1.392156862745097534e-01 5.368665976441799881e-01 9.601216453746280743e-01 1.000000000000000000e+00
1.470588235294116863e-01 5.264321628773558359e-01 9.618256431728190448e-01 1.000000000000000000e+00
1.549019607843136193e-01 5.159178263577511858e-01 9.634931442059830875e-01 1.000000000000000000e+00
1.627450980392155522e-01 5.053251839489482089e-01 9.651240852002890280e-01 1.000000000000000000e+00
1.705882352941177071e-01 4.946558433997786941e-01 9.667184042691874257e-01 1.000000000000000000e+00
1.784313725490196401e-01 4.839114241003014683e-01 9.682760409157589176e-01 1.000000000000000000e+00
1.862745098039215730e-01 4.730935568360100651e-01 9.697969360350094936e-01 1.000000000000000000e+00
1.941176470588235059e-01 4.622038835403131651e-01 9.712810319161138128e-01 1.000000000000000000e+00
2.019607843137254388e-01 4.512440570453228328e-01 9.727282722446047858e-01 1.000000000000000000e+00
2.098039215686273717e-01 4.402157408309874120e-01 9.741386021045100874e-01 1.000000000000000000e+00
2.176470588235293047e-01 4.291206087726091023e-01 9.755119679804366006e-01 1.000000000000000000e+00
2.254901960784314596e-01 4.179603448867832416e-01 9.768483177596006817e-01 1.000000000000000000e+00
2.333333333333333925e-01 4.067366430758001528e-01 9.781476007338056888e-01 1.000000000000000000e+00
2.411764705882353255e-01 3.954512068705425265e-01 9.794097676013658882e-01 1.000000000000000000e+00
2.490196078431372584e-01 3.841057491719258588e-01 9.806347704689777345e-01 1.000000000000000000e+00
2.568627450980391913e-01 3.727019919909140278e-01 9.818225628535368621e-01 1.000000000000000000e+00
2.647058823529411242e-01 3.612416661871529766e-01 9.829730996839017854e-01 1.000000000000000000e+00
2.725490196078430571e-01 3.497265112062612480e-01 9.840863373026044192e-01 1.000000000000000000e+00
2.803921568627449901e-01 3.381582748158172835e-01 9.851622334675065318e-01 1.000000000000000000e+00
2.882352941176469230e-01 3.265387128400835115e-01 9.862007473534025737e-01 1.000000000000000000e+00
2.960784313725490779e-01 3.148695888935078013e-01 9.872018395535689939e-01 1.000000000000000000e+00
3.039215686274510109e-01 3.031526741130434743e-01 9.881654720812593773e-01 1.000000000000000000e+00
3.117647058823529438e-01 2.913897468893246190e-01 9.890916083711459583e-01 1.000000000000000000e+00
3.196078431372548767e-01 2.795825925967438397e-01 9.899802132807069555e-01 1.000000000000000000e+00
3.274509803921568096e-01 2.677330033224679662e-01 9.908312530915602823e-01 1.000000000000000000e+00
3.352941176470587425e-01 2.558427775944356886e-01 9.916446955107427463e-01 1.000000000000000000e+00
3.431372549019606755e-01 2.439137201083773077e-01 9.924205096719357355e-01 1.000000000000000000e+00
3.509803921568628304e-01 2.319476414538980125e-01 9.931586661366361701e-01 1.000000000000000000e+00
3.588235294117647634e-01 2.199463578396685104e-01 9.938591368952737204e-01 1.000000000000000000e+00
3.666666666666666963e-01 2.079116908177592871e-01 9.945218953682732899e-01 1.000000000000000000e+00
3.745098039215686292e-01 1.958454670071669568e-01 9.951469164070644302e-01 1.000000000000000000e+00
3.823529411764705621e-01 1.837495178165703680e-01 9.957341762950344677e-01 1.000000000000000000e+00
3.901960784313724950e-01 1.716256791663597070e-01 9.962836527484294491e-01 1.000000000000000000e+00
3.980392156862744280e-01 1.594757912099809272e-01 9.967953249171991326e-01 1.000000000000000000e+00
4.058823529411763609e-01 1.473016980546376642e-01 9.972691733857880214e-01 1.000000000000000000e+00
4.137254901960782938e-01 1.351052474813931870e-01 9.977051801738728853e-01 1.000000000000000000e+00
4.215686274509804488e-01 1.228882906647140311e-01 9.981033287370441043e-01 1.000000000000000000e+00
4.294117647058823817e-01 1.106526818915007926e-01 9.984636039674339436e-01 1.000000000000000000e+00
4.372549019607843146e-01 9.840027827964270557e-02 9.987859921942899843e-01 1.000000000000000000e+00
4.450980392156862475e-01 8.613293949614604650e-02 9.990704811844931532e-01 1.000000000000000000e+00
4.529411764705881804e-01 7.385252747487404401e-02 9.993170601430229061e-01 1.000000000000000000e+00
4.607843137254901134e-01 6.156090613394296640e-02 9.995257197133659011e-01 1.000000000000000000e+00
4.686274509803920463e-01 4.925994109281701949e-02 9.996964519778716030e-01 1.000000000000000000e+00
4.764705882352942012e-01 3.695149938914475685e-02 9.998292504580527096e-01 1.000000000000000000e+00
4.843137254901961342e-01 2.463744919538188305e-02 9.999241101148306221e-01 1.000000000000000000e+00
4.921568627450980671e-01 1.231965953523839891e-02 9.999810273487268475e-01 1.000000000000000000e+00
5.000000000000000000e-01 0.000000000000000000e+00 1.000000000000000000e+00 1.000000000000000000e+00
