1.960784313725490169e-02 1.882352941176470562e-01 3.803921568627450789e-01 1.000000000000000000e+00
2.391387927720107706e-02 1.965397923875432384e-01 3.919261822376008952e-01 1.000000000000000000e+00
2.821991541714725243e-02 2.048442906574394484e-01 4.034602076124567116e-01 1.000000000000000000e+00
3.252595155709342434e-02 2.131487889273356306e-01 4.149942329873125835e-01 1.000000000000000000e+00
3.683198769703960318e-02 2.214532871972318406e-01 4.265282583621683998e-01 1.000000000000000000e+00
4.113802383698577508e-02 2.297577854671280229e-01 4.380622837370242162e-01 1.000000000000000000e+00
4.544405997693194699e-02 2.380622837370242328e-01 4.495963091118800325e-01 1.000000000000000000e+00
4.975009611687812583e-02 2.463667820069204151e-01 4.611303344867359044e-01 1.000000000000000000e+00
5.405613225682430467e-02 2.546712802768166251e-01 4.726643598615917208e-01 1.000000000000000000e+00
5.836216839677047657e-02 2.629757785467128350e-01 4.841983852364475371e-01 1.000000000000000000e+00
6.266820453671664848e-02 2.712802768166089895e-01 4.957324106113033535e-01 1.000000000000000000e+00
6.697424067666282732e-02 2.795847750865051995e-01 5.072664359861591699e-01 1.000000000000000000e+00
7.128027681660900616e-02 2.878892733564014095e-01 5.188004613610149862e-01 1.000000000000000000e+00
7.558631295655517113e-02 2.961937716262975639e-01 5.303344867358708026e-01 1.000000000000000000e+00
7.989234909650136385e-02 3.044982698961937739e-01 5.418685121107267300e-01 1.000000000000000000e+00
8.419838523644752881e-02 3.128027681660899839e-01 5.534025374855824353e-01 1.000000000000000000e+00
8.850442137639370765e-02 3.211072664359861939e-01 5.649365628604383627e-01 1.000000000000000000e+00
9.281045751633987262e-02 3.294117647058823484e-01 5.764705882352940680e-01 1.000000000000000000e+00
9.711649365628605146e-02 3.377162629757785584e-01 5.880046136101499954e-01 1.000000000000000000e+00
1.014225297962322303e-01 3.460207612456747683e-01 5.995386389850058118e-01 1.000000000000000000e+00
1.057285659361783953e-01 3.543252595155709228e-01 6.110726643598616281e-01 1.000000000000000000e+00
1.100346020761245741e-01 3.626297577854671328e-01 6.226066897347174445e-01 1.000000000000000000e+00
1.143406382160707530e-01 3.709342560553633428e-01 6.341407151095732608e-01 1.000000000000000000e+00
1.186466743560169318e-01 3.792387543252595528e-01 6.456747404844291882e-01 1.000000000000000000e+00
1.229527104959630968e-01 3.875432525951557627e-01 6.572087658592848936e-01 1.000000000000000000e+00
1.272587466359092756e-01 3.958477508650519172e-01 6.687427912341408209e-01 1.000000000000000000e+00
1.320261437908496760e-01 4.034602076124567671e-01 6.762783544790466062e-01 1.000000000000000000e+00
1.372549019607843257e-01 4.103806228373702569e-01 6.798154555940023602e-01 1.000000000000000000e+00
1.424836601307189754e-01 4.173010380622837467e-01 6.833525567089581143e-01 1.000000000000000000e+00
1.477124183006535973e-01 4.242214532871972366e-01 6.868896578239138684e-01 1.000000000000000000e+00
1.529411764705882470e-01 4.311418685121107264e-01 6.904267589388697335e-01 1.000000000000000000e+00
1.581699346405228968e-01 4.380622837370242162e-01 6.939638600538254876e-01 1.000000000000000000e+00
1.633986928104575187e-01 4.449826989619377060e-01 6.975009611687812416e-01 1.000000000000000000e+00
1.686274509803921406e-01 4.519031141868511403e-01 7.010380622837369957e-01 1.000000000000000000e+00
1.738562091503267903e-01 4.588235294117646856e-01 7.045751633986928608e-01 1.000000000000000000e+00
1.790849673202614678e-01 4.657439446366782310e-01 7.081122645136486149e-01 1.000000000000000000e+00
1.843137254901960898e-01 4.726643598615916653e-01 7.116493656286043690e-01 1.000000000000000000e+00
1.895424836601306839e-01 4.795847750865050996e-01 7.151864667435601230e-01 1.000000000000000000e+00
1.947712418300653614e-01 4.865051903114187004e-01 7.187235678585159881e-01 1.000000000000000000e+00
2.000000000000000111e-01 4.934256055363321902e-01 7.222606689734717422e-01 1.000000000000000000e+00
2.052287581699346330e-01 5.003460207612456800e-01 7.257977700884274963e-01 1.000000000000000000e+00
2.104575163398692550e-01 5.072664359861590588e-01 7.293348712033832504e-01 1.000000000000000000e+00
2.156862745098039325e-01 5.141868512110726597e-01 7.328719723183391155e-01 1.000000000000000000e+00
2.209150326797385544e-01 5.211072664359861495e-01 7.364090734332948696e-01 1.000000000000000000e+00
2.261437908496732041e-01 5.280276816608996393e-01 7.399461745482506236e-01 1.000000000000000000e+00
2.313725490196077983e-01 5.349480968858131291e-01 7.434832756632063777e-01 1.000000000000000000e+00
2.366013071895425035e-01 5.418685121107266189e-01 7.470203767781622428e-01 1.000000000000000000e+00
2.418300653594771532e-01 5.487889273356401088e-01 7.505574778931179969e-01 1.000000000000000000e+00
2.470588235294117752e-01 5.557093425605535986e-01 7.540945790080737510e-01 1.000000000000000000e+00
2.522875816993463971e-01 5.626297577854670884e-01 7.576316801230295050e-01 1.000000000000000000e+00
2.575163398692810190e-01 5.695501730103805782e-01 7.611687812379853701e-01 1.000000000000000000e+00
2.627450980392156965e-01 5.764705882352940680e-01 7.647058823529411242e-01 1.000000000000000000e+00
2.748942714340638083e-01 5.841599384851979826e-01 7.688581314878891737e-01 1.000000000000000000e+00
2.870434448289118645e-01 5.918492887351017862e-01 7.730103806228373342e-01 1.000000000000000000e+00
2.991926182237600873e-01 5.995386389850057007e-01 7.771626297577853837e-01 1.000000000000000000e+00
3.113417916186081991e-01 6.072279892349096153e-01 7.813148788927335442e-01 1.000000000000000000e+00
3.234909650134563108e-01 6.149173394848135299e-01 7.854671280276815937e-01 1.000000000000000000e+00
3.356401384083043671e-01 6.226066897347173335e-01 7.896193771626296432e-01 1.000000000000000000e+00
3.477893118031525899e-01 6.302960399846212480e-01 7.937716262975778037e-01 1.000000000000000000e+00
3.599384851980007016e-01 6.379853902345251626e-01 7.979238754325258531e-01 1.000000000000000000e+00
3.720876585928488689e-01 6.456747404844289662e-01 8.020761245674740136e-01 1.000000000000000000e+00
3.842368319876968696e-01 6.533640907343327697e-01 8.062283737024220631e-01 1.000000000000000000e+00
3.963860053825450924e-01 6.610534409842367953e-01 8.103806228373702236e-01 1.000000000000000000e+00
4.085351787773932042e-01 6.687427912341405989e-01 8.145328719723182731e-01 1.000000000000000000e+00
4.206843521722413159e-01 6.764321414840445135e-01 8.186851211072664336e-01 1.000000000000000000e+00
4.328335255670894832e-01 6.841214917339484280e-01 8.228373702422144831e-01 1.000000000000000000e+00
4.449826989619374285e-01 6.918108419838522316e-01 8.269896193771625326e-01 1.000000000000000000e+00
4.571318723567857623e-01 6.995001922337561462e-01 8.311418685121106931e-01 1.000000000000000000e+00
4.692810457516338740e-01 7.071895424836600608e-01 8.352941176470587425e-01 1.000000000000000000e+00
4.814302191464819858e-01 7.148788927335639753e-01 8.394463667820069031e-01 1.000000000000000000e+00
4.935793925413300975e-01 7.225682429834678899e-01 8.435986159169549525e-01 1.000000000000000000e+00
5.057285659361782093e-01 7.302575932333716935e-01 8.477508650519031130e-01 1.000000000000000000e+00
5.178777393310263211e-01 7.379469434832756081e-01 8.519031141868511625e-01 1.000000000000000000e+00
5.300269127258745439e-01 7.456362937331795226e-01 8.560553633217992120e-01 1.000000000000000000e+00
5.421760861207224336e-01 7.533256439830832152e-01 8.602076124567472615e-01 1.000000000000000000e+00
5.543252595155707674e-01 7.610149942329872408e-01 8.643598615916954220e-01 1.000000000000000000e+00
5.664744329104187681e-01 7.687043444828911554e-01 8.685121107266435825e-01 1.000000000000000000e+00
5.773933102652824001e-01 7.750096116878123498e-01 8.719723183391002719e-01 1.000000000000000000e+00
5.870818915801613302e-01 7.799307958477508240e-01 8.747404844290657122e-01 1.000000000000000000e+00
5.967704728950402604e-01 7.848519800076892983e-01 8.775086505190311525e-01 1.000000000000000000e+00
6.064590542099190795e-01 7.897731641676277725e-01 8.802768166089964819e-01 1.000000000000000000e+00
6.161476355247980097e-01 7.946943483275662468e-01 8.830449826989619222e-01 1.000000000000000000e+00
6.258362168396767178e-01 7.996155324875047210e-01 8.858131487889272515e-01 1.000000000000000000e+00
6.355247981545557590e-01 8.045367166474433063e-01 8.885813148788926918e-01 1.000000000000000000e+00
6.452133794694346891e-01 8.094579008073817805e-01 8.913494809688581322e-01 1.000000000000000000e+00
6.549019607843136193e-01 8.143790849673202548e-01 8.941176470588234615e-01 1.000000000000000000e+00
6.645905420991925494e-01 8.193002691272587290e-01 8.968858131487889018e-01 1.000000000000000000e+00
6.742791234140713685e-01 8.242214532871972033e-01 8.996539792387543422e-01 1.000000000000000000e+00
6.839677047289502987e-01 8.291426374471356775e-01 9.024221453287196715e-01 1.000000000000000000e+00
6.936562860438292288e-01 8.340638216070741517e-01 9.051903114186851118e-01 1.000000000000000000e+00
7.033448673587079369e-01 8.389850057670126260e-01 9.079584775086504411e-01 1.000000000000000000e+00
7.130334486735869781e-01 8.439061899269512113e-01 9.107266435986158815e-01 1.000000000000000000e+00
7.227220299884659083e-01 8.488273740868896855e-01 9.134948096885813218e-01 1.000000000000000000e+00
7.324106113033448384e-01 8.537485582468281597e-01 9.162629757785466511e-01 1.000000000000000000e+00
7.420991926182236575e-01 8.586697424067666340e-01 9.190311418685120914e-01 1.000000000000000000e+00
7.517877739331025877e-01 8.635909265667051082e-01 9.217993079584775318e-01 1.000000000000000000e+00
7.614763552479815178e-01 8.685121107266435825e-01 9.245674740484428611e-01 1.000000000000000000e+00
7.711649365628603370e-01 8.734332948865820567e-01 9.273356401384083014e-01 1.000000000000000000e+00
7.808535178777391561e-01 8.783544790465205310e-01 9.301038062283736307e-01 1.000000000000000000e+00
7.905420991926181973e-01 8.832756632064591162e-01 9.328719723183390711e-01 1.000000000000000000e+00
8.002306805074970164e-01 8.881968473663975905e-01 9.356401384083045114e-01 1.000000000000000000e+00
8.099192618223760576e-01 8.931180315263360647e-01 9.384083044982698407e-01 1.000000000000000000e+00
8.196078431372548767e-01 8.980392156862745390e-01 9.411764705882352811e-01 1.000000000000000000e+00
8.254517493271817941e-01 9.008073817762399793e-01 9.422529796232218535e-01 1.000000000000000000e+00
8.312956555171088224e-01 9.035755478662053086e-01 9.433294886582083150e-01 1.000000000000000000e+00
8.371395617070357398e-01 9.063437139561707490e-01 9.444059976931948874e-01 1.000000000000000000e+00
8.429834678969625461e-01 9.091118800461360783e-01 9.454825067281814599e-01 1.000000000000000000e+00
8.488273740868896855e-01 9.118800461361015186e-01 9.465590157631680324e-01 1.000000000000000000e+00
8.546712802768166028e-01 9.146482122260669589e-01 9.476355247981544938e-01 1.000000000000000000e+00
8.605151864667435202e-01 9.174163783160322883e-01 9.487120338331410663e-01 1.000000000000000000e+00
8.663590926566704375e-01 9.201845444059977286e-01 9.497885428681276387e-01 1.000000000000000000e+00
8.722029988465974659e-01 9.229527104959631689e-01 9.508650519031142112e-01 1.000000000000000000e+00
8.780469050365243833e-01 9.257208765859284982e-01 9.519415609381006727e-01 1.000000000000000000e+00
8.838908112264514116e-01 9.284890426758939386e-01 9.530180699730872451e-01 1.000000000000000000e+00
8.897347174163782180e-01 9.312572087658592679e-01 9.540945790080738176e-01 1.000000000000000000e+00
8.955786236063052463e-01 9.340253748558247082e-01 9.551710880430603900e-01 1.000000000000000000e+00
9.014225297962321637e-01 9.367935409457901486e-01 9.562475970780468515e-01 1.000000000000000000e+00
9.072664359861591921e-01 9.395617070357554779e-01 9.573241061130334240e-01 1.000000000000000000e+00
9.131103421760861094e-01 9.423298731257209182e-01 9.584006151480199964e-01 1.000000000000000000e+00
9.189542483660130268e-01 9.450980392156862475e-01 9.594771241830065689e-01 1.000000000000000000e+00
9.247981545559400551e-01 9.478662053056516879e-01 9.605536332179930303e-01 1.000000000000000000e+00
9.306420607458669725e-01 9.506343713956171282e-01 9.616301422529796028e-01 1.000000000000000000e+00
9.364859669357938898e-01 9.534025374855824575e-01 9.627066512879661753e-01 1.000000000000000000e+00
9.423298731257208072e-01 9.561707035755478978e-01 9.637831603229527477e-01 1.000000000000000000e+00
9.481737793156478356e-01 9.589388696655132271e-01 9.648596693579392092e-01 1.000000000000000000e+00
9.540176855055747529e-01 9.617070357554786675e-01 9.659361783929257816e-01 1.000000000000000000e+00
9.598615916955017813e-01 9.644752018454441078e-01 9.670126874279123541e-01 1.000000000000000000e+00
9.690888119953864344e-01 9.664744329104191234e-01 9.649365628604382739e-01 1.000000000000000000e+00
9.700115340253748775e-01 9.621683967704729445e-01 9.575547866205306180e-01 1.000000000000000000e+00
9.709342560553633206e-01 9.578623606305267657e-01 9.501730103806228511e-01 1.000000000000000000e+00
9.718569780853517637e-01 9.535563244905805869e-01 9.427912341407151953e-01 1.000000000000000000e+00
9.727797001153402068e-01 9.492502883506345190e-01 9.354094579008076504e-01 1.000000000000000000e+00
9.737024221453287609e-01 9.449442522106882292e-01 9.280276816608996615e-01 1.000000000000000000e+00
9.746251441753172040e-01 9.406382160707420503e-01 9.206459054209920057e-01 1.000000000000000000e+00
9.755478662053056471e-01 9.363321799307958715e-01 9.132641291810842388e-01 1.000000000000000000e+00
9.764705882352940902e-01 9.320261437908496926e-01 9.058823529411765829e-01 1.000000000000000000e+00
9.773933102652825333e-01 9.277201076509035138e-01 8.985005767012688160e-01 1.000000000000000000e+00
9.783160322952710874e-01 9.234140715109573350e-01 8.911188004613610492e-01 1.000000000000000000e+00
9.792387543252595306e-01 9.191080353710111561e-01 8.837370242214533933e-01 1.000000000000000000e+00
9.801614763552479737e-01 9.148019992310649773e-01 8.763552479815456264e-01 1.000000000000000000e+00
9.810841983852364168e-01 9.104959630911187984e-01 8.689734717416379706e-01 1.000000000000000000e+00
9.820069204152248599e-01 9.061899269511726196e-01 8.615916955017302037e-01 1.000000000000000000e+00
9.829296424452134140e-01 9.018838908112265518e-01 8.542099192618225478e-01 1.000000000000000000e+00
9.838523644752018571e-01 8.975778546712802619e-01 8.468281430219147810e-01 1.000000000000000000e+00
9.847750865051903002e-01 8.932718185313341941e-01 8.394463667820071251e-01 1.000000000000000000e+00
9.856978085351787433e-01 8.889657823913880152e-01 8.320645905420993582e-01 1.000000000000000000e+00
9.866205305651672974e-01 8.846597462514418364e-01 8.246828143021915913e-01 1.000000000000000000e+00
9.875432525951557405e-01 8.803537101114957686e-01 8.173010380622840465e-01 1.000000000000000000e+00
9.884659746251441836e-01 8.760476739715494787e-01 8.099192618223761686e-01 1.000000000000000000e+00
9.893886966551326267e-01 8.717416378316032999e-01 8.025374855824685127e-01 1.000000000000000000e+00
9.903114186851210698e-01 8.674356016916571210e-01 7.951557093425607459e-01 1.000000000000000000e+00
9.912341407151096240e-01 8.631295655517109422e-01 7.877739331026529790e-01 1.000000000000000000e+00
9.921568627450980671e-01 8.588235294117647634e-01 7.803921568627453231e-01 1.000000000000000000e+00
9.907727797001154579e-01 8.505190311418686644e-01 7.697808535178780609e-01 1.000000000000000000e+00
9.893886966551327378e-01 8.422145328719724544e-01 7.591695501730106876e-01 1.000000000000000000e+00
9.880046136101500176e-01 8.339100346020763554e-01 7.485582468281433144e-01 1.000000000000000000e+00
9.866205305651672974e-01 8.256055363321801455e-01 7.379469434832759411e-01 1.000000000000000000e+00
9.852364475201845773e-01 8.173010380622839355e-01 7.273356401384085679e-01 1.000000000000000000e+00
9.838523644752019681e-01 8.089965397923877255e-01 7.167243367935411946e-01 1.000000000000000000e+00
9.824682814302192480e-01 8.006920415224915155e-01 7.061130334486739324e-01 1.000000000000000000e+00
9.810841983852365278e-01 7.923875432525953055e-01 6.955017301038065591e-01 1.000000000000000000e+00
9.797001153402538076e-01 7.840830449826992066e-01 6.848904267589391859e-01 1.000000000000000000e+00
9.783160322952710874e-01 7.757785467128029966e-01 6.742791234140718126e-01 1.000000000000000000e+00
9.769319492502884783e-01 7.674740484429070086e-01 6.636678200692047724e-01 1.000000000000000000e+00
9.755478662053057581e-01 7.591695501730105766e-01 6.530565167243370661e-01 1.000000000000000000e+00
9.741637831603230380e-01 7.508650519031143666e-01 6.424452133794696929e-01 1.000000000000000000e+00
9.727797001153403178e-01 7.425605536332182677e-01 6.318339100346023196e-01 1.000000000000000000e+00
9.713956170703575976e-01 7.342560553633220577e-01 6.212226066897350574e-01 1.000000000000000000e+00
9.700115340253749885e-01 7.259515570934258477e-01 6.106113033448676841e-01 1.000000000000000000e+00
9.686274509803922683e-01 7.176470588235296377e-01 6.000000000000003109e-01 1.000000000000000000e+00
9.672433679354095482e-01 7.093425605536334277e-01 5.893886966551329376e-01 1.000000000000000000e+00
9.658592848904268280e-01 7.010380622837373288e-01 5.787773933102655644e-01 1.000000000000000000e+00
9.644752018454441078e-01 6.927335640138411188e-01 5.681660899653981911e-01 1.000000000000000000e+00
9.630911188004613877e-01 6.844290657439449088e-01 5.575547866205308178e-01 1.000000000000000000e+00
9.617070357554787785e-01 6.761245674740486988e-01 5.469434832756634446e-01 1.000000000000000000e+00
9.603229527104960583e-01 6.678200692041524889e-01 5.363321799307960713e-01 1.000000000000000000e+00
9.589388696655133382e-01 6.595155709342563899e-01 5.257208765859286981e-01 1.000000000000000000e+00
9.575547866205306180e-01 6.512110726643600689e-01 5.151095732410613248e-01 1.000000000000000000e+00
9.545559400230682057e-01 6.417531718569784438e-01 5.057285659361785424e-01 1.000000000000000000e+00
9.499423298731259901e-01 6.311418685121112926e-01 4.975778546712806838e-01 1.000000000000000000e+00
9.453287197231835526e-01 6.205305651672436973e-01 4.894271434063823256e-01 1.000000000000000000e+00
9.407151095732412260e-01 6.099192618223763240e-01 4.812764321414841895e-01 1.000000000000000000e+00
9.361014994232988995e-01 5.993079584775089508e-01 4.731257208765861089e-01 1.000000000000000000e+00
9.314878892733565730e-01 5.886966551326415775e-01 4.649750096116879727e-01 1.000000000000000000e+00
9.268742791234142464e-01 5.780853517877742043e-01 4.568242983467898366e-01 1.000000000000000000e+00
9.222606689734718088e-01 5.674740484429068310e-01 4.486735870818917005e-01 1.000000000000000000e+00
9.176470588235294823e-01 5.568627450980394578e-01 4.405228758169935643e-01 1.000000000000000000e+00
9.130334486735871558e-01 5.462514417531720845e-01 4.323721645520954837e-01 1.000000000000000000e+00
9.084198385236448292e-01 5.356401384083047112e-01 4.242214532871973476e-01 1.000000000000000000e+00
9.038062283737025027e-01 5.250288350634373380e-01 4.160707420222992114e-01 1.000000000000000000e+00
8.991926182237601761e-01 5.144175317185699647e-01 4.079200307574010753e-01 1.000000000000000000e+00
8.945790080738178496e-01 5.038062283737025915e-01 3.997693194925029392e-01 1.000000000000000000e+00
8.899653979238755230e-01 4.931949250288352182e-01 3.916186082276048586e-01 1.000000000000000000e+00
8.853517877739331965e-01 4.825836216839678450e-01 3.834678969627066669e-01 1.000000000000000000e+00
8.807381776239908699e-01 4.719723183391004717e-01 3.753171856978085863e-01 1.000000000000000000e+00
8.761245674740486544e-01 4.613610149942333760e-01 3.671664744329107277e-01 1.000000000000000000e+00
8.715109573241062169e-01 4.507497116493657252e-01 3.590157631680123140e-01 1.000000000000000000e+00
8.668973471741638903e-01 4.401384083044983520e-01 3.508650519031142334e-01 1.000000000000000000e+00
8.622837370242214527e-01 4.295271049596309787e-01 3.427143406382160973e-01 1.000000000000000000e+00
8.576701268742791262e-01 4.189158016147636054e-01 3.345636293733179611e-01 1.000000000000000000e+00
8.530565167243367997e-01 4.083044982698962322e-01 3.264129181084198805e-01 1.000000000000000000e+00
8.484429065743944731e-01 3.976931949250288589e-01 3.182622068435216889e-01 1.000000000000000000e+00
8.438292964244521466e-01 3.870818915801614857e-01 3.101114955786236083e-01 1.000000000000000000e+00
8.392156862745098200e-01 3.764705882352941124e-01 3.019607843137254721e-01 1.000000000000000000e+00
8.336793540945790504e-01 3.653979238754325176e-01 2.967320261437908502e-01 1.000000000000000000e+00
8.281430219146481697e-01 3.543252595155709228e-01 2.915032679738561727e-01 1.000000000000000000e+00
8.226066897347174001e-01 3.432525951557093280e-01 2.862745098039215508e-01 1.000000000000000000e+00
8.170703575547866304e-01 3.321799307958477332e-01 2.810457516339869288e-01 1.000000000000000000e+00
8.115340253748558608e-01 3.211072664359861384e-01 2.758169934640522514e-01 1.000000000000000000e+00
8.059976931949250911e-01 3.100346020761245436e-01 2.705882352941176294e-01 1.000000000000000000e+00
8.004613610149942104e-01 2.989619377162629488e-01 2.653594771241830075e-01 1.000000000000000000e+00
7.949250288350635518e-01 2.878892733564016870e-01 2.601307189542484966e-01 1.000000000000000000e+00
7.893886966551326712e-01 2.768166089965398147e-01 2.549019607843137081e-01 1.000000000000000000e+00
7.838523644752017905e-01 2.657439446366781644e-01 2.496732026143790861e-01 1.000000000000000000e+00
7.783160322952710208e-01 2.546712802768166251e-01 2.444444444444444364e-01 1.000000000000000000e+00
7.727797001153402512e-01 2.435986159169550025e-01 2.392156862745097867e-01 1.000000000000000000e+00
7.672433679354094815e-01 2.325259515570934354e-01 2.339869281045751648e-01 1.000000000000000000e+00
7.617070357554786009e-01 2.214532871972318129e-01 2.287581699346405151e-01 1.000000000000000000e+00
7.561707035755478312e-01 2.103806228373702458e-01 2.235294117647058654e-01 1.000000000000000000e+00
7.506343713956170616e-01 1.993079584775086510e-01 2.183006535947712434e-01 1.000000000000000000e+00
7.450980392156862919e-01 1.882352941176470562e-01 2.130718954248366215e-01 1.000000000000000000e+00
7.395617070357554113e-01 1.771626297577854614e-01 2.078431372549019440e-01 1.000000000000000000e+00
7.340253748558246416e-01 1.660899653979238666e-01 2.026143790849673221e-01 1.000000000000000000e+00
7.284890426758938720e-01 1.550173010380622718e-01 1.973856209150327001e-01 1.000000000000000000e+00
7.229527104959631023e-01 1.439446366782007047e-01 1.921568627450980504e-01 1.000000000000000000e+00
7.174163783160322216e-01 1.328719723183390822e-01 1.869281045751634007e-01 1.000000000000000000e+00
7.118800461361014520e-01 1.217993079584774874e-01 1.816993464052287788e-01 1.000000000000000000e+00
7.063437139561707934e-01 1.107266435986162256e-01 1.764705882352942679e-01 1.000000000000000000e+00
7.008073817762399127e-01 9.965397923875435326e-02 1.712418300653595071e-01 1.000000000000000000e+00
6.922722029988465087e-01 9.227220299884660026e-02 1.677047289504036975e-01 1.000000000000000000e+00
6.807381776239906923e-01 8.858131487889273070e-02 1.658592848904267836e-01 1.000000000000000000e+00
6.692041522491348760e-01 8.489042675893887502e-02 1.640138408304498419e-01 1.000000000000000000e+00
6.576701268742790596e-01 8.119953863898500546e-02 1.621683967704729001e-01 1.000000000000000000e+00
6.461361014994232432e-01 7.750865051903113589e-02 1.603229527104959584e-01 1.000000000000000000e+00
6.346020761245674269e-01 7.381776239907728021e-02 1.584775086505190445e-01 1.000000000000000000e+00
6.230680507497116105e-01 7.012687427912341065e-02 1.566320645905421027e-01 1.000000000000000000e+00
6.115340253748557942e-01 6.643598615916954109e-02 1.547866205305651888e-01 1.000000000000000000e+00
5.999999999999999778e-01 6.274509803921568540e-02 1.529411764705882470e-01 1.000000000000000000e+00
5.884659746251441614e-01 5.905420991926182278e-02 1.510957324106113053e-01 1.000000000000000000e+00
5.769319492502883451e-01 5.536332179930796016e-02 1.492502883506343636e-01 1.000000000000000000e+00
5.653979238754325287e-01 5.167243367935409060e-02 1.474048442906574496e-01 1.000000000000000000e+00
5.538638985005767124e-01 4.798154555940023491e-02 1.455594002306805079e-01 1.000000000000000000e+00
5.423298731257208960e-01 4.429065743944636535e-02 1.437139561707035940e-01 1.000000000000000000e+00
5.307958477508654127e-01 4.059976931949260681e-02 1.418685121107267078e-01 1.000000000000000000e+00
5.192618223760092633e-01 3.690888119953864011e-02 1.400230680507497105e-01 1.000000000000000000e+00
5.077277970011533359e-01 3.321799307958477054e-02 1.381776239907727688e-01 1.000000000000000000e+00
4.961937716262975751e-01 2.952710495963091486e-02 1.363321799307958548e-01 1.000000000000000000e+00
4.846597462514417587e-01 2.583621683967704530e-02 1.344867358708189131e-01 1.000000000000000000e+00
4.731257208765859423e-01 2.214532871972318961e-02 1.326412918108419992e-01 1.000000000000000000e+00
4.615916955017300705e-01 1.845444059976932005e-02 1.307958477508650574e-01 1.000000000000000000e+00
4.500576701268742541e-01 1.476355247981545049e-02 1.289504036908881157e-01 1.000000000000000000e+00
4.385236447520184377e-01 1.107266435986159481e-02 1.271049596309111740e-01 1.000000000000000000e+00
4.269896193771626769e-01 7.381776239907739123e-03 1.252595155709342600e-01 1.000000000000000000e+00
4.154555940023068050e-01 3.690888119953855684e-03 1.234140715109573183e-01 1.000000000000000000e+00
4.039215686274509887e-01 0.000000000000000000e+00 1.215686274509803905e-01 1.000000000000000000e+00
