4.039215686274509887e-01 0.000000000000000000e+00 1.215686274509803905e-01 1.000000000000000000e+00
4.154555940023068050e-01 3.690888119953863924e-03 1.234140715109573183e-01 1.000000000000000000e+00
4.269896193771626214e-01 7.381776239907727848e-03 1.252595155709342600e-01 1.000000000000000000e+00
4.385236447520184377e-01 1.107266435986159134e-02 1.271049596309111740e-01 1.000000000000000000e+00
4.500576701268742541e-01 1.476355247981545570e-02 1.289504036908881157e-01 1.000000000000000000e+00
4.615916955017301260e-01 1.845444059976932005e-02 1.307958477508650574e-01 1.000000000000000000e+00
4.731257208765859423e-01 2.214532871972318268e-02 1.326412918108419992e-01 1.000000000000000000e+00
4.846597462514417587e-01 2.583621683967704877e-02 1.344867358708189131e-01 1.000000000000000000e+00
4.961937716262975751e-01 2.952710495963091139e-02 1.363321799307958548e-01 1.000000000000000000e+00
5.077277970011534469e-01 3.321799307958477748e-02 1.381776239907727688e-01 1.000000000000000000e+00
5.192618223760092633e-01 3.690888119953864011e-02 1.400230680507497105e-01 1.000000000000000000e+00
5.307958477508650796e-01 4.059976931949250273e-02 1.418685121107266522e-01 1.000000000000000000e+00
5.423298731257208960e-01 4.429065743944636535e-02 1.437139561707035940e-01 1.000000000000000000e+00
5.538638985005767124e-01 4.798154555940022797e-02 1.455594002306805079e-01 1.000000000000000000e+00
5.653979238754325287e-01 5.167243367935409754e-02 1.474048442906574496e-01 1.000000000000000000e+00
5.769319492502883451e-01 5.536332179930796016e-02 1.492502883506343636e-01 1.000000000000000000e+00
5.884659746251441614e-01 5.905420991926182278e-02 1.510957324106113053e-01 1.000000000000000000e+00
5.999999999999999778e-01 6.274509803921568540e-02 1.529411764705882470e-01 1.000000000000000000e+00
6.115340253748557942e-01 6.643598615916955497e-02 1.547866205305651888e-01 1.000000000000000000e+00
6.230680507497116105e-01 7.012687427912341065e-02 1.566320645905421027e-01 1.000000000000000000e+00
6.346020761245674269e-01 7.381776239907728021e-02 1.584775086505190445e-01 1.000000000000000000e+00
6.461361014994232432e-01 7.750865051903113589e-02 1.603229527104959584e-01 1.000000000000000000e+00
6.576701268742790596e-01 8.119953863898500546e-02 1.621683967704729001e-01 1.000000000000000000e+00
6.692041522491349870e-01 8.489042675893887502e-02 1.640138408304498419e-01 1.000000000000000000e+00
6.807381776239906923e-01 8.858131487889273070e-02 1.658592848904267836e-01 1.000000000000000000e+00
6.922722029988466197e-01 9.227220299884658639e-02 1.677047289504036975e-01 1.000000000000000000e+00
7.008073817762399127e-01 9.965397923875432551e-02 1.712418300653594794e-01 1.000000000000000000e+00
7.063437139561706823e-01 1.107266435986159203e-01 1.764705882352941291e-01 1.000000000000000000e+00
7.118800461361014520e-01 1.217993079584775151e-01 1.816993464052287788e-01 1.000000000000000000e+00
7.174163783160322216e-01 1.328719723183391099e-01 1.869281045751634007e-01 1.000000000000000000e+00
7.229527104959631023e-01 1.439446366782006770e-01 1.921568627450980504e-01 1.000000000000000000e+00
7.284890426758938720e-01 1.550173010380622718e-01 1.973856209150327001e-01 1.000000000000000000e+00
7.340253748558246416e-01 1.660899653979238666e-01 2.026143790849673221e-01 1.000000000000000000e+00
7.395617070357554113e-01 1.771626297577854059e-01 2.078431372549019440e-01 1.000000000000000000e+00
7.450980392156862919e-01 1.882352941176470562e-01 2.130718954248365937e-01 1.000000000000000000e+00
7.506343713956170616e-01 1.993079584775086510e-01 2.183006535947712434e-01 1.000000000000000000e+00
7.561707035755478312e-01 2.103806228373702458e-01 2.235294117647058654e-01 1.000000000000000000e+00
7.617070357554786009e-01 2.214532871972317574e-01 2.287581699346404873e-01 1.000000000000000000e+00
7.672433679354094815e-01 2.325259515570934077e-01 2.339869281045751648e-01 1.000000000000000000e+00
7.727797001153402512e-01 2.435986159169550025e-01 2.392156862745097867e-01 1.000000000000000000e+00
7.783160322952710208e-01 2.546712802768166251e-01 2.444444444444444364e-01 1.000000000000000000e+00
7.838523644752017905e-01 2.657439446366781088e-01 2.496732026143790306e-01 1.000000000000000000e+00
7.893886966551326712e-01 2.768166089965398147e-01 2.549019607843137081e-01 1.000000000000000000e+00
7.949250288350634408e-01 2.878892733564013540e-01 2.601307189542483300e-01 1.000000000000000000e+00
8.004613610149942104e-01 2.989619377162630043e-01 2.653594771241830075e-01 1.000000000000000000e+00
8.059976931949249801e-01 3.100346020761244881e-01 2.705882352941175739e-01 1.000000000000000000e+00
8.115340253748558608e-01 3.211072664359861939e-01 2.758169934640523069e-01 1.000000000000000000e+00
8.170703575547866304e-01 3.321799307958477332e-01 2.810457516339869288e-01 1.000000000000000000e+00
8.226066897347174001e-01 3.432525951557093280e-01 2.862745098039215508e-01 1.000000000000000000e+00
8.281430219146481697e-01 3.543252595155708673e-01 2.915032679738561727e-01 1.000000000000000000e+00
8.336793540945790504e-01 3.653979238754325176e-01 2.967320261437908502e-01 1.000000000000000000e+00
8.392156862745098200e-01 3.764705882352941124e-01 3.019607843137254721e-01 1.000000000000000000e+00
8.438292964244521466e-01 3.870818915801614857e-01 3.101114955786236083e-01 1.000000000000000000e+00
8.484429065743944731e-01 3.976931949250287479e-01 3.182622068435216334e-01 1.000000000000000000e+00
8.530565167243367997e-01 4.083044982698961767e-01 3.264129181084198250e-01 1.000000000000000000e+00
8.576701268742791262e-01 4.189158016147635499e-01 3.345636293733179056e-01 1.000000000000000000e+00
8.622837370242214527e-01 4.295271049596308677e-01 3.427143406382160418e-01 1.000000000000000000e+00
8.668973471741637793e-01 4.401384083044981299e-01 3.508650519031140669e-01 1.000000000000000000e+00
8.715109573241061058e-01 4.507497116493656142e-01 3.590157631680122585e-01 1.000000000000000000e+00
8.761245674740484324e-01 4.613610149942329319e-01 3.671664744329103947e-01 1.000000000000000000e+00
8.807381776239907589e-01 4.719723183391003052e-01 3.753171856978084753e-01 1.000000000000000000e+00
8.853517877739330855e-01 4.825836216839675674e-01 3.834678969627065559e-01 1.000000000000000000e+00
8.899653979238754120e-01 4.931949250288349962e-01 3.916186082276046920e-01 1.000000000000000000e+00
8.945790080738177386e-01 5.038062283737023694e-01 3.997693194925028282e-01 1.000000000000000000e+00
8.991926182237600651e-01 5.144175317185697427e-01 4.079200307574009088e-01 1.000000000000000000e+00
9.038062283737023916e-01 5.250288350634371159e-01 4.160707420222990449e-01 1.000000000000000000e+00
9.084198385236447182e-01 5.356401384083042672e-01 4.242214532871970145e-01 1.000000000000000000e+00
9.130334486735870447e-01 5.462514417531717514e-01 4.323721645520952617e-01 1.000000000000000000e+00
9.176470588235293713e-01 5.568627450980391247e-01 4.405228758169933423e-01 1.000000000000000000e+00
9.222606689734716978e-01 5.674740484429064979e-01 4.486735870818914784e-01 1.000000000000000000e+00
9.268742791234140244e-01 5.780853517877738712e-01 4.568242983467896146e-01 1.000000000000000000e+00
9.314878892733563509e-01 5.886966551326411334e-01 4.649750096116876952e-01 1.000000000000000000e+00
9.361014994232986774e-01 5.993079584775085067e-01 4.731257208765857758e-01 1.000000000000000000e+00
9.407151095732410040e-01 6.099192618223758799e-01 4.812764321414839119e-01 1.000000000000000000e+00
9.453287197231833305e-01 6.205305651672431422e-01 4.894271434063819370e-01 1.000000000000000000e+00
9.499423298731256571e-01 6.311418685121106265e-01 4.975778546712801287e-01 1.000000000000000000e+00
9.545559400230679836e-01 6.417531718569779997e-01 5.057285659361782093e-01 1.000000000000000000e+00
9.575547866205306180e-01 6.512110726643597358e-01 5.151095732410609918e-01 1.000000000000000000e+00
9.589388696655133382e-01 6.595155709342559458e-01 5.257208765859283650e-01 1.000000000000000000e+00
9.603229527104959473e-01 6.678200692041521558e-01 5.363321799307956272e-01 1.000000000000000000e+00
9.617070357554786675e-01 6.761245674740483658e-01 5.469434832756630005e-01 1.000000000000000000e+00
9.630911188004613877e-01 6.844290657439445758e-01 5.575547866205303738e-01 1.000000000000000000e+00
9.644752018454441078e-01 6.927335640138406747e-01 5.681660899653976360e-01 1.000000000000000000e+00
9.658592848904268280e-01 7.010380622837369957e-01 5.787773933102651203e-01 1.000000000000000000e+00
9.672433679354094371e-01 7.093425605536330947e-01 5.893886966551324935e-01 1.000000000000000000e+00
9.686274509803921573e-01 7.176470588235293047e-01 5.999999999999998668e-01 1.000000000000000000e+00
9.700115340253748775e-01 7.259515570934255146e-01 6.106113033448672400e-01 1.000000000000000000e+00
9.713956170703575976e-01 7.342560553633217246e-01 6.212226066897346133e-01 1.000000000000000000e+00
9.727797001153403178e-01 7.425605536332179346e-01 6.318339100346019865e-01 1.000000000000000000e+00
9.741637831603229269e-01 7.508650519031141446e-01 6.424452133794693598e-01 1.000000000000000000e+00
9.755478662053056471e-01 7.591695501730102436e-01 6.530565167243365110e-01 1.000000000000000000e+00
9.769319492502883673e-01 7.674740484429065646e-01 6.636678200692041063e-01 1.000000000000000000e+00
9.783160322952710874e-01 7.757785467128026635e-01 6.742791234140714796e-01 1.000000000000000000e+00
9.797001153402538076e-01 7.840830449826988735e-01 6.848904267589388528e-01 1.000000000000000000e+00
9.810841983852365278e-01 7.923875432525950835e-01 6.955017301038062261e-01 1.000000000000000000e+00
9.824682814302191369e-01 8.006920415224912935e-01 7.061130334486735993e-01 1.000000000000000000e+00
9.838523644752018571e-01 8.089965397923875035e-01 7.167243367935408616e-01 1.000000000000000000e+00
9.852364475201845773e-01 8.173010380622837134e-01 7.273356401384083458e-01 1.000000000000000000e+00
9.866205305651672974e-01 8.256055363321797014e-01 7.379469434832754970e-01 1.000000000000000000e+00
9.880046136101500176e-01 8.339100346020760224e-01 7.485582468281429813e-01 1.000000000000000000e+00
9.893886966551326267e-01 8.422145328719722324e-01 7.591695501730103546e-01 1.000000000000000000e+00
9.907727797001153469e-01 8.505190311418684423e-01 7.697808535178777278e-01 1.000000000000000000e+00
9.921568627450980671e-01 8.588235294117646523e-01 7.803921568627451011e-01 1.000000000000000000e+00
9.924644367550942148e-01 8.643598615916954220e-01 7.890042291426374588e-01 1.000000000000000000e+00
9.927720107650903625e-01 8.698961937716263026e-01 7.976163014225298165e-01 1.000000000000000000e+00
9.930795847750865102e-01 8.754325259515570723e-01 8.062283737024221741e-01 1.000000000000000000e+00
9.933871587850826579e-01 8.809688581314877309e-01 8.148404459823144208e-01 1.000000000000000000e+00
9.936947327950788056e-01 8.865051903114186116e-01 8.234525182622068895e-01 1.000000000000000000e+00
9.940023068050749533e-01 8.920415224913493812e-01 8.320645905420991362e-01 1.000000000000000000e+00
9.943098808150711010e-01 8.975778546712802619e-01 8.406766628219914939e-01 1.000000000000000000e+00
9.946174548250672487e-01 9.031141868512110316e-01 8.492887351018838515e-01 1.000000000000000000e+00
9.949250288350635074e-01 9.086505190311418012e-01 8.579008073817762092e-01 1.000000000000000000e+00
9.952326028450596551e-01 9.141868512110726819e-01 8.665128796616685669e-01 1.000000000000000000e+00
9.955401768550558028e-01 9.197231833910034515e-01 8.751249519415609246e-01 1.000000000000000000e+00
9.958477508650519505e-01 9.252595155709341102e-01 8.837370242214531713e-01 1.000000000000000000e+00
9.961553248750480982e-01 9.307958477508649908e-01 8.923490965013456400e-01 1.000000000000000000e+00
9.964628988850442459e-01 9.363321799307958715e-01 9.009611687812379976e-01 1.000000000000000000e+00
9.967704728950403936e-01 9.418685121107266411e-01 9.095732410611303553e-01 1.000000000000000000e+00
9.970780469050365413e-01 9.474048442906574108e-01 9.181853133410227130e-01 1.000000000000000000e+00
9.973856209150326890e-01 9.529411764705881804e-01 9.267973856209150707e-01 1.000000000000000000e+00
9.976931949250288367e-01 9.584775086505190611e-01 9.354094579008074284e-01 1.000000000000000000e+00
9.980007689350249844e-01 9.640138408304498308e-01 9.440215301806997861e-01 1.000000000000000000e+00
9.983083429450211321e-01 9.695501730103804894e-01 9.526336024605919217e-01 1.000000000000000000e+00
9.986159169550172798e-01 9.750865051903113701e-01 9.612456747404843904e-01 1.000000000000000000e+00
9.989234909650134275e-01 9.806228373702422507e-01 9.698577470203767481e-01 1.000000000000000000e+00
9.992310649750095752e-01 9.861591695501730204e-01 9.784698193002691058e-01 1.000000000000000000e+00
9.995386389850057229e-01 9.916955017301037900e-01 9.870818915801614635e-01 1.000000000000000000e+00
9.976163014225297720e-01 9.976163014225297720e-01 9.976163014225297720e-01 1.000000000000000000e+00
9.928489042675894272e-01 9.928489042675894272e-01 9.928489042675894272e-01 1.000000000000000000e+00
9.880815071126489713e-01 9.880815071126489713e-01 9.880815071126489713e-01 1.000000000000000000e+00
9.833141099577086264e-01 9.833141099577086264e-01 9.833141099577086264e-01 1.000000000000000000e+00
9.785467128027682815e-01 9.785467128027682815e-01 9.785467128027682815e-01 1.000000000000000000e+00
9.737793156478278256e-01 9.737793156478278256e-01 9.737793156478278256e-01 1.000000000000000000e+00
9.690119184928873697e-01 9.690119184928873697e-01 9.690119184928873697e-01 1.000000000000000000e+00
9.642445213379470248e-01 9.642445213379470248e-01 9.642445213379470248e-01 1.000000000000000000e+00
9.594771241830065689e-01 9.594771241830065689e-01 9.594771241830065689e-01 1.000000000000000000e+00
9.547097270280662240e-01 9.547097270280662240e-01 9.547097270280662240e-01 1.000000000000000000e+00
9.499423298731257681e-01 9.499423298731257681e-01 9.499423298731257681e-01 1.000000000000000000e+00
9.451749327181853122e-01 9.451749327181853122e-01 9.451749327181853122e-01 1.000000000000000000e+00
9.404075355632449673e-01 9.404075355632449673e-01 9.404075355632449673e-01 1.000000000000000000e+00
9.356401384083045114e-01 9.356401384083045114e-01 9.356401384083045114e-01 1.000000000000000000e+00
9.308727412533641665e-01 9.308727412533641665e-01 9.308727412533641665e-01 1.000000000000000000e+00
9.261053440984237106e-01 9.261053440984237106e-01 9.261053440984237106e-01 1.000000000000000000e+00
9.213379469434833657e-01 9.213379469434833657e-01 9.213379469434833657e-01 1.000000000000000000e+00
9.165705497885429098e-01 9.165705497885429098e-01 9.165705497885429098e-01 1.000000000000000000e+00
9.118031526336025649e-01 9.118031526336025649e-01 9.118031526336025649e-01 1.000000000000000000e+00
9.070357554786621090e-01 9.070357554786621090e-01 9.070357554786621090e-01 1.000000000000000000e+00
9.022683583237218752e-01 9.022683583237218752e-01 9.022683583237218752e-01 1.000000000000000000e+00
8.975009611687813083e-01 8.975009611687813083e-01 8.975009611687813083e-01 1.000000000000000000e+00
8.927335640138409634e-01 8.927335640138409634e-01 8.927335640138409634e-01 1.000000000000000000e+00
8.879661668589005075e-01 8.879661668589005075e-01 8.879661668589005075e-01 1.000000000000000000e+00
8.831987697039601626e-01 8.831987697039601626e-01 8.831987697039601626e-01 1.000000000000000000e+00
8.784313725490197067e-01 8.784313725490197067e-01 8.784313725490197067e-01 1.000000000000000000e+00
8.725874663590927893e-01 8.725874663590927893e-01 8.725874663590927893e-01 1.000000000000000000e+00
8.667435601691658720e-01 8.667435601691658720e-01 8.667435601691658720e-01 1.000000000000000000e+00
8.608996539792389546e-01 8.608996539792389546e-01 8.608996539792389546e-01 1.000000000000000000e+00
8.550557477893119263e-01 8.550557477893119263e-01 8.550557477893119263e-01 1.000000000000000000e+00
8.492118415993850089e-01 8.492118415993850089e-01 8.492118415993850089e-01 1.000000000000000000e+00
8.433679354094580916e-01 8.433679354094580916e-01 8.433679354094580916e-01 1.000000000000000000e+00
8.375240292195310632e-01 8.375240292195310632e-01 8.375240292195310632e-01 1.000000000000000000e+00
8.316801230296041458e-01 8.316801230296041458e-01 8.316801230296041458e-01 1.000000000000000000e+00
8.258362168396772285e-01 8.258362168396772285e-01 8.258362168396772285e-01 1.000000000000000000e+00
8.199923106497502001e-01 8.199923106497502001e-01 8.199923106497502001e-01 1.000000000000000000e+00
8.141484044598235048e-01 8.141484044598235048e-01 8.141484044598235048e-01 1.000000000000000000e+00
8.083044982698963654e-01 8.083044982698963654e-01 8.083044982698963654e-01 1.000000000000000000e+00
8.024605920799694481e-01 8.024605920799694481e-01 8.024605920799694481e-01 1.000000000000000000e+00
7.966166858900424197e-01 7.966166858900424197e-01 7.966166858900424197e-01 1.000000000000000000e+00
7.907727797001155023e-01 7.907727797001155023e-01 7.907727797001155023e-01 1.000000000000000000e+00
7.849288735101884740e-01 7.849288735101884740e-01 7.849288735101884740e-01 1.000000000000000000e+00
7.790849673202615566e-01 7.790849673202615566e-01 7.790849673202615566e-01 1.000000000000000000e+00
7.732410611303346393e-01 7.732410611303346393e-01 7.732410611303346393e-01 1.000000000000000000e+00
7.673971549404077219e-01 7.673971549404077219e-01 7.673971549404077219e-01 1.000000000000000000e+00
7.615532487504806936e-01 7.615532487504806936e-01 7.615532487504806936e-01 1.000000000000000000e+00
7.557093425605537762e-01 7.557093425605537762e-01 7.557093425605537762e-01 1.000000000000000000e+00
7.498654363706267478e-01 7.498654363706267478e-01 7.498654363706267478e-01 1.000000000000000000e+00
7.440215301806998305e-01 7.440215301806998305e-01 7.440215301806998305e-01 1.000000000000000000e+00
7.381776239907729131e-01 7.381776239907729131e-01 7.381776239907729131e-01 1.000000000000000000e+00
7.323337178008459958e-01 7.323337178008459958e-01 7.323337178008459958e-01 1.000000000000000000e+00
7.254901960784315706e-01 7.254901960784315706e-01 7.254901960784315706e-01 1.000000000000000000e+00
7.176470588235298598e-01 7.176470588235298598e-01 7.176470588235298598e-01 1.000000000000000000e+00
7.098039215686275938e-01 7.098039215686275938e-01 7.098039215686275938e-01 1.000000000000000000e+00
7.019607843137256609e-01 7.019607843137256609e-01 7.019607843137256609e-01 1.000000000000000000e+00
6.941176470588237279e-01 6.941176470588237279e-01 6.941176470588237279e-01 1.000000000000000000e+00
6.862745098039216840e-01 6.862745098039216840e-01 6.862745098039216840e-01 1.000000000000000000e+00
6.784313725490197511e-01 6.784313725490197511e-01 6.784313725490197511e-01 1.000000000000000000e+00
6.705882352941178182e-01 6.705882352941178182e-01 6.705882352941178182e-01 1.000000000000000000e+00
6.627450980392157742e-01 6.627450980392157742e-01 6.627450980392157742e-01 1.000000000000000000e+00
6.549019607843138413e-01 6.549019607843138413e-01 6.549019607843138413e-01 1.000000000000000000e+00
6.470588235294119084e-01 6.470588235294119084e-01 6.470588235294119084e-01 1.000000000000000000e+00
6.392156862745098644e-01 6.392156862745098644e-01 6.392156862745098644e-01 1.000000000000000000e+00
6.313725490196079315e-01 6.313725490196079315e-01 6.313725490196079315e-01 1.000000000000000000e+00
6.235294117647059986e-01 6.235294117647059986e-01 6.235294117647059986e-01 1.000000000000000000e+00
6.156862745098039547e-01 6.156862745098039547e-01 6.156862745098039547e-01 1.000000000000000000e+00
6.078431372549020217e-01 6.078431372549020217e-01 6.078431372549020217e-01 1.000000000000000000e+00
6.000000000000000888e-01 6.000000000000000888e-01 6.000000000000000888e-01 1.000000000000000000e+00
5.921568627450983779e-01 5.921568627450983779e-01 5.921568627450983779e-01 1.000000000000000000e+00
5.843137254901961120e-01 5.843137254901961120e-01 5.843137254901961120e-01 1.000000000000000000e+00
5.764705882352941790e-01 5.764705882352941790e-01 5.764705882352941790e-01 1.000000000000000000e+00
5.686274509803921351e-01 5.686274509803921351e-01 5.686274509803921351e-01 1.000000000000000000e+00
5.607843137254902022e-01 5.607843137254902022e-01 5.607843137254902022e-01 1.000000000000000000e+00
5.529411764705882693e-01 5.529411764705882693e-01 5.529411764705882693e-01 1.000000000000000000e+00
5.450980392156863363e-01 5.450980392156863363e-01 5.450980392156863363e-01 1.000000000000000000e+00
5.372549019607844034e-01 5.372549019607844034e-01 5.372549019607844034e-01 1.000000000000000000e+00
5.294117647058823595e-01 5.294117647058823595e-01 5.294117647058823595e-01 1.000000000000000000e+00
5.204921184159938541e-01 5.204921184159938541e-01 5.204921184159938541e-01 1.000000000000000000e+00
5.115724721261053487e-01 5.115724721261053487e-01 5.115724721261053487e-01 1.000000000000000000e+00
5.026528258362168433e-01 5.026528258362168433e-01 5.026528258362168433e-01 1.000000000000000000e+00
4.937331795463283379e-01 4.937331795463283379e-01 4.937331795463283379e-01 1.000000000000000000e+00
4.848135332564398325e-01 4.848135332564398325e-01 4.848135332564398325e-01 1.000000000000000000e+00
4.758938869665513272e-01 4.758938869665513272e-01 4.758938869665513272e-01 1.000000000000000000e+00
4.669742406766628218e-01 4.669742406766628218e-01 4.669742406766628218e-01 1.000000000000000000e+00
4.580545943867745384e-01 4.580545943867745384e-01 4.580545943867745384e-01 1.000000000000000000e+00
4.491349480968858110e-01 4.491349480968858110e-01 4.491349480968858110e-01 1.000000000000000000e+00
4.402153018069973056e-01 4.402153018069973056e-01 4.402153018069973056e-01 1.000000000000000000e+00
4.312956555171088002e-01 4.312956555171088002e-01 4.312956555171088002e-01 1.000000000000000000e+00
4.223760092272202948e-01 4.223760092272202948e-01 4.223760092272202948e-01 1.000000000000000000e+00
4.134563629373317895e-01 4.134563629373317895e-01 4.134563629373317895e-01 1.000000000000000000e+00
4.045367166474432841e-01 4.045367166474432841e-01 4.045367166474432841e-01 1.000000000000000000e+00
3.956170703575547787e-01 3.956170703575547787e-01 3.956170703575547787e-01 1.000000000000000000e+00
3.866974240676662733e-01 3.866974240676662733e-01 3.866974240676662733e-01 1.000000000000000000e+00
3.777777777777777679e-01 3.777777777777777679e-01 3.777777777777777679e-01 1.000000000000000000e+00
3.688581314878892625e-01 3.688581314878892625e-01 3.688581314878892625e-01 1.000000000000000000e+00
3.599384851980007571e-01 3.599384851980007571e-01 3.599384851980007571e-01 1.000000000000000000e+00
3.510188389081122518e-01 3.510188389081122518e-01 3.510188389081122518e-01 1.000000000000000000e+00
3.420991926182237464e-01 3.420991926182237464e-01 3.420991926182237464e-01 1.000000000000000000e+00
3.331795463283352410e-01 3.331795463283352410e-01 3.331795463283352410e-01 1.000000000000000000e+00
3.242599000384467356e-01 3.242599000384467356e-01 3.242599000384467356e-01 1.000000000000000000e+00
3.153402537485584523e-01 3.153402537485584523e-01 3.153402537485584523e-01 1.000000000000000000e+00
3.064206074586697248e-01 3.064206074586697248e-01 3.064206074586697248e-01 1.000000000000000000e+00
2.980392156862745057e-01 2.980392156862745057e-01 2.980392156862745057e-01 1.000000000000000000e+00
2.901960784313725172e-01 2.901960784313725172e-01 2.901960784313725172e-01 1.000000000000000000e+00
2.823529411764705843e-01 2.823529411764705843e-01 2.823529411764705843e-01 1.000000000000000000e+00
2.745098039215685959e-01 2.745098039215685959e-01 2.745098039215685959e-01 1.000000000000000000e+00
2.666666666666666630e-01 2.666666666666666630e-01 2.666666666666666630e-01 1.000000000000000000e+00
2.588235294117646745e-01 2.588235294117646745e-01 2.588235294117646745e-01 1.000000000000000000e+00
2.509803921568627416e-01 2.509803921568627416e-01 2.509803921568627416e-01 1.000000000000000000e+00
2.431372549019607532e-01 2.431372549019607532e-01 2.431372549019607532e-01 1.000000000000000000e+00
2.352941176470588203e-01 2.352941176470588203e-01 2.352941176470588203e-01 1.000000000000000000e+00
2.274509803921568318e-01 2.274509803921568318e-01 2.274509803921568318e-01 1.000000000000000000e+00
2.196078431372548989e-01 2.196078431372548989e-01 2.196078431372548989e-01 1.000000000000000000e+00
2.117647058823529105e-01 2.117647058823529105e-01 2.117647058823529105e-01 1.000000000000000000e+00
2.039215686274509776e-01 2.039215686274509776e-01 2.039215686274509776e-01 1.000000000000000000e+00
1.960784313725489891e-01 1.960784313725489891e-01 1.960784313725489891e-01 1.000000000000000000e+00
1.882352941176472783e-01 1.882352941176472783e-01 1.882352941176472783e-01 1.000000000000000000e+00
1.803921568627450955e-01 1.803921568627450955e-01 1.803921568627450955e-01 1.000000000000000000e+00
1.725490196078431349e-01 1.725490196078431349e-01 1.725490196078431349e-01 1.000000000000000000e+00
1.647058823529411742e-01 1.647058823529411742e-01 1.647058823529411742e-01 1.000000000000000000e+00
1.568627450980392135e-01 1.568627450980392135e-01 1.568627450980392135e-01 1.000000000000000000e+00
1.490196078431372528e-01 1.490196078431372528e-01 1.490196078431372528e-01 1.000000000000000000e+00
1.411764705882352922e-01 1.411764705882352922e-01 1.411764705882352922e-01 1.000000000000000000e+00
1.333333333333333315e-01 1.333333333333333315e-01 1.333333333333333315e-01 1.000000000000000000e+00
1.254901960784313708e-01 1.254901960784313708e-01 1.254901960784313708e-01 1.000000000000000000e+00
1.176470588235294101e-01 1.176470588235294101e-01 1.176470588235294101e-01 1.000000000000000000e+00
1.098039215686274495e-01 1.098039215686274495e-01 1.098039215686274495e-01 1.000000000000000000e+00
1.019607843137254888e-01 1.019607843137254888e-01 1.019607843137254888e-01 1.000000000000000000e+00
