1.000000000000000000e+00 9.686274509803921573e-01 9.529411764705881804e-01 1.000000000000000000e+00
9.997539407920030818e-01 9.657977700884274874e-01 9.502345251826219696e-01 1.000000000000000000e+00
9.995078815840061637e-01 9.629680891964629286e-01 9.475278738946558699e-01 1.000000000000000000e+00
9.992618223760092455e-01 9.601384083044982587e-01 9.448212226066896591e-01 1.000000000000000000e+00
9.990157631680123274e-01 9.573087274125335888e-01 9.421145713187235593e-01 1.000000000000000000e+00
9.987697039600154092e-01 9.544790465205690300e-01 9.394079200307573485e-01 1.000000000000000000e+00
9.985236447520184910e-01 9.516493656286043601e-01 9.367012687427912487e-01 1.000000000000000000e+00
9.982775855440215729e-01 9.488196847366398012e-01 9.339946174548250379e-01 1.000000000000000000e+00
9.980315263360246547e-01 9.459900038446751314e-01 9.312879661668588271e-01 1.000000000000000000e+00
9.977854671280277365e-01 9.431603229527104615e-01 9.285813148788927274e-01 1.000000000000000000e+00
9.975394079200308184e-01 9.403306420607459026e-01 9.258746635909265166e-01 1.000000000000000000e+00
9.972933487120337892e-01 9.375009611687812328e-01 9.231680123029604168e-01 1.000000000000000000e+00
9.970472895040368710e-01 9.346712802768165629e-01 9.204613610149942060e-01 1.000000000000000000e+00
9.968012302960399529e-01 9.318415993848520040e-01 9.177547097270279952e-01 1.000000000000000000e+00
9.965551710880430347e-01 9.290119184928873342e-01 9.150480584390618954e-01 1.000000000000000000e+00
9.963091118800461166e-01 9.261822376009227753e-01 9.123414071510956846e-01 1.000000000000000000e+00
9.960630526720491984e-01 9.233525567089581054e-01 9.096347558631295849e-01 1.000000000000000000e+00
9.958169934640522802e-01 9.205228758169934355e-01 9.069281045751633741e-01 1.000000000000000000e+00
9.955709342560553621e-01 9.176931949250288767e-01 9.042214532871972743e-01 1.000000000000000000e+00
9.953248750480584439e-01 9.148635140330642068e-01 9.015148019992310635e-01 1.000000000000000000e+00
9.950788158400615258e-01 9.120338331410995369e-01 8.988081507112648527e-01 1.000000000000000000e+00
9.948327566320646076e-01 9.092041522491349781e-01 8.961014994232987529e-01 1.000000000000000000e+00
9.945866974240676894e-01 9.063744713571703082e-01 8.933948481353325421e-01 1.000000000000000000e+00
9.943406382160707713e-01 9.035447904652056383e-01 8.906881968473664424e-01 1.000000000000000000e+00
9.940945790080738531e-01 9.007151095732410795e-01 8.879815455594002316e-01 1.000000000000000000e+00
9.938485198000769349e-01 8.978854286812764096e-01 8.852748942714341318e-01 1.000000000000000000e+00
9.936024605920800168e-01 8.950557477893117397e-01 8.825682429834679210e-01 1.000000000000000000e+00
9.933564013840830986e-01 8.922260668973471809e-01 8.798615916955017102e-01 1.000000000000000000e+00
9.931103421760861805e-01 8.893963860053825110e-01 8.771549404075356104e-01 1.000000000000000000e+00
9.928642829680892623e-01 8.865667051134179522e-01 8.744482891195693997e-01 1.000000000000000000e+00
9.926182237600923441e-01 8.837370242214532823e-01 8.717416378316032999e-01 1.000000000000000000e+00
9.923721645520954260e-01 8.809073433294886124e-01 8.690349865436370891e-01 1.000000000000000000e+00
9.921414840445982319e-01 8.780161476355248240e-01 8.662206843521722543e-01 1.000000000000000000e+00
9.920184544405997729e-01 8.746943483275663178e-01 8.626528258362169410e-01 1.000000000000000000e+00
9.918954248366013138e-01 8.713725490196078116e-01 8.590849673202615167e-01 1.000000000000000000e+00
9.917723952326028547e-01 8.680507497116493054e-01 8.555171088043060923e-01 1.000000000000000000e+00
9.916493656286043956e-01 8.647289504036909102e-01 8.519492502883506679e-01 1.000000000000000000e+00
9.915263360246059365e-01 8.614071510957324040e-01 8.483813917723952436e-01 1.000000000000000000e+00
9.914033064206074775e-01 8.580853517877738978e-01 8.448135332564398192e-01 1.000000000000000000e+00
9.912802768166090184e-01 8.547635524798155027e-01 8.412456747404843949e-01 1.000000000000000000e+00
9.911572472126105593e-01 8.514417531718569965e-01 8.376778162245290815e-01 1.000000000000000000e+00
9.910342176086121002e-01 8.481199538638984903e-01 8.341099577085736572e-01 1.000000000000000000e+00
9.909111880046136411e-01 8.447981545559399841e-01 8.305420991926182328e-01 1.000000000000000000e+00
9.907881584006151821e-01 8.414763552479815889e-01 8.269742406766628084e-01 1.000000000000000000e+00
9.906651287966167230e-01 8.381545559400230827e-01 8.234063821607073841e-01 1.000000000000000000e+00
9.905420991926182639e-01 8.348327566320645765e-01 8.198385236447520708e-01 1.000000000000000000e+00
9.904190695886198048e-01 8.315109573241060703e-01 8.162706651287966464e-01 1.000000000000000000e+00
9.902960399846213457e-01 8.281891580161476751e-01 8.127028066128412220e-01 1.000000000000000000e+00
9.901730103806228867e-01 8.248673587081891689e-01 8.091349480968857977e-01 1.000000000000000000e+00
9.900499807766244276e-01 8.215455594002307738e-01 8.055670895809304843e-01 1.000000000000000000e+00
9.899269511726259685e-01 8.182237600922722676e-01 8.019992310649750600e-01 1.000000000000000000e+00
9.898039215686275094e-01 8.149019607843137614e-01 7.984313725490196356e-01 1.000000000000000000e+00
9.896808919646290503e-01 8.115801614763552552e-01 7.948635140330642113e-01 1.000000000000000000e+00
9.895578623606305912e-01 8.082583621683968600e-01 7.912956555171087869e-01 1.000000000000000000e+00
9.894348327566321322e-01 8.049365628604383538e-01 7.877277970011533625e-01 1.000000000000000000e+00
9.893118031526336731e-01 8.016147635524798476e-01 7.841599384851980492e-01 1.000000000000000000e+00
9.891887735486352140e-01 7.982929642445213414e-01 7.805920799692426248e-01 1.000000000000000000e+00
9.890657439446367549e-01 7.949711649365629462e-01 7.770242214532872005e-01 1.000000000000000000e+00
9.889427143406382958e-01 7.916493656286044400e-01 7.734563629373317761e-01 1.000000000000000000e+00
9.888196847366398368e-01 7.883275663206459338e-01 7.698885044213763518e-01 1.000000000000000000e+00
9.886966551326413777e-01 7.850057670126874276e-01 7.663206459054210384e-01 1.000000000000000000e+00
9.885736255286429186e-01 7.816839677047290325e-01 7.627527873894656141e-01 1.000000000000000000e+00
9.884505959246444595e-01 7.783621683967705263e-01 7.591849288735101897e-01 1.000000000000000000e+00
9.883275663206460004e-01 7.750403690888120201e-01 7.556170703575547654e-01 1.000000000000000000e+00
9.881737793156478711e-01 7.713802383698578069e-01 7.526028450595924069e-01 1.000000000000000000e+00
9.879277201076509529e-01 7.667051134179162508e-01 7.512495194156093570e-01 1.000000000000000000e+00
9.876816608996540348e-01 7.620299884659746947e-01 7.498961937716263071e-01 1.000000000000000000e+00
9.874356016916571166e-01 7.573548635140331386e-01 7.485428681276432572e-01 1.000000000000000000e+00
9.871895424836601984e-01 7.526797385620915826e-01 7.471895424836600963e-01 1.000000000000000000e+00
9.869434832756632803e-01 7.480046136101499155e-01 7.458362168396770464e-01 1.000000000000000000e+00
9.866974240676663621e-01 7.433294886582083594e-01 7.444828911956939965e-01 1.000000000000000000e+00
9.864513648596693329e-01 7.386543637062668033e-01 7.431295655517108356e-01 1.000000000000000000e+00
9.862053056516724148e-01 7.339792387543252472e-01 7.417762399077277857e-01 1.000000000000000000e+00
9.859592464436754966e-01 7.293041138023836911e-01 7.404229142637447358e-01 1.000000000000000000e+00
9.857131872356785784e-01 7.246289888504422461e-01 7.390695886197616860e-01 1.000000000000000000e+00
9.854671280276816603e-01 7.199538638985005790e-01 7.377162629757785250e-01 1.000000000000000000e+00
9.852210688196847421e-01 7.152787389465590229e-01 7.363629373317954752e-01 1.000000000000000000e+00
9.849750096116878240e-01 7.106036139946174668e-01 7.350096116878124253e-01 1.000000000000000000e+00
9.847289504036909058e-01 7.059284890426759107e-01 7.336562860438292644e-01 1.000000000000000000e+00
9.844828911956939876e-01 7.012533640907343546e-01 7.323029603998462145e-01 1.000000000000000000e+00
9.842368319876970695e-01 6.965782391387927985e-01 7.309496347558631646e-01 1.000000000000000000e+00
9.839907727797001513e-01 6.919031141868512425e-01 7.295963091118800037e-01 1.000000000000000000e+00
9.837447135717032332e-01 6.872279892349097974e-01 7.282429834678969538e-01 1.000000000000000000e+00
9.834986543637062040e-01 6.825528642829681303e-01 7.268896578239139039e-01 1.000000000000000000e+00
9.832525951557092858e-01 6.778777393310265742e-01 7.255363321799308540e-01 1.000000000000000000e+00
9.830065359477123677e-01 6.732026143790850181e-01 7.241830065359476931e-01 1.000000000000000000e+00
9.827604767397154495e-01 6.685274894271434620e-01 7.228296808919646432e-01 1.000000000000000000e+00
9.825144175317185313e-01 6.638523644752019059e-01 7.214763552479815933e-01 1.000000000000000000e+00
9.822683583237216132e-01 6.591772395232603499e-01 7.201230296039984324e-01 1.000000000000000000e+00
9.820222991157246950e-01 6.545021145713187938e-01 7.187697039600153825e-01 1.000000000000000000e+00
9.817762399077277768e-01 6.498269896193772377e-01 7.174163783160323327e-01 1.000000000000000000e+00
9.815301806997308587e-01 6.451518646674356816e-01 7.160630526720492828e-01 1.000000000000000000e+00
9.812841214917339405e-01 6.404767397154940145e-01 7.147097270280661219e-01 1.000000000000000000e+00
9.810380622837370224e-01 6.358016147635524584e-01 7.133564013840830720e-01 1.000000000000000000e+00
9.807920030757401042e-01 6.311264898116109023e-01 7.120030757401000221e-01 1.000000000000000000e+00
9.805459438677431860e-01 6.264513648596693463e-01 7.106497500961168612e-01 1.000000000000000000e+00
9.802537485582467625e-01 6.209919261822376413e-01 7.088811995386390397e-01 1.000000000000000000e+00
9.798846597462513852e-01 6.142252979623221698e-01 7.064206074586697470e-01 1.000000000000000000e+00
9.795155709342560080e-01 6.074586697424069204e-01 7.039600153787005654e-01 1.000000000000000000e+00
9.791464821222606307e-01 6.006920415224913379e-01 7.014994232987312728e-01 1.000000000000000000e+00
9.787773933102652535e-01 5.939254133025759774e-01 6.990388312187620912e-01 1.000000000000000000e+00
9.784083044982698762e-01 5.871587850826605059e-01 6.965782391387927985e-01 1.000000000000000000e+00
9.780392156862744990e-01 5.803921568627451455e-01 6.941176470588235059e-01 1.000000000000000000e+00
9.776701268742791218e-01 5.736255286428296740e-01 6.916570549788543243e-01 1.000000000000000000e+00
9.773010380622837445e-01 5.668589004229143136e-01 6.891964628988850317e-01 1.000000000000000000e+00
9.769319492502883673e-01 5.600922722029988421e-01 6.867358708189158500e-01 1.000000000000000000e+00
9.765628604382929900e-01 5.533256439830834816e-01 6.842752787389465574e-01 1.000000000000000000e+00
9.761937716262975018e-01 5.465590157631680102e-01 6.818146866589773758e-01 1.000000000000000000e+00
9.758246828143021245e-01 5.397923875432526497e-01 6.793540945790080832e-01 1.000000000000000000e+00
9.754555940023067473e-01 5.330257593233371782e-01 6.768935024990387905e-01 1.000000000000000000e+00
9.750865051903113701e-01 5.262591311034217068e-01 6.744329104190696089e-01 1.000000000000000000e+00
9.747174163783159928e-01 5.194925028835063463e-01 6.719723183391003163e-01 1.000000000000000000e+00
9.743483275663206156e-01 5.127258746635909858e-01 6.695117262591311347e-01 1.000000000000000000e+00
9.739792387543252383e-01 5.059592464436755144e-01 6.670511341791618420e-01 1.000000000000000000e+00
9.736101499423298611e-01 4.991926182237602094e-01 6.645905420991926604e-01 1.000000000000000000e+00
9.732410611303344838e-01 4.924259900038446824e-01 6.621299500192233678e-01 1.000000000000000000e+00
9.728719723183391066e-01 4.856593617839292665e-01 6.596693579392540752e-01 1.000000000000000000e+00
9.725028835063437294e-01 4.788927335640138505e-01 6.572087658592848936e-01 1.000000000000000000e+00
9.721337946943483521e-01 4.721261053440984345e-01 6.547481737793156009e-01 1.000000000000000000e+00
9.717647058823529749e-01 4.653594771241830186e-01 6.522875816993464193e-01 1.000000000000000000e+00
9.713956170703575976e-01 4.585928489042676026e-01 6.498269896193771267e-01 1.000000000000000000e+00
9.710265282583621094e-01 4.518262206843521867e-01 6.473663975394079451e-01 1.000000000000000000e+00
9.706574394463667321e-01 4.450595924644368262e-01 6.449058054594387634e-01 1.000000000000000000e+00
9.702883506343713549e-01 4.382929642445213547e-01 6.424452133794694708e-01 1.000000000000000000e+00
9.699192618223759776e-01 4.315263360246059388e-01 6.399846212995001782e-01 1.000000000000000000e+00
9.695501730103806004e-01 4.247597078046905228e-01 6.375240292195309966e-01 1.000000000000000000e+00
9.691810841983852232e-01 4.179930795847751068e-01 6.350634371395617039e-01 1.000000000000000000e+00
9.670280661284121893e-01 4.046443675509419635e-01 6.307574009996155251e-01 1.000000000000000000e+00
9.638292964244521421e-01 3.982468281430219248e-01 6.295271049596309343e-01 1.000000000000000000e+00
9.606305267204920950e-01 3.918492887351018861e-01 6.282968089196462325e-01 1.000000000000000000e+00
9.574317570165321589e-01 3.854517493271818473e-01 6.270665128796616417e-01 1.000000000000000000e+00
9.542329873125722228e-01 3.790542099192619752e-01 6.258362168396770508e-01 1.000000000000000000e+00
9.510342176086120647e-01 3.726566705113417699e-01 6.246059207996924600e-01 1.000000000000000000e+00
9.478354479046520176e-01 3.662591311034217867e-01 6.233756247597077582e-01 1.000000000000000000e+00
9.446366782006920815e-01 3.598615916955017480e-01 6.221453287197231674e-01 1.000000000000000000e+00
9.414379084967320344e-01 3.534640522875817092e-01 6.209150326797385766e-01 1.000000000000000000e+00
9.382391387927719872e-01 3.470665128796616705e-01 6.196847366397538748e-01 1.000000000000000000e+00
9.350403690888120511e-01 3.406689734717416318e-01 6.184544405997692840e-01 1.000000000000000000e+00
9.318415993848520040e-01 3.342714340638215931e-01 6.172241445597846932e-01 1.000000000000000000e+00
9.286428296808919569e-01 3.278738946559015544e-01 6.159938485198001024e-01 1.000000000000000000e+00
9.254440599769320208e-01 3.214763552479815711e-01 6.147635524798154005e-01 1.000000000000000000e+00
9.222452902729719737e-01 3.150788158400615324e-01 6.135332564398308097e-01 1.000000000000000000e+00
9.190465205690119266e-01 3.086812764321414937e-01 6.123029603998462189e-01 1.000000000000000000e+00
9.158477508650518795e-01 3.022837370242214550e-01 6.110726643598616281e-01 1.000000000000000000e+00
9.126489811610919434e-01 2.958861976163014162e-01 6.098423683198769263e-01 1.000000000000000000e+00
9.094502114571318963e-01 2.894886582083813775e-01 6.086120722798923355e-01 1.000000000000000000e+00
9.062514417531718491e-01 2.830911188004613388e-01 6.073817762399077447e-01 1.000000000000000000e+00
9.030526720492119130e-01 2.766935793925414666e-01 6.061514801999231539e-01 1.000000000000000000e+00
8.998539023452518659e-01 2.702960399846212614e-01 6.049211841599384520e-01 1.000000000000000000e+00
8.966551326412918188e-01 2.638985005767012781e-01 6.036908881199538612e-01 1.000000000000000000e+00
8.934563629373317717e-01 2.575009611687811839e-01 6.024605920799692704e-01 1.000000000000000000e+00
8.902575932333718356e-01 2.511034217608612007e-01 6.012302960399845686e-01 1.000000000000000000e+00
8.870588235294117885e-01 2.447058823529411620e-01 5.999999999999999778e-01 1.000000000000000000e+00
8.838600538254517414e-01 2.383083429450211232e-01 5.987697039600153870e-01 1.000000000000000000e+00
8.806612841214918053e-01 2.319108035371011123e-01 5.975394079200307962e-01 1.000000000000000000e+00
8.774625144175317581e-01 2.255132641291810736e-01 5.963091118800460944e-01 1.000000000000000000e+00
8.742637447135717110e-01 2.191157247212610348e-01 5.950788158400615036e-01 1.000000000000000000e+00
8.710649750096116639e-01 2.127181853133410239e-01 5.938485198000769127e-01 1.000000000000000000e+00
8.678662053056517278e-01 2.063206459054209851e-01 5.926182237600923219e-01 1.000000000000000000e+00
8.630526720492118775e-01 2.000000000000000111e-01 5.902345251826220940e-01 1.000000000000000000e+00
8.572702806612841897e-01 1.937254901960784315e-01 5.871587850826605059e-01 1.000000000000000000e+00
8.514878892733563909e-01 1.874509803921568518e-01 5.840830449826989179e-01 1.000000000000000000e+00
8.457054978854287031e-01 1.811764705882352999e-01 5.810073048827374409e-01 1.000000000000000000e+00
8.399231064975011263e-01 1.749019607843139146e-01 5.779315647827759639e-01 1.000000000000000000e+00
8.341407151095732164e-01 1.686274509803921406e-01 5.748558246828142648e-01 1.000000000000000000e+00
8.283583237216455286e-01 1.623529411764705888e-01 5.717800845828527878e-01 1.000000000000000000e+00
8.225759323337178408e-01 1.560784313725490091e-01 5.687043444828911998e-01 1.000000000000000000e+00
8.167935409457901530e-01 1.498039215686274572e-01 5.656286043829296117e-01 1.000000000000000000e+00
8.110111495578623542e-01 1.435294117647058776e-01 5.625528642829681347e-01 1.000000000000000000e+00
8.052287581699346664e-01 1.372549019607843257e-01 5.594771241830065467e-01 1.000000000000000000e+00
7.994463667820069785e-01 1.309803921568627461e-01 5.564013840830449587e-01 1.000000000000000000e+00
7.936639753940792907e-01 1.247058823529411664e-01 5.533256439830834816e-01 1.000000000000000000e+00
7.878815840061514919e-01 1.184313725490196006e-01 5.502499038831218936e-01 1.000000000000000000e+00
7.820991926182238041e-01 1.121568627450980349e-01 5.471741637831603056e-01 1.000000000000000000e+00
7.763168012302961163e-01 1.058823529411764691e-01 5.440984236831988285e-01 1.000000000000000000e+00
7.705344098423683175e-01 9.960784313725488948e-02 5.410226835832372405e-01 1.000000000000000000e+00
7.647520184544406296e-01 9.333333333333332371e-02 5.379469434832756525e-01 1.000000000000000000e+00
7.589696270665129418e-01 8.705882352941174407e-02 5.348712033833140644e-01 1.000000000000000000e+00
7.531872356785851430e-01 8.078431372549017830e-02 5.317954632833525874e-01 1.000000000000000000e+00
7.474048442906575662e-01 7.450980392156877907e-02 5.287197231833911104e-01 1.000000000000000000e+00
7.416224529027297674e-01 6.823529411764703290e-02 5.256439830834294114e-01 1.000000000000000000e+00
7.358400615148019686e-01 6.196078431372548101e-02 5.225682429834679343e-01 1.000000000000000000e+00
7.300576701268742807e-01 5.568627450980390137e-02 5.194925028835063463e-01 1.000000000000000000e+00
7.242752787389465929e-01 4.941176470588232172e-02 5.164167627835447583e-01 1.000000000000000000e+00
7.184928873510187941e-01 4.313725490196076984e-02 5.133410226835832812e-01 1.000000000000000000e+00
7.127104959630911063e-01 3.686274509803919019e-02 5.102652825836216932e-01 1.000000000000000000e+00
7.069281045751634185e-01 3.058823529411763831e-02 5.071895424836601052e-01 1.000000000000000000e+00
7.011457131872357307e-01 2.431372549019605867e-02 5.041138023836986282e-01 1.000000000000000000e+00
6.953633217993079318e-01 1.803921568627447902e-02 5.010380622837370401e-01 1.000000000000000000e+00
6.895809304113802440e-01 1.176470588235292714e-02 4.979623221837755076e-01 1.000000000000000000e+00
6.837985390234525562e-01 5.490196078431347493e-03 4.948865820838139196e-01 1.000000000000000000e+00
6.775547866205305914e-01 3.921568627450980338e-03 4.934717416378316401e-01 1.000000000000000000e+00
6.711572472126106081e-01 3.921568627450980338e-03 4.926105344098423711e-01 1.000000000000000000e+00
6.647597078046905139e-01 3.921568627450980338e-03 4.917493271818531575e-01 1.000000000000000000e+00
6.583621683967705307e-01 3.921568627450980338e-03 4.908881199538639439e-01 1.000000000000000000e+00
6.519646289888506585e-01 3.921568627450980338e-03 4.900269127258747304e-01 1.000000000000000000e+00
6.455670895809304533e-01 3.921568627450980338e-03 4.891657054978854613e-01 1.000000000000000000e+00
6.391695501730103590e-01 3.921568627450980338e-03 4.883044982698961922e-01 1.000000000000000000e+00
6.327720107650903758e-01 3.921568627450980338e-03 4.874432910419069787e-01 1.000000000000000000e+00
6.263744713571702816e-01 3.921568627450980338e-03 4.865820838139177651e-01 1.000000000000000000e+00
6.199769319492502984e-01 3.921568627450980338e-03 4.857208765859284960e-01 1.000000000000000000e+00
6.135793925413303151e-01 3.921568627450980338e-03 4.848596693579392825e-01 1.000000000000000000e+00
6.071818531334102209e-01 3.921568627450980338e-03 4.839984621299500134e-01 1.000000000000000000e+00
6.007843137254902377e-01 3.921568627450980338e-03 4.831372549019607998e-01 1.000000000000000000e+00
5.943867743175701435e-01 3.921568627450980338e-03 4.822760476739715862e-01 1.000000000000000000e+00
5.879892349096501603e-01 3.921568627450980338e-03 4.814148404459823172e-01 1.000000000000000000e+00
5.815916955017301770e-01 3.921568627450980338e-03 4.805536332179931036e-01 1.000000000000000000e+00
5.751941560938100828e-01 3.921568627450980338e-03 4.796924259900038345e-01 1.000000000000000000e+00
5.687966166858900996e-01 3.921568627450980338e-03 4.788312187620146210e-01 1.000000000000000000e+00
5.623990772779700054e-01 3.921568627450980338e-03 4.779700115340254074e-01 1.000000000000000000e+00
5.560015378700500221e-01 3.921568627450980338e-03 4.771088043060361383e-01 1.000000000000000000e+00
5.496039984621301500e-01 3.921568627450980338e-03 4.762475970780469248e-01 1.000000000000000000e+00
5.432064590542099447e-01 3.921568627450980338e-03 4.753863898500576557e-01 1.000000000000000000e+00
5.368089196462899615e-01 3.921568627450980338e-03 4.745251826220684421e-01 1.000000000000000000e+00
5.304113802383698673e-01 3.921568627450980338e-03 4.736639753940792286e-01 1.000000000000000000e+00
5.240138408304498840e-01 3.921568627450980338e-03 4.728027681660899595e-01 1.000000000000000000e+00
5.176163014225297898e-01 3.921568627450980338e-03 4.719415609381007459e-01 1.000000000000000000e+00
5.112187620146098066e-01 3.921568627450980338e-03 4.710803537101114769e-01 1.000000000000000000e+00
5.048212226066897124e-01 3.921568627450980338e-03 4.702191464821222633e-01 1.000000000000000000e+00
4.984236831987697292e-01 3.921568627450980338e-03 4.693579392541330497e-01 1.000000000000000000e+00
4.920261437908496904e-01 3.921568627450980338e-03 4.684967320261437806e-01 1.000000000000000000e+00
4.856286043829296517e-01 3.921568627450980338e-03 4.676355247981545671e-01 1.000000000000000000e+00
4.792310649750096685e-01 3.921568627450980338e-03 4.667743175701653535e-01 1.000000000000000000e+00
4.731564782775855571e-01 3.813917723952326040e-03 4.652672049211841743e-01 1.000000000000000000e+00
4.671280276816608956e-01 3.690888119953863924e-03 4.636678200692041507e-01 1.000000000000000000e+00
4.610995770857362896e-01 3.567858515955401807e-03 4.620684352172241272e-01 1.000000000000000000e+00
4.550711264898116282e-01 3.444828911956939691e-03 4.604690503652441591e-01 1.000000000000000000e+00
4.490426758938871332e-01 3.321799307958481044e-03 4.588696655132641911e-01 1.000000000000000000e+00
4.430142252979623052e-01 3.198769703960015025e-03 4.572702806612841120e-01 1.000000000000000000e+00
4.369857747020376992e-01 3.075740099961553342e-03 4.556708958093041439e-01 1.000000000000000000e+00
4.309573241061130378e-01 2.952710495963090792e-03 4.540715109573241204e-01 1.000000000000000000e+00
4.249288735101883763e-01 2.829680891964629109e-03 4.524721261053440968e-01 1.000000000000000000e+00
4.189004229142637703e-01 2.706651287966166559e-03 4.508727412533640733e-01 1.000000000000000000e+00
4.128719723183391088e-01 2.583621683967704877e-03 4.492733564013841052e-01 1.000000000000000000e+00
4.068435217224144473e-01 2.460592079969242327e-03 4.476739715494040817e-01 1.000000000000000000e+00
4.008150711264898414e-01 2.337562475970780644e-03 4.460745866974240581e-01 1.000000000000000000e+00
3.947866205305651799e-01 2.214532871972318094e-03 4.444752018454440901e-01 1.000000000000000000e+00
3.887581699346405184e-01 2.091503267973856411e-03 4.428758169934640665e-01 1.000000000000000000e+00
3.827297193387159124e-01 1.968473663975393861e-03 4.412764321414840429e-01 1.000000000000000000e+00
3.767012687427912510e-01 1.845444059976931745e-03 4.396770472895040749e-01 1.000000000000000000e+00
3.706728181468665895e-01 1.722414455978469629e-03 4.380776624375240513e-01 1.000000000000000000e+00
3.646443675509419280e-01 1.599384851980007512e-03 4.364782775855440278e-01 1.000000000000000000e+00
3.586159169550172665e-01 1.476355247981545396e-03 4.348788927335640597e-01 1.000000000000000000e+00
3.525874663590928271e-01 1.353325643983086749e-03 4.332795078815840917e-01 1.000000000000000000e+00
3.465590157631679991e-01 1.230296039984621163e-03 4.316801230296040126e-01 1.000000000000000000e+00
3.405305651672433376e-01 1.107266435986159047e-03 4.300807381776239890e-01 1.000000000000000000e+00
3.345021145713187316e-01 9.842368319876969307e-04 4.284813533256440210e-01 1.000000000000000000e+00
3.284736639753940701e-01 8.612072279892348144e-04 4.268819684736639974e-01 1.000000000000000000e+00
3.224452133794694086e-01 7.381776239907726980e-04 4.252825836216839739e-01 1.000000000000000000e+00
3.164167627835448027e-01 6.151480199923105817e-04 4.236831987697039503e-01 1.000000000000000000e+00
3.103883121876201412e-01 4.921184159938484654e-04 4.220838139177239823e-01 1.000000000000000000e+00
3.043598615916954797e-01 3.690888119953863490e-04 4.204844290657439587e-01 1.000000000000000000e+00
2.983314109957708737e-01 2.460592079969242327e-04 4.188850442137639352e-01 1.000000000000000000e+00
2.923029603998461567e-01 1.230296039984621163e-04 4.172856593617839671e-01 1.000000000000000000e+00
2.862745098039215508e-01 0.000000000000000000e+00 4.156862745098039436e-01 1.000000000000000000e+00
