0.000000000000000000e+00 4.078431372549019551e-01 2.156862745098039325e-01 1.000000000000000000e+00
3.998462129950018998e-03 4.152249134948096665e-01 2.195309496347558620e-01 1.000000000000000000e+00
7.996924259900037996e-03 4.226066897347174334e-01 2.233756247597078193e-01 1.000000000000000000e+00
1.199538638985005699e-02 4.299884659746251447e-01 2.272202998846597488e-01 1.000000000000000000e+00
1.599384851980007599e-02 4.373702422145328561e-01 2.310649750096117061e-01 1.000000000000000000e+00
1.999231064975009672e-02 4.447520184544405675e-01 2.349096501345636356e-01 1.000000000000000000e+00
2.399077277970011399e-02 4.521337946943483344e-01 2.387543252595155652e-01 1.000000000000000000e+00
2.798923490965013819e-02 4.595155709342560457e-01 2.425990003844675225e-01 1.000000000000000000e+00
3.198769703960015198e-02 4.668973471741637571e-01 2.464436755094194520e-01 1.000000000000000000e+00
3.598615916955017618e-02 4.742791234140715240e-01 2.502883506343713815e-01 1.000000000000000000e+00
3.998462129950019345e-02 4.816608996539792353e-01 2.541330257593233388e-01 1.000000000000000000e+00
4.398308342945021071e-02 4.890426758938869467e-01 2.579777008842752961e-01 1.000000000000000000e+00
4.798154555940022797e-02 4.964244521337947136e-01 2.618223760092271979e-01 1.000000000000000000e+00
5.198000768935024524e-02 5.038062283737023694e-01 2.656670511341791552e-01 1.000000000000000000e+00
5.597846981930027638e-02 5.111880046136101363e-01 2.695117262591311125e-01 1.000000000000000000e+00
5.997693194925028670e-02 5.185697808535179032e-01 2.733564013840830698e-01 1.000000000000000000e+00
6.397539407920030397e-02 5.259515570934255591e-01 2.772010765090349715e-01 1.000000000000000000e+00
6.797385620915032123e-02 5.333333333333333259e-01 2.810457516339869288e-01 1.000000000000000000e+00
7.197231833910035237e-02 5.407151095732410928e-01 2.848904267589388861e-01 1.000000000000000000e+00
7.597078046905036963e-02 5.480968858131487487e-01 2.887351018838908434e-01 1.000000000000000000e+00
7.996924259900038690e-02 5.554786620530565155e-01 2.925797770088427452e-01 1.000000000000000000e+00
8.396770472895040416e-02 5.628604382929642824e-01 2.964244521337947025e-01 1.000000000000000000e+00
8.796616685890042142e-02 5.702422145328719383e-01 3.002691272587466598e-01 1.000000000000000000e+00
9.196462898885043868e-02 5.776239907727797052e-01 3.041138023836985615e-01 1.000000000000000000e+00
9.596309111880045595e-02 5.850057670126873610e-01 3.079584775086505188e-01 1.000000000000000000e+00
9.996155324875047321e-02 5.923875432525951279e-01 3.118031526336024761e-01 1.000000000000000000e+00
1.078046905036524339e-01 5.989234909650134053e-01 3.151864667435601564e-01 1.000000000000000000e+00
1.194925028835063519e-01 6.046136101499423043e-01 3.181084198385236150e-01 1.000000000000000000e+00
1.311803152633602421e-01 6.103037293348712033e-01 3.210303729334871292e-01 1.000000000000000000e+00
1.428681276432141600e-01 6.159938485198001024e-01 3.239523260284505879e-01 1.000000000000000000e+00
1.545559400230680502e-01 6.216839677047290014e-01 3.268742791234140466e-01 1.000000000000000000e+00
1.662437524029219682e-01 6.273740868896577894e-01 3.297962322183775608e-01 1.000000000000000000e+00
1.779315647827758584e-01 6.330642060745866884e-01 3.327181853133410194e-01 1.000000000000000000e+00
1.896193771626296931e-01 6.387543252595155874e-01 3.356401384083044781e-01 1.000000000000000000e+00
2.013071895424836666e-01 6.444444444444444864e-01 3.385620915032679923e-01 1.000000000000000000e+00
2.129950019223375846e-01 6.501345636293732744e-01 3.414840445982314510e-01 1.000000000000000000e+00
2.246828143021914748e-01 6.558246828143021734e-01 3.444059976931949096e-01 1.000000000000000000e+00
2.363706266820453095e-01 6.615148019992310724e-01 3.473279507881583683e-01 1.000000000000000000e+00
2.480584390618992829e-01 6.672049211841599714e-01 3.502499038831218825e-01 1.000000000000000000e+00
2.597462514417532287e-01 6.728950403690888704e-01 3.531718569780853412e-01 1.000000000000000000e+00
2.714340638216070634e-01 6.785851595540176584e-01 3.560938100730488554e-01 1.000000000000000000e+00
2.831218762014608981e-01 6.842752787389465574e-01 3.590157631680123140e-01 1.000000000000000000e+00
2.948096885813149548e-01 6.899653979238754564e-01 3.619377162629757727e-01 1.000000000000000000e+00
3.064975009611687895e-01 6.956555171088043554e-01 3.648596693579392314e-01 1.000000000000000000e+00
3.181853133410227352e-01 7.013456362937331434e-01 3.677816224529027456e-01 1.000000000000000000e+00
3.298731257208765699e-01 7.070357554786620424e-01 3.707035755478662042e-01 1.000000000000000000e+00
3.415609381007305156e-01 7.127258746635909414e-01 3.736255286428297184e-01 1.000000000000000000e+00
3.532487504805844614e-01 7.184159938485198404e-01 3.765474817377931771e-01 1.000000000000000000e+00
3.649365628604382961e-01 7.241061130334487395e-01 3.794694348327566358e-01 1.000000000000000000e+00
3.766243752402921308e-01 7.297962322183775274e-01 3.823913879277200945e-01 1.000000000000000000e+00
3.883121876201461875e-01 7.354863514033064265e-01 3.853133410226836086e-01 1.000000000000000000e+00
4.000000000000000222e-01 7.411764705882353255e-01 3.882352941176470673e-01 1.000000000000000000e+00
4.098423683198769707e-01 7.454825067281815043e-01 3.893118031526335843e-01 1.000000000000000000e+00
4.196847366397538637e-01 7.497885428681276831e-01 3.903883121876201567e-01 1.000000000000000000e+00
4.295271049596309232e-01 7.540945790080738620e-01 3.914648212226066737e-01 1.000000000000000000e+00
4.393694732795078717e-01 7.584006151480200408e-01 3.925413302575932462e-01 1.000000000000000000e+00
4.492118415993848757e-01 7.627066512879662197e-01 3.936178392925797631e-01 1.000000000000000000e+00
4.590542099192617131e-01 7.670126874279122875e-01 3.946943483275663356e-01 1.000000000000000000e+00
4.688965782391387727e-01 7.713187235678584663e-01 3.957708573625528525e-01 1.000000000000000000e+00
4.787389465590157211e-01 7.756247597078046452e-01 3.968473663975394250e-01 1.000000000000000000e+00
4.885813148788927252e-01 7.799307958477508240e-01 3.979238754325259420e-01 1.000000000000000000e+00
4.984236831987696181e-01 7.842368319876970029e-01 3.990003844675125144e-01 1.000000000000000000e+00
5.082660515186466776e-01 7.885428681276431817e-01 4.000768935024990314e-01 1.000000000000000000e+00
5.181084198385236261e-01 7.928489042675893606e-01 4.011534025374856038e-01 1.000000000000000000e+00
5.279507881584005746e-01 7.971549404075355394e-01 4.022299115724721208e-01 1.000000000000000000e+00
5.377931564782775231e-01 8.014609765474817182e-01 4.033064206074586933e-01 1.000000000000000000e+00
5.476355247981543606e-01 8.057670126874277861e-01 4.043829296424452102e-01 1.000000000000000000e+00
5.574778931180314201e-01 8.100730488273740759e-01 4.054594386774317827e-01 1.000000000000000000e+00
5.673202614379084796e-01 8.143790849673202548e-01 4.065359477124182996e-01 1.000000000000000000e+00
5.771626297577854281e-01 8.186851211072663226e-01 4.076124567474048721e-01 1.000000000000000000e+00
5.870049980776623766e-01 8.229911572472126124e-01 4.086889657823913891e-01 1.000000000000000000e+00
5.968473663975393251e-01 8.272971933871586803e-01 4.097654748173779615e-01 1.000000000000000000e+00
6.066897347174162736e-01 8.316032295271048591e-01 4.108419838523644785e-01 1.000000000000000000e+00
6.165321030372932221e-01 8.359092656670510380e-01 4.119184928873510509e-01 1.000000000000000000e+00
6.263744713571700595e-01 8.402153018069972168e-01 4.129950019223375679e-01 1.000000000000000000e+00
6.362168396770471190e-01 8.445213379469433956e-01 4.140715109573240849e-01 1.000000000000000000e+00
6.460592079969240675e-01 8.488273740868895745e-01 4.151480199923106573e-01 1.000000000000000000e+00
6.549019607843136193e-01 8.526720492118414763e-01 4.182237600922721343e-01 1.000000000000000000e+00
6.627450980392155522e-01 8.560553633217992120e-01 4.232987312572087379e-01 1.000000000000000000e+00
6.705882352941175961e-01 8.594386774317569477e-01 4.283737024221452860e-01 1.000000000000000000e+00
6.784313725490195290e-01 8.628219915417146835e-01 4.334486735870818341e-01 1.000000000000000000e+00
6.862745098039214620e-01 8.662053056516724192e-01 4.385236447520183822e-01 1.000000000000000000e+00
6.941176470588232839e-01 8.695886197616300439e-01 4.435986159169548748e-01 1.000000000000000000e+00
7.019607843137254388e-01 8.729719338715877797e-01 4.486735870818915339e-01 1.000000000000000000e+00
7.098039215686273717e-01 8.763552479815455154e-01 4.537485582468280820e-01 1.000000000000000000e+00
7.176470588235293047e-01 8.797385620915032511e-01 4.588235294117646301e-01 1.000000000000000000e+00
7.254901960784313486e-01 8.831218762014609869e-01 4.638985005767012337e-01 1.000000000000000000e+00
7.333333333333332815e-01 8.865051903114186116e-01 4.689734717416377818e-01 1.000000000000000000e+00
7.411764705882352144e-01 8.898885044213763473e-01 4.740484429065743299e-01 1.000000000000000000e+00
7.490196078431371474e-01 8.932718185313340831e-01 4.791234140715109335e-01 1.000000000000000000e+00
7.568627450980390803e-01 8.966551326412917078e-01 4.841983852364474261e-01 1.000000000000000000e+00
7.647058823529411242e-01 9.000384467512494435e-01 4.892733564013840297e-01 1.000000000000000000e+00
7.725490196078430571e-01 9.034217608612071793e-01 4.943483275663205778e-01 1.000000000000000000e+00
7.803921568627449901e-01 9.068050749711649150e-01 4.994232987312571259e-01 1.000000000000000000e+00
7.882352941176470340e-01 9.101883890811226507e-01 5.044982698961937295e-01 1.000000000000000000e+00
7.960784313725489669e-01 9.135717031910803865e-01 5.095732410611303331e-01 1.000000000000000000e+00
8.039215686274508998e-01 9.169550173010380112e-01 5.146482122260668257e-01 1.000000000000000000e+00
8.117647058823529438e-01 9.203383314109957469e-01 5.197231833910034293e-01 1.000000000000000000e+00
8.196078431372547657e-01 9.237216455209533716e-01 5.247981545559399219e-01 1.000000000000000000e+00
8.274509803921568096e-01 9.271049596309112184e-01 5.298731257208765255e-01 1.000000000000000000e+00
8.352941176470587425e-01 9.304882737408688431e-01 5.349480968858131291e-01 1.000000000000000000e+00
8.431372549019607865e-01 9.338715878508265789e-01 5.400230680507496217e-01 1.000000000000000000e+00
8.509803921568627194e-01 9.372549019607843146e-01 5.450980392156862253e-01 1.000000000000000000e+00
8.568242983467896368e-01 9.397154940407536072e-01 5.530949634755862876e-01 1.000000000000000000e+00
8.626682045367166651e-01 9.421760861207227888e-01 5.610918877354863499e-01 1.000000000000000000e+00
8.685121107266435825e-01 9.446366782006920815e-01 5.690888119953863011e-01 1.000000000000000000e+00
8.743560169165704998e-01 9.470972702806612631e-01 5.770857362552862524e-01 1.000000000000000000e+00
8.801999231064975282e-01 9.495578623606305557e-01 5.850826605151864257e-01 1.000000000000000000e+00
8.860438292964244456e-01 9.520184544405997373e-01 5.930795847750864880e-01 1.000000000000000000e+00
8.918877354863513629e-01 9.544790465205690300e-01 6.010765090349865503e-01 1.000000000000000000e+00
8.977316416762783913e-01 9.569396386005382116e-01 6.090734332948865015e-01 1.000000000000000000e+00
9.035755478662053086e-01 9.594002306805075042e-01 6.170703575547865638e-01 1.000000000000000000e+00
9.094194540561322260e-01 9.618608227604767968e-01 6.250672818146866261e-01 1.000000000000000000e+00
9.152633602460591433e-01 9.643214148404459785e-01 6.330642060745866884e-01 1.000000000000000000e+00
9.211072664359860607e-01 9.667820069204151601e-01 6.410611303344866396e-01 1.000000000000000000e+00
9.269511726259130890e-01 9.692425990003844527e-01 6.490580545943867019e-01 1.000000000000000000e+00
9.327950788158401174e-01 9.717031910803537453e-01 6.570549788542867642e-01 1.000000000000000000e+00
9.386389850057670348e-01 9.741637831603229269e-01 6.650519031141868265e-01 1.000000000000000000e+00
9.444828911956939521e-01 9.766243752402922196e-01 6.730488273740868888e-01 1.000000000000000000e+00
9.503267973856208695e-01 9.790849673202614012e-01 6.810457516339869510e-01 1.000000000000000000e+00
9.561707035755478978e-01 9.815455594002306938e-01 6.890426758938870133e-01 1.000000000000000000e+00
9.620146097654748152e-01 9.840061514801998754e-01 6.970396001537869646e-01 1.000000000000000000e+00
9.678585159554016215e-01 9.864667435601691681e-01 7.050365244136869158e-01 1.000000000000000000e+00
9.737024221453287609e-01 9.889273356401384607e-01 7.130334486735870891e-01 1.000000000000000000e+00
9.795463283352556783e-01 9.913879277201076423e-01 7.210303729334871514e-01 1.000000000000000000e+00
9.853902345251825956e-01 9.938485198000769349e-01 7.290272971933871027e-01 1.000000000000000000e+00
9.912341407151095130e-01 9.963091118800461166e-01 7.370242214532871650e-01 1.000000000000000000e+00
9.999231064975009353e-01 9.976163014225297720e-01 7.450211457131872272e-01 1.000000000000000000e+00
9.997693194925029170e-01 9.928489042675894272e-01 7.370242214532871650e-01 1.000000000000000000e+00
9.996155324875047876e-01 9.880815071126489713e-01 7.290272971933872137e-01 1.000000000000000000e+00
9.994617454825067693e-01 9.833141099577086264e-01 7.210303729334871514e-01 1.000000000000000000e+00
9.993079584775086399e-01 9.785467128027682815e-01 7.130334486735873112e-01 1.000000000000000000e+00
9.991541714725106216e-01 9.737793156478278256e-01 7.050365244136871379e-01 1.000000000000000000e+00
9.990003844675124922e-01 9.690119184928873697e-01 6.970396001537870756e-01 1.000000000000000000e+00
9.988465974625144739e-01 9.642445213379470248e-01 6.890426758938870133e-01 1.000000000000000000e+00
9.986928104575163445e-01 9.594771241830065689e-01 6.810457516339869510e-01 1.000000000000000000e+00
9.985390234525182152e-01 9.547097270280662240e-01 6.730488273740869998e-01 1.000000000000000000e+00
9.983852364475201968e-01 9.499423298731257681e-01 6.650519031141869375e-01 1.000000000000000000e+00
9.982314494425220675e-01 9.451749327181853122e-01 6.570549788542868752e-01 1.000000000000000000e+00
9.980776624375240491e-01 9.404075355632449673e-01 6.490580545943868129e-01 1.000000000000000000e+00
9.979238754325259197e-01 9.356401384083045114e-01 6.410611303344868617e-01 1.000000000000000000e+00
9.977700884275279014e-01 9.308727412533641665e-01 6.330642060745867994e-01 1.000000000000000000e+00
9.976163014225297720e-01 9.261053440984237106e-01 6.250672818146867371e-01 1.000000000000000000e+00
9.974625144175317537e-01 9.213379469434833657e-01 6.170703575547866748e-01 1.000000000000000000e+00
9.973087274125336243e-01 9.165705497885429098e-01 6.090734332948867236e-01 1.000000000000000000e+00
9.971549404075356060e-01 9.118031526336025649e-01 6.010765090349866613e-01 1.000000000000000000e+00
9.970011534025374766e-01 9.070357554786621090e-01 5.930795847750865990e-01 1.000000000000000000e+00
9.968473663975394583e-01 9.022683583237218752e-01 5.850826605151868698e-01 1.000000000000000000e+00
9.966935793925413289e-01 8.975009611687813083e-01 5.770857362552865855e-01 1.000000000000000000e+00
9.965397923875433106e-01 8.927335640138409634e-01 5.690888119953865232e-01 1.000000000000000000e+00
9.963860053825451812e-01 8.879661668589005075e-01 5.610918877354864609e-01 1.000000000000000000e+00
9.962322183775471629e-01 8.831987697039601626e-01 5.530949634755865096e-01 1.000000000000000000e+00
9.960784313725490335e-01 8.784313725490197067e-01 5.450980392156864474e-01 1.000000000000000000e+00
9.959246443675510152e-01 8.707420222991159031e-01 5.386389850057671236e-01 1.000000000000000000e+00
9.957708573625528858e-01 8.630526720492120996e-01 5.321799307958479108e-01 1.000000000000000000e+00
9.956170703575547565e-01 8.553633217993081850e-01 5.257208765859285871e-01 1.000000000000000000e+00
9.954632833525567381e-01 8.476739715494042704e-01 5.192618223760093743e-01 1.000000000000000000e+00
9.953094963475586088e-01 8.399846212995003558e-01 5.128027681660900505e-01 1.000000000000000000e+00
9.951557093425605904e-01 8.322952710495965523e-01 5.063437139561708378e-01 1.000000000000000000e+00
9.950019223375624611e-01 8.246059207996926377e-01 4.998846597462515695e-01 1.000000000000000000e+00
9.948481353325644427e-01 8.169165705497887231e-01 4.934256055363323012e-01 1.000000000000000000e+00
9.946943483275663134e-01 8.092272202998849195e-01 4.869665513264130885e-01 1.000000000000000000e+00
9.945405613225682950e-01 8.015378700499810050e-01 4.805074971164938202e-01 1.000000000000000000e+00
9.943867743175701657e-01 7.938485198000773124e-01 4.740484429065747185e-01 1.000000000000000000e+00
9.942329873125721473e-01 7.861591695501732868e-01 4.675893886966552837e-01 1.000000000000000000e+00
9.940792003075740180e-01 7.784698193002693722e-01 4.611303344867360154e-01 1.000000000000000000e+00
9.939254133025759996e-01 7.707804690503654577e-01 4.546712802768167472e-01 1.000000000000000000e+00
9.937716262975778703e-01 7.630911188004615431e-01 4.482122260668974789e-01 1.000000000000000000e+00
9.936178392925798519e-01 7.554017685505577395e-01 4.417531718569782662e-01 1.000000000000000000e+00
9.934640522875817226e-01 7.477124183006538249e-01 4.352941176470589979e-01 1.000000000000000000e+00
9.933102652825837042e-01 7.400230680507499104e-01 4.288350634371397296e-01 1.000000000000000000e+00
9.931564782775855749e-01 7.323337178008459958e-01 4.223760092272204614e-01 1.000000000000000000e+00
9.930026912725874455e-01 7.246443675509421922e-01 4.159169550173011931e-01 1.000000000000000000e+00
9.928489042675894272e-01 7.169550173010382776e-01 4.094579008073819804e-01 1.000000000000000000e+00
9.926951172625912978e-01 7.092656670511343631e-01 4.029988465974626566e-01 1.000000000000000000e+00
9.925413302575932795e-01 7.015763168012305595e-01 3.965397923875434438e-01 1.000000000000000000e+00
9.923875432525951501e-01 6.938869665513266449e-01 3.900807381776241201e-01 1.000000000000000000e+00
9.922337562475971318e-01 6.861976163014227303e-01 3.836216839677049073e-01 1.000000000000000000e+00
9.914648212226067070e-01 6.773548635140334007e-01 3.780853517877740266e-01 1.000000000000000000e+00
9.900807381776240979e-01 6.673587081891585449e-01 3.734717416378318666e-01 1.000000000000000000e+00
9.886966551326413777e-01 6.573625528642832450e-01 3.688581314878893735e-01 1.000000000000000000e+00
9.873125720876586575e-01 6.473663975394081671e-01 3.642445213379470470e-01 1.000000000000000000e+00
9.859284890426759373e-01 6.373702422145330893e-01 3.596309111880047205e-01 1.000000000000000000e+00
9.845444059976932172e-01 6.273740868896580114e-01 3.550173010380623939e-01 1.000000000000000000e+00
9.831603229527106080e-01 6.173779315647830446e-01 3.504036908881200674e-01 1.000000000000000000e+00
9.817762399077278879e-01 6.073817762399079667e-01 3.457900807381776853e-01 1.000000000000000000e+00
9.803921568627451677e-01 5.973856209150328889e-01 3.411764705882353588e-01 1.000000000000000000e+00
9.790080738177624475e-01 5.873894655901578110e-01 3.365628604382930322e-01 1.000000000000000000e+00
9.776239907727797274e-01 5.773933102652827332e-01 3.319492502883507057e-01 1.000000000000000000e+00
9.762399077277970072e-01 5.673971549404076553e-01 3.273356401384083791e-01 1.000000000000000000e+00
9.748558246828143981e-01 5.574009996155326885e-01 3.227220299884660526e-01 1.000000000000000000e+00
9.734717416378316779e-01 5.474048442906576106e-01 3.181084198385237261e-01 1.000000000000000000e+00
9.720876585928489577e-01 5.374086889657825328e-01 3.134948096885813440e-01 1.000000000000000000e+00
9.707035755478662375e-01 5.274125336409074549e-01 3.088811995386390175e-01 1.000000000000000000e+00
9.693194925028835174e-01 5.174163783160323771e-01 3.042675893886966909e-01 1.000000000000000000e+00
9.679354094579009082e-01 5.074202229911576323e-01 2.996539792387544754e-01 1.000000000000000000e+00
9.665513264129181881e-01 4.974240676662822769e-01 2.950403690888120378e-01 1.000000000000000000e+00
9.651672433679354679e-01 4.874279123414071990e-01 2.904267589388697113e-01 1.000000000000000000e+00
9.637831603229527477e-01 4.774317570165321767e-01 2.858131487889273847e-01 1.000000000000000000e+00
9.623990772779700276e-01 4.674356016916570988e-01 2.811995386389850582e-01 1.000000000000000000e+00
9.610149942329873074e-01 4.574394463667820210e-01 2.765859284890427316e-01 1.000000000000000000e+00
9.596309111880046983e-01 4.474432910419069431e-01 2.719723183391003496e-01 1.000000000000000000e+00
9.582468281430219781e-01 4.374471357170319208e-01 2.673587081891580230e-01 1.000000000000000000e+00
9.568627450980392579e-01 4.274509803921568429e-01 2.627450980392156965e-01 1.000000000000000000e+00
9.524029219530949497e-01 4.180699730872741160e-01 2.584390618992695177e-01 1.000000000000000000e+00
9.479430988081507525e-01 4.086889657823913891e-01 2.541330257593233388e-01 1.000000000000000000e+00
9.434832756632064443e-01 3.993079584775086621e-01 2.498269896193771600e-01 1.000000000000000000e+00
9.390234525182622471e-01 3.899269511726258797e-01 2.455209534794310089e-01 1.000000000000000000e+00
9.345636293733179389e-01 3.805459438677431527e-01 2.412149173394848301e-01 1.000000000000000000e+00
9.301038062283737418e-01 3.711649365628604258e-01 2.369088811995386512e-01 1.000000000000000000e+00
9.256439830834294336e-01 3.617839292579776989e-01 2.326028450595924724e-01 1.000000000000000000e+00
9.211841599384853474e-01 3.524029219530951940e-01 2.282968089196464323e-01 1.000000000000000000e+00
9.167243367935409282e-01 3.430219146482121895e-01 2.239907727797001147e-01 1.000000000000000000e+00
9.122645136485967310e-01 3.336409073433294625e-01 2.196847366397539636e-01 1.000000000000000000e+00
9.078046905036524228e-01 3.242599000384467356e-01 2.153787004998077848e-01 1.000000000000000000e+00
9.033448673587082256e-01 3.148788927335640087e-01 2.110726643598616059e-01 1.000000000000000000e+00
8.988850442137639174e-01 3.054978854286812817e-01 2.067666282199154271e-01 1.000000000000000000e+00
8.944252210688197202e-01 2.961168781237984993e-01 2.024605920799692482e-01 1.000000000000000000e+00
8.899653979238754120e-01 2.867358708189158278e-01 1.981545559400230694e-01 1.000000000000000000e+00
8.855055747789312148e-01 2.773548635140330454e-01 1.938485198000768905e-01 1.000000000000000000e+00
8.810457516339869066e-01 2.679738562091503185e-01 1.895424836601307395e-01 1.000000000000000000e+00
8.765859284890427094e-01 2.585928489042675915e-01 1.852364475201845329e-01 1.000000000000000000e+00
8.721261053440984012e-01 2.492118415993848368e-01 1.809304113802383818e-01 1.000000000000000000e+00
8.676662821991542041e-01 2.398308342945021099e-01 1.766243752402922029e-01 1.000000000000000000e+00
8.632064590542098959e-01 2.304498269896193829e-01 1.723183391003460518e-01 1.000000000000000000e+00
8.587466359092656987e-01 2.210688196847366283e-01 1.680123029603998730e-01 1.000000000000000000e+00
8.542868127643213905e-01 2.116878123798539013e-01 1.637062668204536942e-01 1.000000000000000000e+00
8.498269896193773043e-01 2.023068050749714242e-01 1.594002306805076263e-01 1.000000000000000000e+00
8.453671664744328851e-01 1.929257977700884474e-01 1.550941945405613365e-01 1.000000000000000000e+00
8.392925797770088847e-01 1.845444059976932005e-01 1.528642829680892101e-01 1.000000000000000000e+00
8.316032295271049701e-01 1.771626297577854614e-01 1.527104959630911363e-01 1.000000000000000000e+00
8.239138792772010556e-01 1.697808535178777500e-01 1.525567089580930624e-01 1.000000000000000000e+00
8.162245290272971410e-01 1.623990772779700109e-01 1.524029219530949608e-01 1.000000000000000000e+00
8.085351787773933374e-01 1.550173010380622718e-01 1.522491349480968870e-01 1.000000000000000000e+00
8.008458285274894228e-01 1.476355247981545604e-01 1.520953479430988131e-01 1.000000000000000000e+00
7.931564782775855083e-01 1.402537485582468213e-01 1.519415609381007393e-01 1.000000000000000000e+00
7.854671280276817047e-01 1.328719723183390822e-01 1.517877739331026654e-01 1.000000000000000000e+00
7.777777777777777901e-01 1.254901960784313708e-01 1.516339869281045916e-01 1.000000000000000000e+00
7.700884275278738755e-01 1.181084198385236456e-01 1.514801999231065177e-01 1.000000000000000000e+00
7.623990772779700720e-01 1.107266435986159203e-01 1.513264129181084161e-01 1.000000000000000000e+00
7.547097270280661574e-01 1.033448673587081812e-01 1.511726259131103423e-01 1.000000000000000000e+00
7.470203767781622428e-01 9.596309111880046983e-02 1.510188389081122684e-01 1.000000000000000000e+00
7.393310265282584393e-01 8.858131487889273070e-02 1.508650519031141946e-01 1.000000000000000000e+00
7.316416762783547467e-01 8.119953863898521362e-02 1.507112648981161207e-01 1.000000000000000000e+00
7.239523260284506101e-01 7.381776239907728021e-02 1.505574778931180469e-01 1.000000000000000000e+00
7.162629757785466955e-01 6.643598615916954109e-02 1.504036908881199452e-01 1.000000000000000000e+00
7.085736255286428920e-01 5.905420991926182972e-02 1.502499038831218714e-01 1.000000000000000000e+00
7.008842752787389774e-01 5.167243367935409060e-02 1.500961168781237975e-01 1.000000000000000000e+00
6.931949250288350628e-01 4.429065743944637923e-02 1.499423298731257237e-01 1.000000000000000000e+00
6.855055747789311482e-01 3.690888119953864011e-02 1.497885428681276498e-01 1.000000000000000000e+00
6.778162245290273447e-01 2.952710495963090098e-02 1.496347558631295760e-01 1.000000000000000000e+00
6.701268742791234301e-01 2.214532871972318961e-02 1.494809688581314744e-01 1.000000000000000000e+00
6.624375240292195155e-01 1.476355247981547825e-02 1.493271818531334005e-01 1.000000000000000000e+00
6.547481737793157119e-01 7.381776239907711368e-03 1.491733948481353267e-01 1.000000000000000000e+00
6.470588235294117974e-01 0.000000000000000000e+00 1.490196078431372528e-01 1.000000000000000000e+00
