6.470588235294117974e-01 0.000000000000000000e+00 1.490196078431372528e-01 1.000000000000000000e+00
6.547481737793157119e-01 7.381776239907727848e-03 1.491733948481353267e-01 1.000000000000000000e+00
6.624375240292195155e-01 1.476355247981545570e-02 1.493271818531334005e-01 1.000000000000000000e+00
6.701268742791234301e-01 2.214532871972318268e-02 1.494809688581314744e-01 1.000000000000000000e+00
6.778162245290273447e-01 2.952710495963091139e-02 1.496347558631295760e-01 1.000000000000000000e+00
6.855055747789311482e-01 3.690888119953864011e-02 1.497885428681276498e-01 1.000000000000000000e+00
6.931949250288350628e-01 4.429065743944636535e-02 1.499423298731257237e-01 1.000000000000000000e+00
7.008842752787389774e-01 5.167243367935409754e-02 1.500961168781237975e-01 1.000000000000000000e+00
7.085736255286428920e-01 5.905420991926182278e-02 1.502499038831218714e-01 1.000000000000000000e+00
7.162629757785466955e-01 6.643598615916955497e-02 1.504036908881199452e-01 1.000000000000000000e+00
7.239523260284506101e-01 7.381776239907728021e-02 1.505574778931180469e-01 1.000000000000000000e+00
7.316416762783545247e-01 8.119953863898500546e-02 1.507112648981161207e-01 1.000000000000000000e+00
7.393310265282584393e-01 8.858131487889273070e-02 1.508650519031141946e-01 1.000000000000000000e+00
7.470203767781622428e-01 9.596309111880045595e-02 1.510188389081122684e-01 1.000000000000000000e+00
7.547097270280661574e-01 1.033448673587081951e-01 1.511726259131103423e-01 1.000000000000000000e+00
7.623990772779700720e-01 1.107266435986159203e-01 1.513264129181084161e-01 1.000000000000000000e+00
7.700884275278738755e-01 1.181084198385236456e-01 1.514801999231065177e-01 1.000000000000000000e+00
7.777777777777777901e-01 1.254901960784313708e-01 1.516339869281045916e-01 1.000000000000000000e+00
7.854671280276817047e-01 1.328719723183391099e-01 1.517877739331026654e-01 1.000000000000000000e+00
7.931564782775855083e-01 1.402537485582468213e-01 1.519415609381007393e-01 1.000000000000000000e+00
8.008458285274894228e-01 1.476355247981545604e-01 1.520953479430988131e-01 1.000000000000000000e+00
8.085351787773933374e-01 1.550173010380622718e-01 1.522491349480968870e-01 1.000000000000000000e+00
8.162245290272971410e-01 1.623990772779700109e-01 1.524029219530949608e-01 1.000000000000000000e+00
8.239138792772010556e-01 1.697808535178777500e-01 1.525567089580930624e-01 1.000000000000000000e+00
8.316032295271049701e-01 1.771626297577854614e-01 1.527104959630911363e-01 1.000000000000000000e+00
8.392925797770087737e-01 1.845444059976931728e-01 1.528642829680892101e-01 1.000000000000000000e+00
8.453671664744328851e-01 1.929257977700884197e-01 1.550941945405613365e-01 1.000000000000000000e+00
8.498269896193771933e-01 2.023068050749711744e-01 1.594002306805075153e-01 1.000000000000000000e+00
8.542868127643213905e-01 2.116878123798539013e-01 1.637062668204536942e-01 1.000000000000000000e+00
8.587466359092656987e-01 2.210688196847366283e-01 1.680123029603998730e-01 1.000000000000000000e+00
8.632064590542098959e-01 2.304498269896193829e-01 1.723183391003460241e-01 1.000000000000000000e+00
8.676662821991542041e-01 2.398308342945021099e-01 1.766243752402922029e-01 1.000000000000000000e+00
8.721261053440984012e-01 2.492118415993848368e-01 1.809304113802383818e-01 1.000000000000000000e+00
8.765859284890427094e-01 2.585928489042675360e-01 1.852364475201845329e-01 1.000000000000000000e+00
8.810457516339869066e-01 2.679738562091503185e-01 1.895424836601307117e-01 1.000000000000000000e+00
8.855055747789312148e-01 2.773548635140330454e-01 1.938485198000768905e-01 1.000000000000000000e+00
8.899653979238754120e-01 2.867358708189157723e-01 1.981545559400230694e-01 1.000000000000000000e+00
8.944252210688197202e-01 2.961168781237984438e-01 2.024605920799692205e-01 1.000000000000000000e+00
8.988850442137639174e-01 3.054978854286812817e-01 2.067666282199154271e-01 1.000000000000000000e+00
9.033448673587082256e-01 3.148788927335640087e-01 2.110726643598616059e-01 1.000000000000000000e+00
9.078046905036524228e-01 3.242599000384467356e-01 2.153787004998077848e-01 1.000000000000000000e+00
9.122645136485967310e-01 3.336409073433294070e-01 2.196847366397539081e-01 1.000000000000000000e+00
9.167243367935409282e-01 3.430219146482121895e-01 2.239907727797001424e-01 1.000000000000000000e+00
9.211841599384852364e-01 3.524029219530949719e-01 2.282968089196463213e-01 1.000000000000000000e+00
9.256439830834294336e-01 3.617839292579776433e-01 2.326028450595924724e-01 1.000000000000000000e+00
9.301038062283737418e-01 3.711649365628603703e-01 2.369088811995386235e-01 1.000000000000000000e+00
9.345636293733179389e-01 3.805459438677431527e-01 2.412149173394848301e-01 1.000000000000000000e+00
9.390234525182622471e-01 3.899269511726258797e-01 2.455209534794309811e-01 1.000000000000000000e+00
9.434832756632065554e-01 3.993079584775086621e-01 2.498269896193771600e-01 1.000000000000000000e+00
9.479430988081507525e-01 4.086889657823913335e-01 2.541330257593232833e-01 1.000000000000000000e+00
9.524029219530949497e-01 4.180699730872741160e-01 2.584390618992695177e-01 1.000000000000000000e+00
9.568627450980392579e-01 4.274509803921568429e-01 2.627450980392156965e-01 1.000000000000000000e+00
9.582468281430219781e-01 4.374471357170318653e-01 2.673587081891580230e-01 1.000000000000000000e+00
9.596309111880046983e-01 4.474432910419068321e-01 2.719723183391002941e-01 1.000000000000000000e+00
9.610149942329873074e-01 4.574394463667819655e-01 2.765859284890426761e-01 1.000000000000000000e+00
9.623990772779700276e-01 4.674356016916570433e-01 2.811995386389850027e-01 1.000000000000000000e+00
9.637831603229527477e-01 4.774317570165320657e-01 2.858131487889273292e-01 1.000000000000000000e+00
9.651672433679354679e-01 4.874279123414070325e-01 2.904267589388696003e-01 1.000000000000000000e+00
9.665513264129181881e-01 4.974240676662821659e-01 2.950403690888119823e-01 1.000000000000000000e+00
9.679354094579007972e-01 5.074202229911571882e-01 2.996539792387543089e-01 1.000000000000000000e+00
9.693194925028835174e-01 5.174163783160322660e-01 3.042675893886966354e-01 1.000000000000000000e+00
9.707035755478662375e-01 5.274125336409072329e-01 3.088811995386389064e-01 1.000000000000000000e+00
9.720876585928489577e-01 5.374086889657823107e-01 3.134948096885812885e-01 1.000000000000000000e+00
9.734717416378316779e-01 5.474048442906573886e-01 3.181084198385236150e-01 1.000000000000000000e+00
9.748558246828142870e-01 5.574009996155324664e-01 3.227220299884659416e-01 1.000000000000000000e+00
9.762399077277970072e-01 5.673971549404074333e-01 3.273356401384082681e-01 1.000000000000000000e+00
9.776239907727797274e-01 5.773933102652824001e-01 3.319492502883505392e-01 1.000000000000000000e+00
9.790080738177624475e-01 5.873894655901575890e-01 3.365628604382929212e-01 1.000000000000000000e+00
9.803921568627451677e-01 5.973856209150325558e-01 3.411764705882352477e-01 1.000000000000000000e+00
9.817762399077277768e-01 6.073817762399076337e-01 3.457900807381775743e-01 1.000000000000000000e+00
9.831603229527104970e-01 6.173779315647827115e-01 3.504036908881199008e-01 1.000000000000000000e+00
9.845444059976932172e-01 6.273740868896576783e-01 3.550173010380622274e-01 1.000000000000000000e+00
9.859284890426759373e-01 6.373702422145327562e-01 3.596309111880045539e-01 1.000000000000000000e+00
9.873125720876586575e-01 6.473663975394078340e-01 3.642445213379468805e-01 1.000000000000000000e+00
9.886966551326412667e-01 6.573625528642826898e-01 3.688581314878891515e-01 1.000000000000000000e+00
9.900807381776239868e-01 6.673587081891578787e-01 3.734717416378315336e-01 1.000000000000000000e+00
9.914648212226067070e-01 6.773548635140329566e-01 3.780853517877738601e-01 1.000000000000000000e+00
9.922337562475971318e-01 6.861976163014223973e-01 3.840061514801997866e-01 1.000000000000000000e+00
9.923875432525951501e-01 6.938869665513263119e-01 3.912341407151094796e-01 1.000000000000000000e+00
9.925413302575932795e-01 7.015763168012302264e-01 3.984621299500191172e-01 1.000000000000000000e+00
9.926951172625912978e-01 7.092656670511341410e-01 4.056901191849287547e-01 1.000000000000000000e+00
9.928489042675894272e-01 7.169550173010379446e-01 4.129181084198384477e-01 1.000000000000000000e+00
9.930026912725874455e-01 7.246443675509417481e-01 4.201460976547479742e-01 1.000000000000000000e+00
9.931564782775855749e-01 7.323337178008457737e-01 4.273740868896577227e-01 1.000000000000000000e+00
9.933102652825835932e-01 7.400230680507496883e-01 4.346020761245673603e-01 1.000000000000000000e+00
9.934640522875817226e-01 7.477124183006534919e-01 4.418300653594770533e-01 1.000000000000000000e+00
9.936178392925798519e-01 7.554017685505574065e-01 4.490580545943866908e-01 1.000000000000000000e+00
9.937716262975778703e-01 7.630911188004613210e-01 4.562860438292963283e-01 1.000000000000000000e+00
9.939254133025759996e-01 7.707804690503652356e-01 4.635140330642060214e-01 1.000000000000000000e+00
9.940792003075740180e-01 7.784698193002690392e-01 4.707420222991156589e-01 1.000000000000000000e+00
9.942329873125721473e-01 7.861591695501728427e-01 4.779700115340251854e-01 1.000000000000000000e+00
9.943867743175701657e-01 7.938485198000768683e-01 4.851980007689349339e-01 1.000000000000000000e+00
9.945405613225682950e-01 8.015378700499806719e-01 4.924259900038446269e-01 1.000000000000000000e+00
9.946943483275663134e-01 8.092272202998845865e-01 4.996539792387542644e-01 1.000000000000000000e+00
9.948481353325644427e-01 8.169165705497885011e-01 5.068819684736639575e-01 1.000000000000000000e+00
9.950019223375624611e-01 8.246059207996924156e-01 5.141099577085735950e-01 1.000000000000000000e+00
9.951557093425605904e-01 8.322952710495963302e-01 5.213379469434832325e-01 1.000000000000000000e+00
9.953094963475586088e-01 8.399846212995001338e-01 5.285659361783928700e-01 1.000000000000000000e+00
9.954632833525567381e-01 8.476739715494039373e-01 5.357939254133023965e-01 1.000000000000000000e+00
9.956170703575547565e-01 8.553633217993079629e-01 5.430219146482122561e-01 1.000000000000000000e+00
9.957708573625528858e-01 8.630526720492117665e-01 5.502499038831218936e-01 1.000000000000000000e+00
9.959246443675509042e-01 8.707420222991156811e-01 5.574778931180315311e-01 1.000000000000000000e+00
9.960784313725490335e-01 8.784313725490195957e-01 5.647058823529411686e-01 1.000000000000000000e+00
9.962322183775471629e-01 8.831987697039600516e-01 5.719338715878508062e-01 1.000000000000000000e+00
9.963860053825451812e-01 8.879661668589003964e-01 5.791618608227604437e-01 1.000000000000000000e+00
9.965397923875433106e-01 8.927335640138408523e-01 5.863898500576700812e-01 1.000000000000000000e+00
9.966935793925413289e-01 8.975009611687811972e-01 5.936178392925797187e-01 1.000000000000000000e+00
9.968473663975394583e-01 9.022683583237216531e-01 6.008458285274894672e-01 1.000000000000000000e+00
9.970011534025374766e-01 9.070357554786619980e-01 6.080738177623991048e-01 1.000000000000000000e+00
9.971549404075356060e-01 9.118031526336024539e-01 6.153018069973087423e-01 1.000000000000000000e+00
9.973087274125336243e-01 9.165705497885429098e-01 6.225297962322183798e-01 1.000000000000000000e+00
9.974625144175317537e-01 9.213379469434832547e-01 6.297577854671280173e-01 1.000000000000000000e+00
9.976163014225297720e-01 9.261053440984237106e-01 6.369857747020376548e-01 1.000000000000000000e+00
9.977700884275279014e-01 9.308727412533640555e-01 6.442137639369472923e-01 1.000000000000000000e+00
9.979238754325259197e-01 9.356401384083044004e-01 6.514417531718568188e-01 1.000000000000000000e+00
9.980776624375240491e-01 9.404075355632448563e-01 6.586697424067666784e-01 1.000000000000000000e+00
9.982314494425220675e-01 9.451749327181853122e-01 6.658977316416763159e-01 1.000000000000000000e+00
9.983852364475201968e-01 9.499423298731257681e-01 6.731257208765859534e-01 1.000000000000000000e+00
9.985390234525182152e-01 9.547097270280661130e-01 6.803537101114955910e-01 1.000000000000000000e+00
9.986928104575163445e-01 9.594771241830065689e-01 6.875816993464052285e-01 1.000000000000000000e+00
9.988465974625144739e-01 9.642445213379469138e-01 6.948096885813148660e-01 1.000000000000000000e+00
9.990003844675124922e-01 9.690119184928873697e-01 7.020376778162245035e-01 1.000000000000000000e+00
9.991541714725106216e-01 9.737793156478277146e-01 7.092656670511341410e-01 1.000000000000000000e+00
9.993079584775086399e-01 9.785467128027681705e-01 7.164936562860437785e-01 1.000000000000000000e+00
9.994617454825067693e-01 9.833141099577085154e-01 7.237216455209535271e-01 1.000000000000000000e+00
9.996155324875047876e-01 9.880815071126489713e-01 7.309496347558631646e-01 1.000000000000000000e+00
9.997693194925029170e-01 9.928489042675894272e-01 7.381776239907728021e-01 1.000000000000000000e+00
9.976163014225297720e-01 9.990772779700115569e-01 7.534025374855825019e-01 1.000000000000000000e+00
9.928489042675894272e-01 9.972318339100345597e-01 7.621683967704728779e-01 1.000000000000000000e+00
9.880815071126489713e-01 9.953863898500576735e-01 7.709342560553632540e-01 1.000000000000000000e+00
9.833141099577086264e-01 9.935409457900807872e-01 7.797001153402537410e-01 1.000000000000000000e+00
9.785467128027682815e-01 9.916955017301039010e-01 7.884659746251438950e-01 1.000000000000000000e+00
9.737793156478278256e-01 9.898500576701269038e-01 7.972318339100346041e-01 1.000000000000000000e+00
9.690119184928873697e-01 9.880046136101499066e-01 8.059976931949249801e-01 1.000000000000000000e+00
9.642445213379470248e-01 9.861591695501730204e-01 8.147635524798153561e-01 1.000000000000000000e+00
9.594771241830065689e-01 9.843137254901960231e-01 8.235294117647058432e-01 1.000000000000000000e+00
9.547097270280662240e-01 9.824682814302191369e-01 8.322952710495962192e-01 1.000000000000000000e+00
9.499423298731257681e-01 9.806228373702422507e-01 8.410611303344865952e-01 1.000000000000000000e+00
9.451749327181853122e-01 9.787773933102652535e-01 8.498269896193770823e-01 1.000000000000000000e+00
9.404075355632449673e-01 9.769319492502883673e-01 8.585928489042674583e-01 1.000000000000000000e+00
9.356401384083045114e-01 9.750865051903113701e-01 8.673587081891578343e-01 1.000000000000000000e+00
9.308727412533641665e-01 9.732410611303344838e-01 8.761245674740483214e-01 1.000000000000000000e+00
9.261053440984237106e-01 9.713956170703575976e-01 8.848904267589386974e-01 1.000000000000000000e+00
9.213379469434833657e-01 9.695501730103806004e-01 8.936562860438290734e-01 1.000000000000000000e+00
9.165705497885429098e-01 9.677047289504037142e-01 9.024221453287195605e-01 1.000000000000000000e+00
9.118031526336025649e-01 9.658592848904267170e-01 9.111880046136099365e-01 1.000000000000000000e+00
9.070357554786621090e-01 9.640138408304498308e-01 9.199538638985003125e-01 1.000000000000000000e+00
9.022683583237218752e-01 9.621683967704729445e-01 9.287197231833905775e-01 1.000000000000000000e+00
8.975009611687813083e-01 9.603229527104959473e-01 9.374855824682812866e-01 1.000000000000000000e+00
8.927335640138409634e-01 9.584775086505190611e-01 9.462514417531715516e-01 1.000000000000000000e+00
8.879661668589005075e-01 9.566320645905420639e-01 9.550173010380620386e-01 1.000000000000000000e+00
8.831987697039601626e-01 9.547866205305651777e-01 9.637831603229524147e-01 1.000000000000000000e+00
8.784313725490197067e-01 9.529411764705881804e-01 9.725490196078429017e-01 1.000000000000000000e+00
8.702806612841217371e-01 9.489427143406382603e-01 9.702422145328720715e-01 1.000000000000000000e+00
8.621299500192235454e-01 9.449442522106882292e-01 9.679354094579009082e-01 1.000000000000000000e+00
8.539792387543254648e-01 9.409457900807381980e-01 9.656286043829297450e-01 1.000000000000000000e+00
8.458285274894273842e-01 9.369473279507882779e-01 9.633217993079585817e-01 1.000000000000000000e+00
8.376778162245291925e-01 9.329488658208382468e-01 9.610149942329873074e-01 1.000000000000000000e+00
8.295271049596311119e-01 9.289504036908882156e-01 9.587081891580161441e-01 1.000000000000000000e+00
8.213763936947330313e-01 9.249519415609381845e-01 9.564013840830449809e-01 1.000000000000000000e+00
8.132256824298348397e-01 9.209534794309881534e-01 9.540945790080738176e-01 1.000000000000000000e+00
8.050749711649367590e-01 9.169550173010381222e-01 9.517877739331026543e-01 1.000000000000000000e+00
7.969242599000386784e-01 9.129565551710880911e-01 9.494809688581314910e-01 1.000000000000000000e+00
7.887735486351408198e-01 9.089580930411381710e-01 9.471741637831604388e-01 1.000000000000000000e+00
7.806228373702424062e-01 9.049596309111880288e-01 9.448673587081891645e-01 1.000000000000000000e+00
7.724721261053443255e-01 9.009611687812381087e-01 9.425605536332180012e-01 1.000000000000000000e+00
7.643214148404461339e-01 8.969627066512880775e-01 9.402537485582468380e-01 1.000000000000000000e+00
7.561707035755480533e-01 8.929642445213380464e-01 9.379469434832756747e-01 1.000000000000000000e+00
7.480199923106499726e-01 8.889657823913880152e-01 9.356401384083045114e-01 1.000000000000000000e+00
7.398692810457518920e-01 8.849673202614379841e-01 9.333333333333333481e-01 1.000000000000000000e+00
7.317185697808537004e-01 8.809688581314879530e-01 9.310265282583621849e-01 1.000000000000000000e+00
7.235678585159556198e-01 8.769703960015379218e-01 9.287197231833910216e-01 1.000000000000000000e+00
7.154171472510575391e-01 8.729719338715878907e-01 9.264129181084198583e-01 1.000000000000000000e+00
7.072664359861593475e-01 8.689734717416379706e-01 9.241061130334486950e-01 1.000000000000000000e+00
6.991157247212612669e-01 8.649750096116879394e-01 9.217993079584775318e-01 1.000000000000000000e+00
6.909650134563631863e-01 8.609765474817379083e-01 9.194925028835063685e-01 1.000000000000000000e+00
6.828143021914649946e-01 8.569780853517878771e-01 9.171856978085352052e-01 1.000000000000000000e+00
6.746635909265669140e-01 8.529796232218378460e-01 9.148788927335640420e-01 1.000000000000000000e+00
6.663590926566707040e-01 8.475970780469052057e-01 9.118800461361016296e-01 1.000000000000000000e+00
6.579008073817766977e-01 8.408304498269899563e-01 9.081891580161478572e-01 1.000000000000000000e+00
6.494425221068821363e-01 8.340638216070743738e-01 9.044982698961938627e-01 1.000000000000000000e+00
6.409842368319879080e-01 8.272971933871589023e-01 9.008073817762399793e-01 1.000000000000000000e+00
6.325259515570935687e-01 8.205305651672435419e-01 8.971164936562860959e-01 1.000000000000000000e+00
6.240676662821993403e-01 8.137639369473280704e-01 8.934256055363322124e-01 1.000000000000000000e+00
6.156093810073050010e-01 8.069973087274127099e-01 8.897347174163783290e-01 1.000000000000000000e+00
6.071510957324107727e-01 8.002306805074972385e-01 8.860438292964244456e-01 1.000000000000000000e+00
5.986928104575164333e-01 7.934640522875817670e-01 8.823529411764706731e-01 1.000000000000000000e+00
5.902345251826222050e-01 7.866974240676664065e-01 8.786620530565167897e-01 1.000000000000000000e+00
5.817762399077278657e-01 7.799307958477509350e-01 8.749711649365629063e-01 1.000000000000000000e+00
5.733179546328336373e-01 7.731641676278355746e-01 8.712802768166090228e-01 1.000000000000000000e+00
5.648596693579392980e-01 7.663975394079201031e-01 8.675893886966551394e-01 1.000000000000000000e+00
5.564013840830450697e-01 7.596309111880047427e-01 8.638985005767012559e-01 1.000000000000000000e+00
5.479430988081508414e-01 7.528642829680892712e-01 8.602076124567473725e-01 1.000000000000000000e+00
5.394848135332565020e-01 7.460976547481739107e-01 8.565167243367936001e-01 1.000000000000000000e+00
5.310265282583622737e-01 7.393310265282584393e-01 8.528258362168397166e-01 1.000000000000000000e+00
5.225682429834681564e-01 7.325643983083431898e-01 8.491349480968859442e-01 1.000000000000000000e+00
5.141099577085737060e-01 7.257977700884276073e-01 8.454440599769319498e-01 1.000000000000000000e+00
5.056516724336793667e-01 7.190311418685121359e-01 8.417531718569780663e-01 1.000000000000000000e+00
4.971933871587851383e-01 7.122645136485967754e-01 8.380622837370241829e-01 1.000000000000000000e+00
4.887351018838908545e-01 7.054978854286813039e-01 8.343713956170704105e-01 1.000000000000000000e+00
4.802768166089965707e-01 6.987312572087659435e-01 8.306805074971165270e-01 1.000000000000000000e+00
4.718185313341022313e-01 6.919646289888504720e-01 8.269896193771626436e-01 1.000000000000000000e+00
4.633602460592080030e-01 6.851980007689351115e-01 8.232987312572087601e-01 1.000000000000000000e+00
4.549019607843137192e-01 6.784313725490196401e-01 8.196078431372548767e-01 1.000000000000000000e+00
4.476739715494040817e-01 6.698193002691272824e-01 8.151480199923106795e-01 1.000000000000000000e+00
4.404459823144944441e-01 6.612072279892349247e-01 8.106881968473663713e-01 1.000000000000000000e+00
4.332179930795847511e-01 6.525951557093425670e-01 8.062283737024221741e-01 1.000000000000000000e+00
4.259900038446751136e-01 6.439830834294502093e-01 8.017685505574778659e-01 1.000000000000000000e+00
4.187620146097654761e-01 6.353710111495578516e-01 7.973087274125336688e-01 1.000000000000000000e+00
4.115340253748558386e-01 6.267589388696654940e-01 7.928489042675893606e-01 1.000000000000000000e+00
4.043060361399461455e-01 6.181468665897731363e-01 7.883890811226451634e-01 1.000000000000000000e+00
3.970780469050367301e-01 6.095347943098811117e-01 7.839292579777009662e-01 1.000000000000000000e+00
3.898500576701268705e-01 6.009227220299884209e-01 7.794694348327566580e-01 1.000000000000000000e+00
3.826220684352172330e-01 5.923106497500961742e-01 7.750096116878123498e-01 1.000000000000000000e+00
3.753940792003075400e-01 5.836985774702038166e-01 7.705497885428681526e-01 1.000000000000000000e+00
3.681660899653979024e-01 5.750865051903114589e-01 7.660899653979238444e-01 1.000000000000000000e+00
3.609381007304882649e-01 5.664744329104191012e-01 7.616301422529796472e-01 1.000000000000000000e+00
3.537101114955786274e-01 5.578623606305267435e-01 7.571703191080353390e-01 1.000000000000000000e+00
3.464821222606689899e-01 5.492502883506343858e-01 7.527104959630911418e-01 1.000000000000000000e+00
3.392541330257592969e-01 5.406382160707420281e-01 7.482506728181468336e-01 1.000000000000000000e+00
3.320261437908496593e-01 5.320261437908496704e-01 7.437908496732026364e-01 1.000000000000000000e+00
3.247981545559399663e-01 5.234140715109573128e-01 7.393310265282584393e-01 1.000000000000000000e+00
3.175701653210303288e-01 5.148019992310649551e-01 7.348712033833141311e-01 1.000000000000000000e+00
3.103421760861206913e-01 5.061899269511725974e-01 7.304113802383699339e-01 1.000000000000000000e+00
3.031141868512110538e-01 4.975778546712802397e-01 7.259515570934256257e-01 1.000000000000000000e+00
2.958861976163014162e-01 4.889657823913878820e-01 7.214917339484814285e-01 1.000000000000000000e+00
2.886582083813917787e-01 4.803537101114955243e-01 7.170319108035371203e-01 1.000000000000000000e+00
2.814302191464823077e-01 4.717416378316034997e-01 7.125720876585930341e-01 1.000000000000000000e+00
2.742022299115725037e-01 4.631295655517108645e-01 7.081122645136486149e-01 1.000000000000000000e+00
2.690503652441368354e-01 4.539792387543252206e-01 7.034986543637062884e-01 1.000000000000000000e+00
2.659746251441753029e-01 4.442906574394463459e-01 6.987312572087659435e-01 1.000000000000000000e+00
2.628988850442137704e-01 4.346020761245674713e-01 6.939638600538254876e-01 1.000000000000000000e+00
2.598231449442521823e-01 4.249134948096885411e-01 6.891964628988851427e-01 1.000000000000000000e+00
2.567474048442906498e-01 4.152249134948096665e-01 6.844290657439446868e-01 1.000000000000000000e+00
2.536716647443291173e-01 4.055363321799307919e-01 6.796616685890042309e-01 1.000000000000000000e+00
2.505959246443675292e-01 3.958477508650518617e-01 6.748942714340638860e-01 1.000000000000000000e+00
2.475201845444059967e-01 3.861591695501729871e-01 6.701268742791234301e-01 1.000000000000000000e+00
2.444444444444444364e-01 3.764705882352941124e-01 6.653594771241830852e-01 1.000000000000000000e+00
2.413687043444828761e-01 3.667820069204151823e-01 6.605920799692426293e-01 1.000000000000000000e+00
2.382929642445213436e-01 3.570934256055363076e-01 6.558246828143022844e-01 1.000000000000000000e+00
2.352172241445597833e-01 3.474048442906574330e-01 6.510572856593618285e-01 1.000000000000000000e+00
2.321414840445982231e-01 3.377162629757785584e-01 6.462898885044213726e-01 1.000000000000000000e+00
2.290657439446366905e-01 3.280276816608996282e-01 6.415224913494810277e-01 1.000000000000000000e+00
2.259900038446752135e-01 3.183391003460210311e-01 6.367550941945407939e-01 1.000000000000000000e+00
2.229142637447135700e-01 3.086505190311418789e-01 6.319876970396002269e-01 1.000000000000000000e+00
2.198385236447520097e-01 2.989619377162629488e-01 6.272202998846597710e-01 1.000000000000000000e+00
2.167627835447904772e-01 2.892733564013840741e-01 6.224529027297194261e-01 1.000000000000000000e+00
2.136870434448289169e-01 2.795847750865051995e-01 6.176855055747789702e-01 1.000000000000000000e+00
2.106113033448673844e-01 2.698961937716263249e-01 6.129181084198385143e-01 1.000000000000000000e+00
2.075355632449057963e-01 2.602076124567473947e-01 6.081507112648981694e-01 1.000000000000000000e+00
2.044598231449442638e-01 2.505190311418684646e-01 6.033833141099577135e-01 1.000000000000000000e+00
2.013840830449827035e-01 2.408304498269896177e-01 5.986159169550173687e-01 1.000000000000000000e+00
1.983083429450211432e-01 2.311418685121107430e-01 5.938485198000769127e-01 1.000000000000000000e+00
1.952326028450596107e-01 2.214532871972318129e-01 5.890811226451364568e-01 1.000000000000000000e+00
1.921568627450980504e-01 2.117647058823529382e-01 5.843137254901961120e-01 1.000000000000000000e+00
