4.039215686274509887e-01 0.000000000000000000e+00 5.098039215686273745e-02 1.000000000000000000e+00
4.115494040753556182e-01 1.845444059976931962e-03 5.196462898885043091e-02 1.000000000000000000e+00
4.191772395232603032e-01 3.690888119953863924e-03 5.294886582083813131e-02 1.000000000000000000e+00
4.268050749711649328e-01 5.536332179930795669e-03 5.393310265282582477e-02 1.000000000000000000e+00
4.344329104190696178e-01 7.381776239907727848e-03 5.491733948481352517e-02 1.000000000000000000e+00
4.420607458669742473e-01 9.227220299884660026e-03 5.590157631680121864e-02 1.000000000000000000e+00
4.496885813148788769e-01 1.107266435986159134e-02 5.688581314878891904e-02 1.000000000000000000e+00
4.573164167627835619e-01 1.291810841983852265e-02 5.787004998077661250e-02 1.000000000000000000e+00
4.649442522106881914e-01 1.476355247981545570e-02 5.885428681276431290e-02 1.000000000000000000e+00
4.725720876585928765e-01 1.660899653979238874e-02 5.983852364475200636e-02 1.000000000000000000e+00
4.801999231064975060e-01 1.845444059976932005e-02 6.082276047673970676e-02 1.000000000000000000e+00
4.878277585544021910e-01 2.029988465974625136e-02 6.180699730872740022e-02 1.000000000000000000e+00
4.954555940023068206e-01 2.214532871972318268e-02 6.279123414071509368e-02 1.000000000000000000e+00
5.030834294502114501e-01 2.399077277970011399e-02 6.377547097270279408e-02 1.000000000000000000e+00
5.107112648981161351e-01 2.583621683967704530e-02 6.475970780469049448e-02 1.000000000000000000e+00
5.183391003460208202e-01 2.768166089965398008e-02 6.574394463667819488e-02 1.000000000000000000e+00
5.259669357939253942e-01 2.952710495963091139e-02 6.672818146866588140e-02 1.000000000000000000e+00
5.335947712418300792e-01 3.137254901960784270e-02 6.771241830065358180e-02 1.000000000000000000e+00
5.412226066897347643e-01 3.321799307958477748e-02 6.869665513264128220e-02 1.000000000000000000e+00
5.488504421376394493e-01 3.506343713956170532e-02 6.968089196462898260e-02 1.000000000000000000e+00
5.564782775855440233e-01 3.690888119953864011e-02 7.066512879661666913e-02 1.000000000000000000e+00
5.641061130334487084e-01 3.875432525951556795e-02 7.164936562860436953e-02 1.000000000000000000e+00
5.717339484813532824e-01 4.059976931949250273e-02 7.263360246059206993e-02 1.000000000000000000e+00
5.793617839292579674e-01 4.244521337946943057e-02 7.361783929257975645e-02 1.000000000000000000e+00
5.869896193771626525e-01 4.429065743944636535e-02 7.460207612456745685e-02 1.000000000000000000e+00
5.946174548250673375e-01 4.613610149942330013e-02 7.558631295655515725e-02 1.000000000000000000e+00
6.022452902729720225e-01 4.798154555940022797e-02 7.657054978854285765e-02 1.000000000000000000e+00
6.098731257208765966e-01 4.982698961937716275e-02 7.755478662053055805e-02 1.000000000000000000e+00
6.175009611687812816e-01 5.167243367935409060e-02 7.853902345251824457e-02 1.000000000000000000e+00
6.251287966166858556e-01 5.351787773933102538e-02 7.952326028450594497e-02 1.000000000000000000e+00
6.327566320645905407e-01 5.536332179930796016e-02 8.050749711649364537e-02 1.000000000000000000e+00
6.403844675124952257e-01 5.720876585928488800e-02 8.149173394848133190e-02 1.000000000000000000e+00
6.476432141484045335e-01 5.896193771626297153e-02 8.247597078046903230e-02 1.000000000000000000e+00
6.523183391003459786e-01 6.006920415224912407e-02 8.346020761245673270e-02 1.000000000000000000e+00
6.569934640522876457e-01 6.117647058823529049e-02 8.444444444444443310e-02 1.000000000000000000e+00
6.616685890042292018e-01 6.228373702422144997e-02 8.542868127643213350e-02 1.000000000000000000e+00
6.663437139561707578e-01 6.339100346020760945e-02 8.641291810841982002e-02 1.000000000000000000e+00
6.710188389081122029e-01 6.449826989619376894e-02 8.739715494040752042e-02 1.000000000000000000e+00
6.756939638600538700e-01 6.560553633217992842e-02 8.838139177239522082e-02 1.000000000000000000e+00
6.803690888119954261e-01 6.671280276816608790e-02 8.936562860438292122e-02 1.000000000000000000e+00
6.850442137639369822e-01 6.782006920415224738e-02 9.034986543637060774e-02 1.000000000000000000e+00
6.897193387158784272e-01 6.892733564013839298e-02 9.133410226835830814e-02 1.000000000000000000e+00
6.943944636678200943e-01 7.003460207612456634e-02 9.231833910034600854e-02 1.000000000000000000e+00
6.990695886197616504e-01 7.114186851211072582e-02 9.330257593233370894e-02 1.000000000000000000e+00
7.037447135717032065e-01 7.224913494809688530e-02 9.428681276432140934e-02 1.000000000000000000e+00
7.084198385236447626e-01 7.335640138408303090e-02 9.527104959630909586e-02 1.000000000000000000e+00
7.130949634755863187e-01 7.446366782006920426e-02 9.625528642829679626e-02 1.000000000000000000e+00
7.177700884275278748e-01 7.557093425605536374e-02 9.723952326028449666e-02 1.000000000000000000e+00
7.224452133794694308e-01 7.667820069204152322e-02 9.822376009227219706e-02 1.000000000000000000e+00
7.271203383314109869e-01 7.778546712802766883e-02 9.920799692425988359e-02 1.000000000000000000e+00
7.317954632833525430e-01 7.889273356401384218e-02 1.001922337562475840e-01 1.000000000000000000e+00
7.364705882352940991e-01 8.000000000000000167e-02 1.011764705882352844e-01 1.000000000000000000e+00
7.411457131872356552e-01 8.110726643598616115e-02 1.021607074202229848e-01 1.000000000000000000e+00
7.458208381391772113e-01 8.221453287197230675e-02 1.031449442522106713e-01 1.000000000000000000e+00
7.504959630911187674e-01 8.332179930795848011e-02 1.041291810841983856e-01 1.000000000000000000e+00
7.551710880430603234e-01 8.442906574394463959e-02 1.051134179161860721e-01 1.000000000000000000e+00
7.598462129950018795e-01 8.553633217993078519e-02 1.060976547481737725e-01 1.000000000000000000e+00
7.645213379469434356e-01 8.664359861591694467e-02 1.070818915801614590e-01 1.000000000000000000e+00
7.691964628988849917e-01 8.775086505190310415e-02 1.080661284121491733e-01 1.000000000000000000e+00
7.738715878508265478e-01 8.885813148788926363e-02 1.090503652441368598e-01 1.000000000000000000e+00
7.785467128027681039e-01 8.996539792387542311e-02 1.100346020761245602e-01 1.000000000000000000e+00
7.832218377547096599e-01 9.107266435986158259e-02 1.110188389081122606e-01 1.000000000000000000e+00
7.878969627066512160e-01 9.217993079584774208e-02 1.120030757400999610e-01 1.000000000000000000e+00
7.925720876585927721e-01 9.328719723183390156e-02 1.129873125720876614e-01 1.000000000000000000e+00
7.971856978085350987e-01 9.519415609381007282e-02 1.141868512110726652e-01 1.000000000000000000e+00
8.016147635524797366e-01 9.950019223375625166e-02 1.160322952710495931e-01 1.000000000000000000e+00
8.060438292964243745e-01 1.038062283737023611e-01 1.178777393310264932e-01 1.000000000000000000e+00
8.104728950403690124e-01 1.081122645136485955e-01 1.197231833910034626e-01 1.000000000000000000e+00
8.149019607843136503e-01 1.124183006535947743e-01 1.215686274509803905e-01 1.000000000000000000e+00
8.193310265282582883e-01 1.167243367935409393e-01 1.234140715109573183e-01 1.000000000000000000e+00
8.237600922722029262e-01 1.210303729334871181e-01 1.252595155709342600e-01 1.000000000000000000e+00
8.281891580161475641e-01 1.253364090734332970e-01 1.271049596309111740e-01 1.000000000000000000e+00
8.326182237600922020e-01 1.296424452133794758e-01 1.289504036908881157e-01 1.000000000000000000e+00
8.370472895040368400e-01 1.339484813533256546e-01 1.307958477508650574e-01 1.000000000000000000e+00
8.414763552479814779e-01 1.382545174932717780e-01 1.326412918108419436e-01 1.000000000000000000e+00
8.459054209919261158e-01 1.425605536332180123e-01 1.344867358708189131e-01 1.000000000000000000e+00
8.503344867358707537e-01 1.468665897731641912e-01 1.363321799307958548e-01 1.000000000000000000e+00
8.547635524798153916e-01 1.511726259131103423e-01 1.381776239907727688e-01 1.000000000000000000e+00
8.591926182237600296e-01 1.554786620530565211e-01 1.400230680507497105e-01 1.000000000000000000e+00
8.636216839677046675e-01 1.597846981930026999e-01 1.418685121107266522e-01 1.000000000000000000e+00
8.680507497116493054e-01 1.640907343329488510e-01 1.437139561707035662e-01 1.000000000000000000e+00
8.724798154555939433e-01 1.683967704728950299e-01 1.455594002306805079e-01 1.000000000000000000e+00
8.769088811995385813e-01 1.727028066128411532e-01 1.474048442906574219e-01 1.000000000000000000e+00
8.813379469434832192e-01 1.770088427527873876e-01 1.492502883506343636e-01 1.000000000000000000e+00
8.857670126874278571e-01 1.813148788927335664e-01 1.510957324106113053e-01 1.000000000000000000e+00
8.901960784313724950e-01 1.856209150326797452e-01 1.529411764705882470e-01 1.000000000000000000e+00
8.946251441753171330e-01 1.899269511726259241e-01 1.547866205305651610e-01 1.000000000000000000e+00
8.990542099192617709e-01 1.942329873125721029e-01 1.566320645905421027e-01 1.000000000000000000e+00
9.034832756632064088e-01 1.985390234525182818e-01 1.584775086505190167e-01 1.000000000000000000e+00
9.079123414071510467e-01 2.028450595924644329e-01 1.603229527104959584e-01 1.000000000000000000e+00
9.123414071510956846e-01 2.071510957324105562e-01 1.621683967704728724e-01 1.000000000000000000e+00
9.167704728950403226e-01 2.114571318723567905e-01 1.640138408304498141e-01 1.000000000000000000e+00
9.211995386389849605e-01 2.157631680123029694e-01 1.658592848904267558e-01 1.000000000000000000e+00
9.256286043829295984e-01 2.200692041522491482e-01 1.677047289504036698e-01 1.000000000000000000e+00
9.300576701268742363e-01 2.243752402921953271e-01 1.695501730103806115e-01 1.000000000000000000e+00
9.344867358708188743e-01 2.286812764321414781e-01 1.713956170703575532e-01 1.000000000000000000e+00
9.378085351787773805e-01 2.335409457900807506e-01 1.739331026528258273e-01 1.000000000000000000e+00
9.392848904267588894e-01 2.393233371780084662e-01 1.776239907727797107e-01 1.000000000000000000e+00
9.407612456747405094e-01 2.451057285659360985e-01 1.813148788927335109e-01 1.000000000000000000e+00
9.422376009227220184e-01 2.508881199538638973e-01 1.850057670126874221e-01 1.000000000000000000e+00
9.437139561707035273e-01 2.566705113417916406e-01 1.886966551326413055e-01 1.000000000000000000e+00
9.451903114186851473e-01 2.624529027297193284e-01 1.923875432525951612e-01 1.000000000000000000e+00
9.466666666666666563e-01 2.682352941176470718e-01 1.960784313725490169e-01 1.000000000000000000e+00
9.481430219146481653e-01 2.740176855055748151e-01 1.997693194925029003e-01 1.000000000000000000e+00
9.496193771626297853e-01 2.798000768935025029e-01 2.034602076124567560e-01 1.000000000000000000e+00
9.510957324106112942e-01 2.855824682814302462e-01 2.071510957324106117e-01 1.000000000000000000e+00
9.525720876585928032e-01 2.913648596693578785e-01 2.108419838523644396e-01 1.000000000000000000e+00
9.540484429065744232e-01 2.971472510572856773e-01 2.145328719723183508e-01 1.000000000000000000e+00
9.555247981545559322e-01 3.029296424452133651e-01 2.182237600922722065e-01 1.000000000000000000e+00
9.570011534025374411e-01 3.087120338331411085e-01 2.219146482122260622e-01 1.000000000000000000e+00
9.584775086505190611e-01 3.144944252210688518e-01 2.256055363321799456e-01 1.000000000000000000e+00
9.599538638985005701e-01 3.202768166089965396e-01 2.292964244521338013e-01 1.000000000000000000e+00
9.614302191464820790e-01 3.260592079969242829e-01 2.329873125720876570e-01 1.000000000000000000e+00
9.629065743944635880e-01 3.318415993848519707e-01 2.366782006920415404e-01 1.000000000000000000e+00
9.643829296424452080e-01 3.376239907727796030e-01 2.403690888119953406e-01 1.000000000000000000e+00
9.658592848904267170e-01 3.434063821607074019e-01 2.440599769319492518e-01 1.000000000000000000e+00
9.673356401384082259e-01 3.491887735486351452e-01 2.477508650519031352e-01 1.000000000000000000e+00
9.688119953863898459e-01 3.549711649365628885e-01 2.514417531718570187e-01 1.000000000000000000e+00
9.702883506343713549e-01 3.607535563244905763e-01 2.551326412918108466e-01 1.000000000000000000e+00
9.717647058823528639e-01 3.665359477124183196e-01 2.588235294117647300e-01 1.000000000000000000e+00
9.732410611303344838e-01 3.723183391003460629e-01 2.625144175317185580e-01 1.000000000000000000e+00
9.747174163783159928e-01 3.781007304882737508e-01 2.662053056516724414e-01 1.000000000000000000e+00
9.761937716262975018e-01 3.838831218762013830e-01 2.698961937716262693e-01 1.000000000000000000e+00
9.776701268742791218e-01 3.896655132641291819e-01 2.735870818915802083e-01 1.000000000000000000e+00
9.791464821222606307e-01 3.954479046520569252e-01 2.772779700115340362e-01 1.000000000000000000e+00
9.806228373702421397e-01 4.012302960399846130e-01 2.809688581314879197e-01 1.000000000000000000e+00
9.820991926182236487e-01 4.070126874279123563e-01 2.846597462514417476e-01 1.000000000000000000e+00
9.843752402921952527e-01 4.181468665897731807e-01 2.926566705113418099e-01 1.000000000000000000e+00
9.844982698961937118e-01 4.230680507497116549e-01 2.975778546712802841e-01 1.000000000000000000e+00
9.846212995001921708e-01 4.279892349096501292e-01 3.024990388312187584e-01 1.000000000000000000e+00
9.847443291041906299e-01 4.329104190695886589e-01 3.074202229911572881e-01 1.000000000000000000e+00
9.848673587081890890e-01 4.378316032295269666e-01 3.123414071510955958e-01 1.000000000000000000e+00
9.849903883121875481e-01 4.427527873894656074e-01 3.172625913110342366e-01 1.000000000000000000e+00
9.851134179161860072e-01 4.476739715494040817e-01 3.221837754709727109e-01 1.000000000000000000e+00
9.852364475201844662e-01 4.525951557093425559e-01 3.271049596309112406e-01 1.000000000000000000e+00
9.853594771241829253e-01 4.575163398692810302e-01 3.320261437908497149e-01 1.000000000000000000e+00
9.854825067281814954e-01 4.624375240292195599e-01 3.369473279507881891e-01 1.000000000000000000e+00
9.856055363321799545e-01 4.673587081891580342e-01 3.418685121107266633e-01 1.000000000000000000e+00
9.857285659361784136e-01 4.722798923490965084e-01 3.467896962706651376e-01 1.000000000000000000e+00
9.858515955401768727e-01 4.772010765090349826e-01 3.517108804306036118e-01 1.000000000000000000e+00
9.859746251441753317e-01 4.821222606689734569e-01 3.566320645905421416e-01 1.000000000000000000e+00
9.860976547481737908e-01 4.870434448289119311e-01 3.615532487504806158e-01 1.000000000000000000e+00
9.862206843521722499e-01 4.919646289888504054e-01 3.664744329104190901e-01 1.000000000000000000e+00
9.863437139561707090e-01 4.968858131487889351e-01 3.713956170703575643e-01 1.000000000000000000e+00
9.864667435601691681e-01 5.018069973087273539e-01 3.763168012302960941e-01 1.000000000000000000e+00
9.865897731641676272e-01 5.067281814686659391e-01 3.812379853902345683e-01 1.000000000000000000e+00
9.867128027681660862e-01 5.116493656286044134e-01 3.861591695501730426e-01 1.000000000000000000e+00
9.868358323721645453e-01 5.165705497885426656e-01 3.910803537101114058e-01 1.000000000000000000e+00
9.869588619761630044e-01 5.214917339484813619e-01 3.960015378700499911e-01 1.000000000000000000e+00
9.870818915801614635e-01 5.264129181084198361e-01 4.009227220299884653e-01 1.000000000000000000e+00
9.872049211841599226e-01 5.313341022683583104e-01 4.058439061899269951e-01 1.000000000000000000e+00
9.873279507881583816e-01 5.362552864282967846e-01 4.107650903498654693e-01 1.000000000000000000e+00
9.874509803921568407e-01 5.411764705882352589e-01 4.156862745098039436e-01 1.000000000000000000e+00
9.875740099961552998e-01 5.460976547481737331e-01 4.206074586697424733e-01 1.000000000000000000e+00
9.876970396001538699e-01 5.510188389081122073e-01 4.255286428296809476e-01 1.000000000000000000e+00
9.878200692041523290e-01 5.559400230680506816e-01 4.304498269896194218e-01 1.000000000000000000e+00
9.879430988081507881e-01 5.608612072279892669e-01 4.353710111495578960e-01 1.000000000000000000e+00
9.880661284121492471e-01 5.657823913879276301e-01 4.402921953094963703e-01 1.000000000000000000e+00
9.881891580161477062e-01 5.707035755478662153e-01 4.452133794694348445e-01 1.000000000000000000e+00
9.882352941176471006e-01 5.757016532103036432e-01 4.506728181468666050e-01 1.000000000000000000e+00
9.882352941176471006e-01 5.807458669742406876e-01 4.564552095347943483e-01 1.000000000000000000e+00
9.882352941176471006e-01 5.857900807381776209e-01 4.622376009227220361e-01 1.000000000000000000e+00
9.882352941176471006e-01 5.908342945021145542e-01 4.680199923106497795e-01 1.000000000000000000e+00
9.882352941176471006e-01 5.958785082660513766e-01 4.738023836985773007e-01 1.000000000000000000e+00
9.882352941176471006e-01 6.009227220299884209e-01 4.795847750865052106e-01 1.000000000000000000e+00
9.882352941176471006e-01 6.059669357939253542e-01 4.853671664744328984e-01 1.000000000000000000e+00
9.882352941176471006e-01 6.110111495578622876e-01 4.911495578623606417e-01 1.000000000000000000e+00
9.882352941176471006e-01 6.160553633217992209e-01 4.969319492502883850e-01 1.000000000000000000e+00
9.882352941176471006e-01 6.210995770857361542e-01 5.027143406382160729e-01 1.000000000000000000e+00
9.882352941176471006e-01 6.261437908496731986e-01 5.084967320261437607e-01 1.000000000000000000e+00
9.882352941176471006e-01 6.311880046136101319e-01 5.142791234140715595e-01 1.000000000000000000e+00
9.882352941176471006e-01 6.362322183775470652e-01 5.200615148019992473e-01 1.000000000000000000e+00
9.882352941176471006e-01 6.412764321414839985e-01 5.258439061899269351e-01 1.000000000000000000e+00
9.882352941176471006e-01 6.463206459054209319e-01 5.316262975778546229e-01 1.000000000000000000e+00
9.882352941176471006e-01 6.513648596693578652e-01 5.374086889657824218e-01 1.000000000000000000e+00
9.882352941176471006e-01 6.564090734332947985e-01 5.431910803537101096e-01 1.000000000000000000e+00
9.882352941176471006e-01 6.614532871972318429e-01 5.489734717416377974e-01 1.000000000000000000e+00
9.882352941176471006e-01 6.664975009611687762e-01 5.547558631295655962e-01 1.000000000000000000e+00
9.882352941176471006e-01 6.715417147251057095e-01 5.605382545174932840e-01 1.000000000000000000e+00
9.882352941176471006e-01 6.765859284890425318e-01 5.663206459054208608e-01 1.000000000000000000e+00
9.882352941176471006e-01 6.816301422529795762e-01 5.721030372933486596e-01 1.000000000000000000e+00
9.882352941176471006e-01 6.866743560169165095e-01 5.778854286812764585e-01 1.000000000000000000e+00
9.882352941176471006e-01 6.917185697808534428e-01 5.836678200692041463e-01 1.000000000000000000e+00
9.882352941176471006e-01 6.967627835447903761e-01 5.894502114571318341e-01 1.000000000000000000e+00
9.882352941176471006e-01 7.018069973087273095e-01 5.952326028450596329e-01 1.000000000000000000e+00
9.882352941176471006e-01 7.068512110726643538e-01 6.010149942329873207e-01 1.000000000000000000e+00
9.882352941176471006e-01 7.118954248366012871e-01 6.067973856209150085e-01 1.000000000000000000e+00
9.882352941176471006e-01 7.169396386005382205e-01 6.125797770088428074e-01 1.000000000000000000e+00
9.882352941176471006e-01 7.219838523644751538e-01 6.183621683967704952e-01 1.000000000000000000e+00
9.882352941176471006e-01 7.270280661284120871e-01 6.241445597846981830e-01 1.000000000000000000e+00
9.882352941176471006e-01 7.320722798923490204e-01 6.299269511726258708e-01 1.000000000000000000e+00
9.884198385236447892e-01 7.367474048442905765e-01 6.358938869665513582e-01 1.000000000000000000e+00
9.886658977316417074e-01 7.412995001922336735e-01 6.419223375624759642e-01 1.000000000000000000e+00
9.889119569396386256e-01 7.458515955401767705e-01 6.479507881584005702e-01 1.000000000000000000e+00
9.891580161476355437e-01 7.504036908881198675e-01 6.539792387543252872e-01 1.000000000000000000e+00
9.894040753556324619e-01 7.549557862360628535e-01 6.600076893502496711e-01 1.000000000000000000e+00
9.896501345636293800e-01 7.595078815840060615e-01 6.660361399461744991e-01 1.000000000000000000e+00
9.898961937716262982e-01 7.640599769319491585e-01 6.720645905420992161e-01 1.000000000000000000e+00
9.901422529796232164e-01 7.686120722798922555e-01 6.780930411380238221e-01 1.000000000000000000e+00
9.903883121876201345e-01 7.731641676278353525e-01 6.841214917339484280e-01 1.000000000000000000e+00
9.906343713956170527e-01 7.777162629757785606e-01 6.901499423298731450e-01 1.000000000000000000e+00
9.908804306036140819e-01 7.822683583237216576e-01 6.961783929257977510e-01 1.000000000000000000e+00
9.911264898116110000e-01 7.868204536716647546e-01 7.022068435217223570e-01 1.000000000000000000e+00
9.913725490196079182e-01 7.913725490196078516e-01 7.082352941176470740e-01 1.000000000000000000e+00
9.916186082276048364e-01 7.959246443675509486e-01 7.142637447135716799e-01 1.000000000000000000e+00
9.918646674356017545e-01 8.004767397154940456e-01 7.202921953094962859e-01 1.000000000000000000e+00
9.921107266435986727e-01 8.050288350634371426e-01 7.263206459054210029e-01 1.000000000000000000e+00
9.923567858515955908e-01 8.095809304113802396e-01 7.323490965013456089e-01 1.000000000000000000e+00
9.926028450595925090e-01 8.141330257593233366e-01 7.383775470972702148e-01 1.000000000000000000e+00
9.928489042675894272e-01 8.186851211072664336e-01 7.444059976931949318e-01 1.000000000000000000e+00
9.930949634755863453e-01 8.232372164552095306e-01 7.504344482891195378e-01 1.000000000000000000e+00
9.933410226835832635e-01 8.277893118031525166e-01 7.564628988850440328e-01 1.000000000000000000e+00
9.935870818915801816e-01 8.323414071510957246e-01 7.624913494809688608e-01 1.000000000000000000e+00
9.938331410995770998e-01 8.368935024990388216e-01 7.685198000768934667e-01 1.000000000000000000e+00
9.940792003075740180e-01 8.414455978469819186e-01 7.745482506728180727e-01 1.000000000000000000e+00
9.943252595155709361e-01 8.459976931949250156e-01 7.805767012687427897e-01 1.000000000000000000e+00
9.945713187235678543e-01 8.505497885428681126e-01 7.866051518646673957e-01 1.000000000000000000e+00
9.948173779315647725e-01 8.551018838908112096e-01 7.926336024605920016e-01 1.000000000000000000e+00
9.950634371395616906e-01 8.596539792387543066e-01 7.986620530565167186e-01 1.000000000000000000e+00
9.953094963475586088e-01 8.642060745866974036e-01 8.046905036524413246e-01 1.000000000000000000e+00
9.955555555555555269e-01 8.687581699346405006e-01 8.107189542483659306e-01 1.000000000000000000e+00
9.958016147635524451e-01 8.733102652825835976e-01 8.167474048442906476e-01 1.000000000000000000e+00
9.960476739715493633e-01 8.778623606305266946e-01 8.227758554402152535e-01 1.000000000000000000e+00
9.961860822760476575e-01 8.806920415224913645e-01 8.267589388696654495e-01 1.000000000000000000e+00
9.963091118800461166e-01 8.832756632064590052e-01 8.304498269896193330e-01 1.000000000000000000e+00
9.964321414840445756e-01 8.858592848904267569e-01 8.341407151095732164e-01 1.000000000000000000e+00
9.965551710880430347e-01 8.884429065743945086e-01 8.378316032295270999e-01 1.000000000000000000e+00
9.966782006920414938e-01 8.910265282583620383e-01 8.415224913494808723e-01 1.000000000000000000e+00
9.968012302960399529e-01 8.936101499423299011e-01 8.452133794694347557e-01 1.000000000000000000e+00
9.969242599000384120e-01 8.961937716262975417e-01 8.489042675893886392e-01 1.000000000000000000e+00
9.970472895040368710e-01 8.987773933102652935e-01 8.525951557093425226e-01 1.000000000000000000e+00
9.971703191080353301e-01 9.013610149942329341e-01 8.562860438292964060e-01 1.000000000000000000e+00
9.972933487120337892e-01 9.039446366782006859e-01 8.599769319492502895e-01 1.000000000000000000e+00
9.974163783160323593e-01 9.065282583621684376e-01 8.636678200692041729e-01 1.000000000000000000e+00
9.975394079200308184e-01 9.091118800461360783e-01 8.673587081891579453e-01 1.000000000000000000e+00
9.976624375240292775e-01 9.116955017301038300e-01 8.710495963091118288e-01 1.000000000000000000e+00
9.977854671280277365e-01 9.142791234140714707e-01 8.747404844290657122e-01 1.000000000000000000e+00
9.979084967320261956e-01 9.168627450980392224e-01 8.784313725490195957e-01 1.000000000000000000e+00
9.980315263360246547e-01 9.194463667820069741e-01 8.821222606689734791e-01 1.000000000000000000e+00
9.981545559400231138e-01 9.220299884659746148e-01 8.858131487889273625e-01 1.000000000000000000e+00
9.982775855440215729e-01 9.246136101499423665e-01 8.895040369088811349e-01 1.000000000000000000e+00
9.984006151480200320e-01 9.271972318339100072e-01 8.931949250288350184e-01 1.000000000000000000e+00
9.985236447520184910e-01 9.297808535178777589e-01 8.968858131487889018e-01 1.000000000000000000e+00
9.986466743560169501e-01 9.323644752018453996e-01 9.005767012687426742e-01 1.000000000000000000e+00
9.987697039600154092e-01 9.349480968858131513e-01 9.042675893886966687e-01 1.000000000000000000e+00
9.988927335640138683e-01 9.375317185697809030e-01 9.079584775086504411e-01 1.000000000000000000e+00
9.990157631680123274e-01 9.401153402537485437e-01 9.116493656286043246e-01 1.000000000000000000e+00
9.991387927720107864e-01 9.426989619377162954e-01 9.153402537485582080e-01 1.000000000000000000e+00
9.992618223760092455e-01 9.452825836216840472e-01 9.190311418685120914e-01 1.000000000000000000e+00
9.993848519800077046e-01 9.478662053056516879e-01 9.227220299884659749e-01 1.000000000000000000e+00
9.995078815840061637e-01 9.504498269896194396e-01 9.264129181084198583e-01 1.000000000000000000e+00
9.996309111880046228e-01 9.530334486735870803e-01 9.301038062283737418e-01 1.000000000000000000e+00
9.997539407920030818e-01 9.556170703575548320e-01 9.337946943483275142e-01 1.000000000000000000e+00
9.998769703960015409e-01 9.582006920415224727e-01 9.374855824682813976e-01 1.000000000000000000e+00
1.000000000000000000e+00 9.607843137254902244e-01 9.411764705882352811e-01 1.000000000000000000e+00
