0.000000000000000000e+00 0.000000000000000000e+00 2.999999999999999889e-01 1.000000000000000000e+00
0.000000000000000000e+00 0.000000000000000000e+00 3.109803921568627394e-01 1.000000000000000000e+00
0.000000000000000000e+00 0.000000000000000000e+00 3.219607843137254899e-01 1.000000000000000000e+00
0.000000000000000000e+00 0.000000000000000000e+00 3.329411764705882404e-01 1.000000000000000000e+00
0.000000000000000000e+00 0.000000000000000000e+00 3.439215686274509354e-01 1.000000000000000000e+00
0.000000000000000000e+00 0.000000000000000000e+00 3.549019607843136859e-01 1.000000000000000000e+00
0.000000000000000000e+00 0.000000000000000000e+00 3.658823529411764364e-01 1.000000000000000000e+00
0.000000000000000000e+00 0.000000000000000000e+00 3.768627450980391869e-01 1.000000000000000000e+00
0.000000000000000000e+00 0.000000000000000000e+00 3.878431372549019374e-01 1.000000000000000000e+00
0.000000000000000000e+00 0.000000000000000000e+00 3.988235294117646879e-01 1.000000000000000000e+00
0.000000000000000000e+00 0.000000000000000000e+00 4.098039215686274384e-01 1.000000000000000000e+00
0.000000000000000000e+00 0.000000000000000000e+00 4.207843137254901889e-01 1.000000000000000000e+00
0.000000000000000000e+00 0.000000000000000000e+00 4.317647058823529393e-01 1.000000000000000000e+00
0.000000000000000000e+00 0.000000000000000000e+00 4.427450980392156898e-01 1.000000000000000000e+00
0.000000000000000000e+00 0.000000000000000000e+00 4.537254901960784403e-01 1.000000000000000000e+00
0.000000000000000000e+00 0.000000000000000000e+00 4.647058823529411908e-01 1.000000000000000000e+00
0.000000000000000000e+00 0.000000000000000000e+00 4.756862745098038858e-01 1.000000000000000000e+00
0.000000000000000000e+00 0.000000000000000000e+00 4.866666666666666363e-01 1.000000000000000000e+00
0.000000000000000000e+00 0.000000000000000000e+00 4.976470588235293868e-01 1.000000000000000000e+00
0.000000000000000000e+00 0.000000000000000000e+00 5.086274509803920818e-01 1.000000000000000000e+00
0.000000000000000000e+00 0.000000000000000000e+00 5.196078431372548323e-01 1.000000000000000000e+00
0.000000000000000000e+00 0.000000000000000000e+00 5.305882352941175828e-01 1.000000000000000000e+00
0.000000000000000000e+00 0.000000000000000000e+00 5.415686274509803333e-01 1.000000000000000000e+00
0.000000000000000000e+00 0.000000000000000000e+00 5.525490196078430838e-01 1.000000000000000000e+00
0.000000000000000000e+00 0.000000000000000000e+00 5.635294117647058343e-01 1.000000000000000000e+00
0.000000000000000000e+00 0.000000000000000000e+00 5.745098039215685848e-01 1.000000000000000000e+00
0.000000000000000000e+00 0.000000000000000000e+00 5.854901960784313353e-01 1.000000000000000000e+00
0.000000000000000000e+00 0.000000000000000000e+00 5.964705882352940858e-01 1.000000000000000000e+00
0.000000000000000000e+00 0.000000000000000000e+00 6.074509803921568363e-01 1.000000000000000000e+00
0.000000000000000000e+00 0.000000000000000000e+00 6.184313725490195868e-01 1.000000000000000000e+00
0.000000000000000000e+00 0.000000000000000000e+00 6.294117647058823373e-01 1.000000000000000000e+00
0.000000000000000000e+00 0.000000000000000000e+00 6.403921568627450878e-01 1.000000000000000000e+00
0.000000000000000000e+00 0.000000000000000000e+00 6.513725490196078383e-01 1.000000000000000000e+00
0.000000000000000000e+00 0.000000000000000000e+00 6.623529411764705888e-01 1.000000000000000000e+00
0.000000000000000000e+00 0.000000000000000000e+00 6.733333333333333393e-01 1.000000000000000000e+00
0.000000000000000000e+00 0.000000000000000000e+00 6.843137254901960898e-01 1.000000000000000000e+00
0.000000000000000000e+00 0.000000000000000000e+00 6.952941176470588402e-01 1.000000000000000000e+00
0.000000000000000000e+00 0.000000000000000000e+00 7.062745098039214797e-01 1.000000000000000000e+00
0.000000000000000000e+00 0.000000000000000000e+00 7.172549019607843412e-01 1.000000000000000000e+00
0.000000000000000000e+00 0.000000000000000000e+00 7.282352941176470917e-01 1.000000000000000000e+00
0.000000000000000000e+00 0.000000000000000000e+00 7.392156862745097312e-01 1.000000000000000000e+00
0.000000000000000000e+00 0.000000000000000000e+00 7.501960784313724817e-01 1.000000000000000000e+00
0.000000000000000000e+00 0.000000000000000000e+00 7.611764705882352322e-01 1.000000000000000000e+00
0.000000000000000000e+00 0.000000000000000000e+00 7.721568627450980937e-01 1.000000000000000000e+00
0.000000000000000000e+00 0.000000000000000000e+00 7.831372549019607332e-01 1.000000000000000000e+00
0.000000000000000000e+00 0.000000000000000000e+00 7.941176470588233727e-01 1.000000000000000000e+00
0.000000000000000000e+00 0.000000000000000000e+00 8.050980392156861232e-01 1.000000000000000000e+00
0.000000000000000000e+00 0.000000000000000000e+00 8.160784313725490957e-01 1.000000000000000000e+00
0.000000000000000000e+00 0.000000000000000000e+00 8.270588235294116242e-01 1.000000000000000000e+00
0.000000000000000000e+00 0.000000000000000000e+00 8.380392156862743747e-01 1.000000000000000000e+00
0.000000000000000000e+00 0.000000000000000000e+00 8.490196078431371252e-01 1.000000000000000000e+00
0.000000000000000000e+00 0.000000000000000000e+00 8.599999999999998757e-01 1.000000000000000000e+00
0.000000000000000000e+00 0.000000000000000000e+00 8.709803921568626262e-01 1.000000000000000000e+00
0.000000000000000000e+00 0.000000000000000000e+00 8.819607843137253766e-01 1.000000000000000000e+00
0.000000000000000000e+00 0.000000000000000000e+00 8.929411764705881271e-01 1.000000000000000000e+00
0.000000000000000000e+00 0.000000000000000000e+00 9.039215686274508776e-01 1.000000000000000000e+00
0.000000000000000000e+00 0.000000000000000000e+00 9.149019607843136281e-01 1.000000000000000000e+00
0.000000000000000000e+00 0.000000000000000000e+00 9.258823529411763786e-01 1.000000000000000000e+00
0.000000000000000000e+00 0.000000000000000000e+00 9.368627450980391291e-01 1.000000000000000000e+00
0.000000000000000000e+00 0.000000000000000000e+00 9.478431372549018796e-01 1.000000000000000000e+00
0.000000000000000000e+00 0.000000000000000000e+00 9.588235294117646301e-01 1.000000000000000000e+00
0.000000000000000000e+00 0.000000000000000000e+00 9.698039215686273806e-01 1.000000000000000000e+00
0.000000000000000000e+00 0.000000000000000000e+00 9.807843137254901311e-01 1.000000000000000000e+00
0.000000000000000000e+00 0.000000000000000000e+00 9.917647058823528816e-01 1.000000000000000000e+00
3.921568627450980338e-03 3.921568627450980338e-03 1.000000000000000000e+00 1.000000000000000000e+00
1.960784313725490169e-02 1.960784313725490169e-02 1.000000000000000000e+00 1.000000000000000000e+00
3.529411764705860100e-02 3.529411764705860100e-02 1.000000000000000000e+00 1.000000000000000000e+00
5.098039215686274439e-02 5.098039215686274439e-02 1.000000000000000000e+00 1.000000000000000000e+00
6.666666666666666574e-02 6.666666666666666574e-02 1.000000000000000000e+00 1.000000000000000000e+00
8.235294117647058709e-02 8.235294117647058709e-02 1.000000000000000000e+00 1.000000000000000000e+00
9.803921568627450844e-02 9.803921568627450844e-02 1.000000000000000000e+00 1.000000000000000000e+00
1.137254901960784298e-01 1.137254901960784298e-01 1.000000000000000000e+00 1.000000000000000000e+00
1.294117647058823650e-01 1.294117647058823650e-01 1.000000000000000000e+00 1.000000000000000000e+00
1.450980392156862864e-01 1.450980392156862864e-01 1.000000000000000000e+00 1.000000000000000000e+00
1.607843137254899857e-01 1.607843137254899857e-01 1.000000000000000000e+00 1.000000000000000000e+00
1.764705882352941291e-01 1.764705882352941291e-01 1.000000000000000000e+00 1.000000000000000000e+00
1.921568627450980504e-01 1.921568627450980504e-01 1.000000000000000000e+00 1.000000000000000000e+00
2.078431372549019718e-01 2.078431372549019718e-01 1.000000000000000000e+00 1.000000000000000000e+00
2.235294117647058931e-01 2.235294117647058931e-01 1.000000000000000000e+00 1.000000000000000000e+00
2.392156862745098145e-01 2.392156862745098145e-01 1.000000000000000000e+00 1.000000000000000000e+00
2.549019607843137081e-01 2.549019607843137081e-01 1.000000000000000000e+00 1.000000000000000000e+00
2.705882352941176294e-01 2.705882352941176294e-01 1.000000000000000000e+00 1.000000000000000000e+00
2.862745098039213287e-01 2.862745098039213287e-01 1.000000000000000000e+00 1.000000000000000000e+00
3.019607843137254721e-01 3.019607843137254721e-01 1.000000000000000000e+00 1.000000000000000000e+00
3.176470588235293935e-01 3.176470588235293935e-01 1.000000000000000000e+00 1.000000000000000000e+00
3.333333333333333148e-01 3.333333333333333148e-01 1.000000000000000000e+00 1.000000000000000000e+00
3.490196078431372362e-01 3.490196078431372362e-01 1.000000000000000000e+00 1.000000000000000000e+00
3.647058823529411575e-01 3.647058823529411575e-01 1.000000000000000000e+00 1.000000000000000000e+00
3.803921568627450789e-01 3.803921568627450789e-01 1.000000000000000000e+00 1.000000000000000000e+00
3.960784313725490002e-01 3.960784313725490002e-01 1.000000000000000000e+00 1.000000000000000000e+00
4.117647058823526995e-01 4.117647058823526995e-01 1.000000000000000000e+00 1.000000000000000000e+00
4.274509803921568429e-01 4.274509803921568429e-01 1.000000000000000000e+00 1.000000000000000000e+00
4.431372549019607643e-01 4.431372549019607643e-01 1.000000000000000000e+00 1.000000000000000000e+00
4.588235294117646856e-01 4.588235294117646856e-01 1.000000000000000000e+00 1.000000000000000000e+00
4.745098039215686070e-01 4.745098039215686070e-01 1.000000000000000000e+00 1.000000000000000000e+00
4.901960784313725283e-01 4.901960784313725283e-01 1.000000000000000000e+00 1.000000000000000000e+00
5.058823529411764497e-01 5.058823529411764497e-01 1.000000000000000000e+00 1.000000000000000000e+00
5.215686274509804266e-01 5.215686274509804266e-01 1.000000000000000000e+00 1.000000000000000000e+00
5.372549019607840703e-01 5.372549019607840703e-01 1.000000000000000000e+00 1.000000000000000000e+00
5.529411764705882693e-01 5.529411764705882693e-01 1.000000000000000000e+00 1.000000000000000000e+00
5.686274509803921351e-01 5.686274509803921351e-01 1.000000000000000000e+00 1.000000000000000000e+00
5.843137254901961120e-01 5.843137254901961120e-01 1.000000000000000000e+00 1.000000000000000000e+00
5.999999999999999778e-01 5.999999999999999778e-01 1.000000000000000000e+00 1.000000000000000000e+00
6.156862745098039547e-01 6.156862745098039547e-01 1.000000000000000000e+00 1.000000000000000000e+00
6.313725490196078205e-01 6.313725490196078205e-01 1.000000000000000000e+00 1.000000000000000000e+00
6.470588235294117974e-01 6.470588235294117974e-01 1.000000000000000000e+00 1.000000000000000000e+00
6.627450980392154412e-01 6.627450980392154412e-01 1.000000000000000000e+00 1.000000000000000000e+00
6.784313725490196401e-01 6.784313725490196401e-01 1.000000000000000000e+00 1.000000000000000000e+00
6.941176470588235059e-01 6.941176470588235059e-01 1.000000000000000000e+00 1.000000000000000000e+00
7.098039215686274828e-01 7.098039215686274828e-01 1.000000000000000000e+00 1.000000000000000000e+00
7.254901960784313486e-01 7.254901960784313486e-01 1.000000000000000000e+00 1.000000000000000000e+00
7.411764705882353255e-01 7.411764705882353255e-01 1.000000000000000000e+00 1.000000000000000000e+00
7.568627450980391913e-01 7.568627450980391913e-01 1.000000000000000000e+00 1.000000000000000000e+00
7.725490196078431682e-01 7.725490196078431682e-01 1.000000000000000000e+00 1.000000000000000000e+00
7.882352941176468120e-01 7.882352941176468120e-01 1.000000000000000000e+00 1.000000000000000000e+00
8.039215686274510109e-01 8.039215686274510109e-01 1.000000000000000000e+00 1.000000000000000000e+00
8.196078431372548767e-01 8.196078431372548767e-01 1.000000000000000000e+00 1.000000000000000000e+00
8.352941176470588536e-01 8.352941176470588536e-01 1.000000000000000000e+00 1.000000000000000000e+00
8.509803921568627194e-01 8.509803921568627194e-01 1.000000000000000000e+00 1.000000000000000000e+00
8.666666666666666963e-01 8.666666666666666963e-01 1.000000000000000000e+00 1.000000000000000000e+00
8.823529411764705621e-01 8.823529411764705621e-01 1.000000000000000000e+00 1.000000000000000000e+00
8.980392156862745390e-01 8.980392156862745390e-01 1.000000000000000000e+00 1.000000000000000000e+00
9.137254901960781828e-01 9.137254901960781828e-01 1.000000000000000000e+00 1.000000000000000000e+00
9.294117647058823817e-01 9.294117647058823817e-01 1.000000000000000000e+00 1.000000000000000000e+00
9.450980392156862475e-01 9.450980392156862475e-01 1.000000000000000000e+00 1.000000000000000000e+00
9.607843137254902244e-01 9.607843137254902244e-01 1.000000000000000000e+00 1.000000000000000000e+00
9.764705882352940902e-01 9.764705882352940902e-01 1.000000000000000000e+00 1.000000000000000000e+00
1.000000000000000000e+00 9.921568627450980671e-01 9.921568627450980671e-01 1.000000000000000000e+00
1.000000000000000000e+00 9.764705882352940902e-01 9.764705882352940902e-01 1.000000000000000000e+00
1.000000000000000000e+00 9.607843137254902244e-01 9.607843137254902244e-01 1.000000000000000000e+00
1.000000000000000000e+00 9.450980392156862475e-01 9.450980392156862475e-01 1.000000000000000000e+00
1.000000000000000000e+00 9.294117647058828258e-01 9.294117647058828258e-01 1.000000000000000000e+00
1.000000000000000000e+00 9.137254901960784048e-01 9.137254901960784048e-01 1.000000000000000000e+00
1.000000000000000000e+00 8.980392156862745390e-01 8.980392156862745390e-01 1.000000000000000000e+00
1.000000000000000000e+00 8.823529411764705621e-01 8.823529411764705621e-01 1.000000000000000000e+00
1.000000000000000000e+00 8.666666666666666963e-01 8.666666666666666963e-01 1.000000000000000000e+00
1.000000000000000000e+00 8.509803921568627194e-01 8.509803921568627194e-01 1.000000000000000000e+00
1.000000000000000000e+00 8.352941176470588536e-01 8.352941176470588536e-01 1.000000000000000000e+00
1.000000000000000000e+00 8.196078431372548767e-01 8.196078431372548767e-01 1.000000000000000000e+00
1.000000000000000000e+00 8.039215686274510109e-01 8.039215686274510109e-01 1.000000000000000000e+00
1.000000000000000000e+00 7.882352941176470340e-01 7.882352941176470340e-01 1.000000000000000000e+00
1.000000000000000000e+00 7.725490196078431682e-01 7.725490196078431682e-01 1.000000000000000000e+00
1.000000000000000000e+00 7.568627450980391913e-01 7.568627450980391913e-01 1.000000000000000000e+00
1.000000000000000000e+00 7.411764705882353255e-01 7.411764705882353255e-01 1.000000000000000000e+00
1.000000000000000000e+00 7.254901960784313486e-01 7.254901960784313486e-01 1.000000000000000000e+00
1.000000000000000000e+00 7.098039215686273717e-01 7.098039215686273717e-01 1.000000000000000000e+00
1.000000000000000000e+00 6.941176470588235059e-01 6.941176470588235059e-01 1.000000000000000000e+00
1.000000000000000000e+00 6.784313725490200842e-01 6.784313725490200842e-01 1.000000000000000000e+00
1.000000000000000000e+00 6.627450980392156632e-01 6.627450980392156632e-01 1.000000000000000000e+00
1.000000000000000000e+00 6.470588235294116863e-01 6.470588235294116863e-01 1.000000000000000000e+00
1.000000000000000000e+00 6.313725490196078205e-01 6.313725490196078205e-01 1.000000000000000000e+00
1.000000000000000000e+00 6.156862745098039547e-01 6.156862745098039547e-01 1.000000000000000000e+00
1.000000000000000000e+00 5.999999999999999778e-01 5.999999999999999778e-01 1.000000000000000000e+00
1.000000000000000000e+00 5.843137254901960009e-01 5.843137254901960009e-01 1.000000000000000000e+00
1.000000000000000000e+00 5.686274509803921351e-01 5.686274509803921351e-01 1.000000000000000000e+00
1.000000000000000000e+00 5.529411764705882693e-01 5.529411764705882693e-01 1.000000000000000000e+00
1.000000000000000000e+00 5.372549019607842924e-01 5.372549019607842924e-01 1.000000000000000000e+00
1.000000000000000000e+00 5.215686274509803155e-01 5.215686274509803155e-01 1.000000000000000000e+00
1.000000000000000000e+00 5.058823529411764497e-01 5.058823529411764497e-01 1.000000000000000000e+00
1.000000000000000000e+00 4.901960784313725839e-01 4.901960784313725839e-01 1.000000000000000000e+00
1.000000000000000000e+00 4.745098039215686070e-01 4.745098039215686070e-01 1.000000000000000000e+00
1.000000000000000000e+00 4.588235294117647411e-01 4.588235294117647411e-01 1.000000000000000000e+00
1.000000000000000000e+00 4.431372549019607643e-01 4.431372549019607643e-01 1.000000000000000000e+00
1.000000000000000000e+00 4.274509803921573425e-01 4.274509803921573425e-01 1.000000000000000000e+00
1.000000000000000000e+00 4.117647058823529216e-01 4.117647058823529216e-01 1.000000000000000000e+00
1.000000000000000000e+00 3.960784313725490557e-01 3.960784313725490557e-01 1.000000000000000000e+00
1.000000000000000000e+00 3.803921568627450789e-01 3.803921568627450789e-01 1.000000000000000000e+00
1.000000000000000000e+00 3.647058823529412130e-01 3.647058823529412130e-01 1.000000000000000000e+00
1.000000000000000000e+00 3.490196078431372362e-01 3.490196078431372362e-01 1.000000000000000000e+00
1.000000000000000000e+00 3.333333333333333703e-01 3.333333333333333703e-01 1.000000000000000000e+00
1.000000000000000000e+00 3.176470588235293935e-01 3.176470588235293935e-01 1.000000000000000000e+00
1.000000000000000000e+00 3.019607843137255276e-01 3.019607843137255276e-01 1.000000000000000000e+00
1.000000000000000000e+00 2.862745098039215508e-01 2.862745098039215508e-01 1.000000000000000000e+00
1.000000000000000000e+00 2.705882352941176849e-01 2.705882352941176849e-01 1.000000000000000000e+00
1.000000000000000000e+00 2.549019607843137081e-01 2.549019607843137081e-01 1.000000000000000000e+00
1.000000000000000000e+00 2.392156862745098422e-01 2.392156862745098422e-01 1.000000000000000000e+00
1.000000000000000000e+00 2.235294117647058654e-01 2.235294117647058654e-01 1.000000000000000000e+00
1.000000000000000000e+00 2.078431372549019995e-01 2.078431372549019995e-01 1.000000000000000000e+00
1.000000000000000000e+00 1.921568627450980227e-01 1.921568627450980227e-01 1.000000000000000000e+00
1.000000000000000000e+00 1.764705882352946009e-01 1.764705882352946009e-01 1.000000000000000000e+00
1.000000000000000000e+00 1.607843137254901800e-01 1.607843137254901800e-01 1.000000000000000000e+00
1.000000000000000000e+00 1.450980392156863141e-01 1.450980392156863141e-01 1.000000000000000000e+00
1.000000000000000000e+00 1.294117647058823373e-01 1.294117647058823373e-01 1.000000000000000000e+00
1.000000000000000000e+00 1.137254901960784714e-01 1.137254901960784714e-01 1.000000000000000000e+00
1.000000000000000000e+00 9.803921568627449457e-02 9.803921568627449457e-02 1.000000000000000000e+00
1.000000000000000000e+00 8.235294117647062873e-02 8.235294117647062873e-02 1.000000000000000000e+00
1.000000000000000000e+00 6.666666666666665186e-02 6.666666666666665186e-02 1.000000000000000000e+00
1.000000000000000000e+00 5.098039215686278602e-02 5.098039215686278602e-02 1.000000000000000000e+00
1.000000000000000000e+00 3.529411764705880916e-02 3.529411764705880916e-02 1.000000000000000000e+00
1.000000000000000000e+00 1.960784313725494332e-02 1.960784313725494332e-02 1.000000000000000000e+00
1.000000000000000000e+00 3.921568627450966460e-03 3.921568627450966460e-03 1.000000000000000000e+00
9.941176470588235503e-01 0.000000000000000000e+00 0.000000000000000000e+00 1.000000000000000000e+00
9.862745098039216174e-01 0.000000000000000000e+00 0.000000000000000000e+00 1.000000000000000000e+00
9.784313725490195734e-01 0.000000000000000000e+00 0.000000000000000000e+00 1.000000000000000000e+00
9.705882352941176405e-01 0.000000000000000000e+00 0.000000000000000000e+00 1.000000000000000000e+00
9.627450980392159297e-01 0.000000000000000000e+00 0.000000000000000000e+00 1.000000000000000000e+00
9.549019607843137747e-01 0.000000000000000000e+00 0.000000000000000000e+00 1.000000000000000000e+00
9.470588235294117307e-01 0.000000000000000000e+00 0.000000000000000000e+00 1.000000000000000000e+00
9.392156862745097978e-01 0.000000000000000000e+00 0.000000000000000000e+00 1.000000000000000000e+00
9.313725490196078649e-01 0.000000000000000000e+00 0.000000000000000000e+00 1.000000000000000000e+00
9.235294117647059320e-01 0.000000000000000000e+00 0.000000000000000000e+00 1.000000000000000000e+00
9.156862745098038880e-01 0.000000000000000000e+00 0.000000000000000000e+00 1.000000000000000000e+00
9.078431372549019551e-01 0.000000000000000000e+00 0.000000000000000000e+00 1.000000000000000000e+00
9.000000000000000222e-01 0.000000000000000000e+00 0.000000000000000000e+00 1.000000000000000000e+00
8.921568627450979783e-01 0.000000000000000000e+00 0.000000000000000000e+00 1.000000000000000000e+00
8.843137254901960453e-01 0.000000000000000000e+00 0.000000000000000000e+00 1.000000000000000000e+00
8.764705882352941124e-01 0.000000000000000000e+00 0.000000000000000000e+00 1.000000000000000000e+00
8.686274509803921795e-01 0.000000000000000000e+00 0.000000000000000000e+00 1.000000000000000000e+00
8.607843137254902466e-01 0.000000000000000000e+00 0.000000000000000000e+00 1.000000000000000000e+00
8.529411764705882026e-01 0.000000000000000000e+00 0.000000000000000000e+00 1.000000000000000000e+00
8.450980392156862697e-01 0.000000000000000000e+00 0.000000000000000000e+00 1.000000000000000000e+00
8.372549019607845588e-01 0.000000000000000000e+00 0.000000000000000000e+00 1.000000000000000000e+00
8.294117647058822929e-01 0.000000000000000000e+00 0.000000000000000000e+00 1.000000000000000000e+00
8.215686274509803599e-01 0.000000000000000000e+00 0.000000000000000000e+00 1.000000000000000000e+00
8.137254901960784270e-01 0.000000000000000000e+00 0.000000000000000000e+00 1.000000000000000000e+00
8.058823529411764941e-01 0.000000000000000000e+00 0.000000000000000000e+00 1.000000000000000000e+00
7.980392156862745612e-01 0.000000000000000000e+00 0.000000000000000000e+00 1.000000000000000000e+00
7.901960784313725172e-01 0.000000000000000000e+00 0.000000000000000000e+00 1.000000000000000000e+00
7.823529411764705843e-01 0.000000000000000000e+00 0.000000000000000000e+00 1.000000000000000000e+00
7.745098039215686514e-01 0.000000000000000000e+00 0.000000000000000000e+00 1.000000000000000000e+00
7.666666666666666075e-01 0.000000000000000000e+00 0.000000000000000000e+00 1.000000000000000000e+00
7.588235294117646745e-01 0.000000000000000000e+00 0.000000000000000000e+00 1.000000000000000000e+00
7.509803921568627416e-01 0.000000000000000000e+00 0.000000000000000000e+00 1.000000000000000000e+00
7.431372549019608087e-01 0.000000000000000000e+00 0.000000000000000000e+00 1.000000000000000000e+00
7.352941176470588758e-01 0.000000000000000000e+00 0.000000000000000000e+00 1.000000000000000000e+00
7.274509803921569429e-01 0.000000000000000000e+00 0.000000000000000000e+00 1.000000000000000000e+00
7.196078431372548989e-01 0.000000000000000000e+00 0.000000000000000000e+00 1.000000000000000000e+00
7.117647058823531880e-01 0.000000000000000000e+00 0.000000000000000000e+00 1.000000000000000000e+00
7.039215686274509221e-01 0.000000000000000000e+00 0.000000000000000000e+00 1.000000000000000000e+00
6.960784313725489891e-01 0.000000000000000000e+00 0.000000000000000000e+00 1.000000000000000000e+00
6.882352941176470562e-01 0.000000000000000000e+00 0.000000000000000000e+00 1.000000000000000000e+00
6.803921568627451233e-01 0.000000000000000000e+00 0.000000000000000000e+00 1.000000000000000000e+00
6.725490196078431904e-01 0.000000000000000000e+00 0.000000000000000000e+00 1.000000000000000000e+00
6.647058823529412575e-01 0.000000000000000000e+00 0.000000000000000000e+00 1.000000000000000000e+00
6.568627450980392135e-01 0.000000000000000000e+00 0.000000000000000000e+00 1.000000000000000000e+00
6.490196078431372806e-01 0.000000000000000000e+00 0.000000000000000000e+00 1.000000000000000000e+00
6.411764705882352366e-01 0.000000000000000000e+00 0.000000000000000000e+00 1.000000000000000000e+00
6.333333333333333037e-01 0.000000000000000000e+00 0.000000000000000000e+00 1.000000000000000000e+00
6.254901960784313708e-01 0.000000000000000000e+00 0.000000000000000000e+00 1.000000000000000000e+00
6.176470588235294379e-01 0.000000000000000000e+00 0.000000000000000000e+00 1.000000000000000000e+00
6.098039215686275050e-01 0.000000000000000000e+00 0.000000000000000000e+00 1.000000000000000000e+00
6.019607843137255720e-01 0.000000000000000000e+00 0.000000000000000000e+00 1.000000000000000000e+00
5.941176470588235281e-01 0.000000000000000000e+00 0.000000000000000000e+00 1.000000000000000000e+00
5.862745098039218172e-01 0.000000000000000000e+00 0.000000000000000000e+00 1.000000000000000000e+00
5.784313725490195512e-01 0.000000000000000000e+00 0.000000000000000000e+00 1.000000000000000000e+00
5.705882352941176183e-01 0.000000000000000000e+00 0.000000000000000000e+00 1.000000000000000000e+00
5.627450980392156854e-01 0.000000000000000000e+00 0.000000000000000000e+00 1.000000000000000000e+00
5.549019607843137525e-01 0.000000000000000000e+00 0.000000000000000000e+00 1.000000000000000000e+00
5.470588235294118196e-01 0.000000000000000000e+00 0.000000000000000000e+00 1.000000000000000000e+00
5.392156862745098866e-01 0.000000000000000000e+00 0.000000000000000000e+00 1.000000000000000000e+00
5.313725490196078427e-01 0.000000000000000000e+00 0.000000000000000000e+00 1.000000000000000000e+00
5.235294117647059098e-01 0.000000000000000000e+00 0.000000000000000000e+00 1.000000000000000000e+00
5.156862745098038658e-01 0.000000000000000000e+00 0.000000000000000000e+00 1.000000000000000000e+00
5.078431372549019329e-01 0.000000000000000000e+00 0.000000000000000000e+00 1.000000000000000000e+00
5.000000000000000000e-01 0.000000000000000000e+00 0.000000000000000000e+00 1.000000000000000000e+00
