5.999999999999999778e-01 5.999999999999999778e-01 5.999999999999999778e-01 1.000000000000000000e+00
5.999999999999999778e-01 5.999999999999999778e-01 5.999999999999999778e-01 1.000000000000000000e+00
5.999999999999999778e-01 5.999999999999999778e-01 5.999999999999999778e-01 1.000000000000000000e+00
5.999999999999999778e-01 5.999999999999999778e-01 5.999999999999999778e-01 1.000000000000000000e+00
5.999999999999999778e-01 5.999999999999999778e-01 5.999999999999999778e-01 1.000000000000000000e+00
5.999999999999999778e-01 5.999999999999999778e-01 5.999999999999999778e-01 1.000000000000000000e+00
5.999999999999999778e-01 5.999999999999999778e-01 5.999999999999999778e-01 1.000000000000000000e+00
5.999999999999999778e-01 5.999999999999999778e-01 5.999999999999999778e-01 1.000000000000000000e+00
5.999999999999999778e-01 5.999999999999999778e-01 5.999999999999999778e-01 1.000000000000000000e+00
5.999999999999999778e-01 5.999999999999999778e-01 5.999999999999999778e-01 1.000000000000000000e+00
5.999999999999999778e-01 5.999999999999999778e-01 5.999999999999999778e-01 1.000000000000000000e+00
5.999999999999999778e-01 5.999999999999999778e-01 5.999999999999999778e-01 1.000000000000000000e+00
5.999999999999999778e-01 5.999999999999999778e-01 5.999999999999999778e-01 1.000000000000000000e+00
5.999999999999999778e-01 5.999999999999999778e-01 5.999999999999999778e-01 1.000000000000000000e+00
5.999999999999999778e-01 5.999999999999999778e-01 5.999999999999999778e-01 1.000000000000000000e+00
5.999999999999999778e-01 5.999999999999999778e-01 5.999999999999999778e-01 1.000000000000000000e+00
5.999999999999999778e-01 5.999999999999999778e-01 5.999999999999999778e-01 1.000000000000000000e+00
5.999999999999999778e-01 5.999999999999999778e-01 5.999999999999999778e-01 1.000000000000000000e+00
5.999999999999999778e-01 5.999999999999999778e-01 5.999999999999999778e-01 1.000000000000000000e+00
5.999999999999999778e-01 5.999999999999999778e-01 5.999999999999999778e-01 1.000000000000000000e+00
5.999999999999999778e-01 5.999999999999999778e-01 5.999999999999999778e-01 1.000000000000000000e+00
5.999999999999999778e-01 5.999999999999999778e-01 5.999999999999999778e-01 1.000000000000000000e+00
5.999999999999999778e-01 5.999999999999999778e-01 5.999999999999999778e-01 1.000000000000000000e+00
5.999999999999999778e-01 5.999999999999999778e-01 5.999999999999999778e-01 1.000000000000000000e+00
5.999999999999999778e-01 5.999999999999999778e-01 5.999999999999999778e-01 1.000000000000000000e+00
5.999999999999999778e-01 5.999999999999999778e-01 5.999999999999999778e-01 1.000000000000000000e+00
5.999999999999999778e-01 5.999999999999999778e-01 5.999999999999999778e-01 1.000000000000000000e+00
5.999999999999999778e-01 5.999999999999999778e-01 5.999999999999999778e-01 1.000000000000000000e+00
5.999999999999999778e-01 5.999999999999999778e-01 5.999999999999999778e-01 1.000000000000000000e+00
9.686274509803921573e-01 5.058823529411764497e-01 7.490196078431372584e-01 1.000000000000000000e+00
9.686274509803921573e-01 5.058823529411764497e-01 7.490196078431372584e-01 1.000000000000000000e+00
9.686274509803921573e-01 5.058823529411764497e-01 7.490196078431372584e-01 1.000000000000000000e+00
9.686274509803921573e-01 5.058823529411764497e-01 7.490196078431372584e-01 1.000000000000000000e+00
9.686274509803921573e-01 5.058823529411764497e-01 7.490196078431372584e-01 1.000000000000000000e+00
9.686274509803921573e-01 5.058823529411764497e-01 7.490196078431372584e-01 1.000000000000000000e+00
9.686274509803921573e-01 5.058823529411764497e-01 7.490196078431372584e-01 1.000000000000000000e+00
9.686274509803921573e-01 5.058823529411764497e-01 7.490196078431372584e-01 1.000000000000000000e+00
9.686274509803921573e-01 5.058823529411764497e-01 7.490196078431372584e-01 1.000000000000000000e+00
9.686274509803921573e-01 5.058823529411764497e-01 7.490196078431372584e-01 1.000000000000000000e+00
9.686274509803921573e-01 5.058823529411764497e-01 7.490196078431372584e-01 1.000000000000000000e+00
9.686274509803921573e-01 5.058823529411764497e-01 7.490196078431372584e-01 1.000000000000000000e+00
9.686274509803921573e-01 5.058823529411764497e-01 7.490196078431372584e-01 1.000000000000000000e+00
9.686274509803921573e-01 5.058823529411764497e-01 7.490196078431372584e-01 1.000000000000000000e+00
9.686274509803921573e-01 5.058823529411764497e-01 7.490196078431372584e-01 1.000000000000000000e+00
9.686274509803921573e-01 5.058823529411764497e-01 7.490196078431372584e-01 1.000000000000000000e+00
9.686274509803921573e-01 5.058823529411764497e-01 7.490196078431372584e-01 1.000000000000000000e+00
9.686274509803921573e-01 5.058823529411764497e-01 7.490196078431372584e-01 1.000000000000000000e+00
9.686274509803921573e-01 5.058823529411764497e-01 7.490196078431372584e-01 1.000000000000000000e+00
9.686274509803921573e-01 5.058823529411764497e-01 7.490196078431372584e-01 1.000000000000000000e+00
9.686274509803921573e-01 5.058823529411764497e-01 7.490196078431372584e-01 1.000000000000000000e+00
9.686274509803921573e-01 5.058823529411764497e-01 7.490196078431372584e-01 1.000000000000000000e+00
9.686274509803921573e-01 5.058823529411764497e-01 7.490196078431372584e-01 1.000000000000000000e+00
9.686274509803921573e-01 5.058823529411764497e-01 7.490196078431372584e-01 1.000000000000000000e+00
9.686274509803921573e-01 5.058823529411764497e-01 7.490196078431372584e-01 1.000000000000000000e+00
9.686274509803921573e-01 5.058823529411764497e-01 7.490196078431372584e-01 1.000000000000000000e+00
9.686274509803921573e-01 5.058823529411764497e-01 7.490196078431372584e-01 1.000000000000000000e+00
9.686274509803921573e-01 5.058823529411764497e-01 7.490196078431372584e-01 1.000000000000000000e+00
6.509803921568627638e-01 3.372549019607843368e-01 1.568627450980392135e-01 1.000000000000000000e+00
6.509803921568627638e-01 3.372549019607843368e-01 1.568627450980392135e-01 1.000000000000000000e+00
6.509803921568627638e-01 3.372549019607843368e-01 1.568627450980392135e-01 1.000000000000000000e+00
6.509803921568627638e-01 3.372549019607843368e-01 1.568627450980392135e-01 1.000000000000000000e+00
6.509803921568627638e-01 3.372549019607843368e-01 1.568627450980392135e-01 1.000000000000000000e+00
6.509803921568627638e-01 3.372549019607843368e-01 1.568627450980392135e-01 1.000000000000000000e+00
6.509803921568627638e-01 3.372549019607843368e-01 1.568627450980392135e-01 1.000000000000000000e+00
6.509803921568627638e-01 3.372549019607843368e-01 1.568627450980392135e-01 1.000000000000000000e+00
6.509803921568627638e-01 3.372549019607843368e-01 1.568627450980392135e-01 1.000000000000000000e+00
6.509803921568627638e-01 3.372549019607843368e-01 1.568627450980392135e-01 1.000000000000000000e+00
6.509803921568627638e-01 3.372549019607843368e-01 1.568627450980392135e-01 1.000000000000000000e+00
6.509803921568627638e-01 3.372549019607843368e-01 1.568627450980392135e-01 1.000000000000000000e+00
6.509803921568627638e-01 3.372549019607843368e-01 1.568627450980392135e-01 1.000000000000000000e+00
6.509803921568627638e-01 3.372549019607843368e-01 1.568627450980392135e-01 1.000000000000000000e+00
6.509803921568627638e-01 3.372549019607843368e-01 1.568627450980392135e-01 1.000000000000000000e+00
6.509803921568627638e-01 3.372549019607843368e-01 1.568627450980392135e-01 1.000000000000000000e+00
6.509803921568627638e-01 3.372549019607843368e-01 1.568627450980392135e-01 1.000000000000000000e+00
6.509803921568627638e-01 3.372549019607843368e-01 1.568627450980392135e-01 1.000000000000000000e+00
6.509803921568627638e-01 3.372549019607843368e-01 1.568627450980392135e-01 1.000000000000000000e+00
6.509803921568627638e-01 3.372549019607843368e-01 1.568627450980392135e-01 1.000000000000000000e+00
6.509803921568627638e-01 3.372549019607843368e-01 1.568627450980392135e-01 1.000000000000000000e+00
6.509803921568627638e-01 3.372549019607843368e-01 1.568627450980392135e-01 1.000000000000000000e+00
6.509803921568627638e-01 3.372549019607843368e-01 1.568627450980392135e-01 1.000000000000000000e+00
6.509803921568627638e-01 3.372549019607843368e-01 1.568627450980392135e-01 1.000000000000000000e+00
6.509803921568627638e-01 3.372549019607843368e-01 1.568627450980392135e-01 1.000000000000000000e+00
6.509803921568627638e-01 3.372549019607843368e-01 1.568627450980392135e-01 1.000000000000000000e+00
6.509803921568627638e-01 3.372549019607843368e-01 1.568627450980392135e-01 1.000000000000000000e+00
6.509803921568627638e-01 3.372549019607843368e-01 1.568627450980392135e-01 1.000000000000000000e+00
1.000000000000000000e+00 1.000000000000000000e+00 2.000000000000000111e-01 1.000000000000000000e+00
1.000000000000000000e+00 1.000000000000000000e+00 2.000000000000000111e-01 1.000000000000000000e+00
1.000000000000000000e+00 1.000000000000000000e+00 2.000000000000000111e-01 1.000000000000000000e+00
1.000000000000000000e+00 1.000000000000000000e+00 2.000000000000000111e-01 1.000000000000000000e+00
1.000000000000000000e+00 1.000000000000000000e+00 2.000000000000000111e-01 1.000000000000000000e+00
1.000000000000000000e+00 1.000000000000000000e+00 2.000000000000000111e-01 1.000000000000000000e+00
1.000000000000000000e+00 1.000000000000000000e+00 2.000000000000000111e-01 1.000000000000000000e+00
1.000000000000000000e+00 1.000000000000000000e+00 2.000000000000000111e-01 1.000000000000000000e+00
1.000000000000000000e+00 1.000000000000000000e+00 2.000000000000000111e-01 1.000000000000000000e+00
1.000000000000000000e+00 1.000000000000000000e+00 2.000000000000000111e-01 1.000000000000000000e+00
1.000000000000000000e+00 1.000000000000000000e+00 2.000000000000000111e-01 1.000000000000000000e+00
1.000000000000000000e+00 1.000000000000000000e+00 2.000000000000000111e-01 1.000000000000000000e+00
1.000000000000000000e+00 1.000000000000000000e+00 2.000000000000000111e-01 1.000000000000000000e+00
1.000000000000000000e+00 1.000000000000000000e+00 2.000000000000000111e-01 1.000000000000000000e+00
1.000000000000000000e+00 1.000000000000000000e+00 2.000000000000000111e-01 1.000000000000000000e+00
1.000000000000000000e+00 1.000000000000000000e+00 2.000000000000000111e-01 1.000000000000000000e+00
1.000000000000000000e+00 1.000000000000000000e+00 2.000000000000000111e-01 1.000000000000000000e+00
1.000000000000000000e+00 1.000000000000000000e+00 2.000000000000000111e-01 1.000000000000000000e+00
1.000000000000000000e+00 1.000000000000000000e+00 2.000000000000000111e-01 1.000000000000000000e+00
1.000000000000000000e+00 1.000000000000000000e+00 2.000000000000000111e-01 1.000000000000000000e+00
1.000000000000000000e+00 1.000000000000000000e+00 2.000000000000000111e-01 1.000000000000000000e+00
1.000000000000000000e+00 1.000000000000000000e+00 2.000000000000000111e-01 1.000000000000000000e+00
1.000000000000000000e+00 1.000000000000000000e+00 2.000000000000000111e-01 1.000000000000000000e+00
1.000000000000000000e+00 1.000000000000000000e+00 2.000000000000000111e-01 1.000000000000000000e+00
1.000000000000000000e+00 1.000000000000000000e+00 2.000000000000000111e-01 1.000000000000000000e+00
1.000000000000000000e+00 1.000000000000000000e+00 2.000000000000000111e-01 1.000000000000000000e+00
1.000000000000000000e+00 1.000000000000000000e+00 2.000000000000000111e-01 1.000000000000000000e+00
1.000000000000000000e+00 1.000000000000000000e+00 2.000000000000000111e-01 1.000000000000000000e+00
1.000000000000000000e+00 4.980392156862745168e-01 0.000000000000000000e+00 1.000000000000000000e+00
1.000000000000000000e+00 4.980392156862745168e-01 0.000000000000000000e+00 1.000000000000000000e+00
1.000000000000000000e+00 4.980392156862745168e-01 0.000000000000000000e+00 1.000000000000000000e+00
1.000000000000000000e+00 4.980392156862745168e-01 0.000000000000000000e+00 1.000000000000000000e+00
1.000000000000000000e+00 4.980392156862745168e-01 0.000000000000000000e+00 1.000000000000000000e+00
1.000000000000000000e+00 4.980392156862745168e-01 0.000000000000000000e+00 1.000000000000000000e+00
1.000000000000000000e+00 4.980392156862745168e-01 0.000000000000000000e+00 1.000000000000000000e+00
1.000000000000000000e+00 4.980392156862745168e-01 0.000000000000000000e+00 1.000000000000000000e+00
1.000000000000000000e+00 4.980392156862745168e-01 0.000000000000000000e+00 1.000000000000000000e+00
1.000000000000000000e+00 4.980392156862745168e-01 0.000000000000000000e+00 1.000000000000000000e+00
1.000000000000000000e+00 4.980392156862745168e-01 0.000000000000000000e+00 1.000000000000000000e+00
1.000000000000000000e+00 4.980392156862745168e-01 0.000000000000000000e+00 1.000000000000000000e+00
1.000000000000000000e+00 4.980392156862745168e-01 0.000000000000000000e+00 1.000000000000000000e+00
1.000000000000000000e+00 4.980392156862745168e-01 0.000000000000000000e+00 1.000000000000000000e+00
1.000000000000000000e+00 4.980392156862745168e-01 0.000000000000000000e+00 1.000000000000000000e+00
1.000000000000000000e+00 4.980392156862745168e-01 0.000000000000000000e+00 1.000000000000000000e+00
1.000000000000000000e+00 4.980392156862745168e-01 0.000000000000000000e+00 1.000000000000000000e+00
1.000000000000000000e+00 4.980392156862745168e-01 0.000000000000000000e+00 1.000000000000000000e+00
1.000000000000000000e+00 4.980392156862745168e-01 0.000000000000000000e+00 1.000000000000000000e+00
1.000000000000000000e+00 4.980392156862745168e-01 0.000000000000000000e+00 1.000000000000000000e+00
1.000000000000000000e+00 4.980392156862745168e-01 0.000000000000000000e+00 1.000000000000000000e+00
1.000000000000000000e+00 4.980392156862745168e-01 0.000000000000000000e+00 1.000000000000000000e+00
1.000000000000000000e+00 4.980392156862745168e-01 0.000000000000000000e+00 1.000000000000000000e+00
1.000000000000000000e+00 4.980392156862745168e-01 0.000000000000000000e+00 1.000000000000000000e+00
1.000000000000000000e+00 4.980392156862745168e-01 0.000000000000000000e+00 1.000000000000000000e+00
1.000000000000000000e+00 4.980392156862745168e-01 0.000000000000000000e+00 1.000000000000000000e+00
1.000000000000000000e+00 4.980392156862745168e-01 0.000000000000000000e+00 1.000000000000000000e+00
1.000000000000000000e+00 4.980392156862745168e-01 0.000000000000000000e+00 1.000000000000000000e+00
1.000000000000000000e+00 4.980392156862745168e-01 0.000000000000000000e+00 1.000000000000000000e+00
5.960784313725490113e-01 3.058823529411764941e-01 6.392156862745097534e-01 1.000000000000000000e+00
5.960784313725490113e-01 3.058823529411764941e-01 6.392156862745097534e-01 1.000000000000000000e+00
5.960784313725490113e-01 3.058823529411764941e-01 6.392156862745097534e-01 1.000000000000000000e+00
5.960784313725490113e-01 3.058823529411764941e-01 6.392156862745097534e-01 1.000000000000000000e+00
5.960784313725490113e-01 3.058823529411764941e-01 6.392156862745097534e-01 1.000000000000000000e+00
5.960784313725490113e-01 3.058823529411764941e-01 6.392156862745097534e-01 1.000000000000000000e+00
5.960784313725490113e-01 3.058823529411764941e-01 6.392156862745097534e-01 1.000000000000000000e+00
5.960784313725490113e-01 3.058823529411764941e-01 6.392156862745097534e-01 1.000000000000000000e+00
5.960784313725490113e-01 3.058823529411764941e-01 6.392156862745097534e-01 1.000000000000000000e+00
5.960784313725490113e-01 3.058823529411764941e-01 6.392156862745097534e-01 1.000000000000000000e+00
5.960784313725490113e-01 3.058823529411764941e-01 6.392156862745097534e-01 1.000000000000000000e+00
5.960784313725490113e-01 3.058823529411764941e-01 6.392156862745097534e-01 1.000000000000000000e+00
5.960784313725490113e-01 3.058823529411764941e-01 6.392156862745097534e-01 1.000000000000000000e+00
5.960784313725490113e-01 3.058823529411764941e-01 6.392156862745097534e-01 1.000000000000000000e+00
5.960784313725490113e-01 3.058823529411764941e-01 6.392156862745097534e-01 1.000000000000000000e+00
5.960784313725490113e-01 3.058823529411764941e-01 6.392156862745097534e-01 1.000000000000000000e+00
5.960784313725490113e-01 3.058823529411764941e-01 6.392156862745097534e-01 1.000000000000000000e+00
5.960784313725490113e-01 3.058823529411764941e-01 6.392156862745097534e-01 1.000000000000000000e+00
5.960784313725490113e-01 3.058823529411764941e-01 6.392156862745097534e-01 1.000000000000000000e+00
5.960784313725490113e-01 3.058823529411764941e-01 6.392156862745097534e-01 1.000000000000000000e+00
5.960784313725490113e-01 3.058823529411764941e-01 6.392156862745097534e-01 1.000000000000000000e+00
5.960784313725490113e-01 3.058823529411764941e-01 6.392156862745097534e-01 1.000000000000000000e+00
5.960784313725490113e-01 3.058823529411764941e-01 6.392156862745097534e-01 1.000000000000000000e+00
5.960784313725490113e-01 3.058823529411764941e-01 6.392156862745097534e-01 1.000000000000000000e+00
5.960784313725490113e-01 3.058823529411764941e-01 6.392156862745097534e-01 1.000000000000000000e+00
5.960784313725490113e-01 3.058823529411764941e-01 6.392156862745097534e-01 1.000000000000000000e+00
5.960784313725490113e-01 3.058823529411764941e-01 6.392156862745097534e-01 1.000000000000000000e+00
5.960784313725490113e-01 3.058823529411764941e-01 6.392156862745097534e-01 1.000000000000000000e+00
3.019607843137254721e-01 6.862745098039215730e-01 2.901960784313725727e-01 1.000000000000000000e+00
3.019607843137254721e-01 6.862745098039215730e-01 2.901960784313725727e-01 1.000000000000000000e+00
3.019607843137254721e-01 6.862745098039215730e-01 2.901960784313725727e-01 1.000000000000000000e+00
3.019607843137254721e-01 6.862745098039215730e-01 2.901960784313725727e-01 1.000000000000000000e+00
3.019607843137254721e-01 6.862745098039215730e-01 2.901960784313725727e-01 1.000000000000000000e+00
3.019607843137254721e-01 6.862745098039215730e-01 2.901960784313725727e-01 1.000000000000000000e+00
3.019607843137254721e-01 6.862745098039215730e-01 2.901960784313725727e-01 1.000000000000000000e+00
3.019607843137254721e-01 6.862745098039215730e-01 2.901960784313725727e-01 1.000000000000000000e+00
3.019607843137254721e-01 6.862745098039215730e-01 2.901960784313725727e-01 1.000000000000000000e+00
3.019607843137254721e-01 6.862745098039215730e-01 2.901960784313725727e-01 1.000000000000000000e+00
3.019607843137254721e-01 6.862745098039215730e-01 2.901960784313725727e-01 1.000000000000000000e+00
3.019607843137254721e-01 6.862745098039215730e-01 2.901960784313725727e-01 1.000000000000000000e+00
3.019607843137254721e-01 6.862745098039215730e-01 2.901960784313725727e-01 1.000000000000000000e+00
3.019607843137254721e-01 6.862745098039215730e-01 2.901960784313725727e-01 1.000000000000000000e+00
3.019607843137254721e-01 6.862745098039215730e-01 2.901960784313725727e-01 1.000000000000000000e+00
3.019607843137254721e-01 6.862745098039215730e-01 2.901960784313725727e-01 1.000000000000000000e+00
3.019607843137254721e-01 6.862745098039215730e-01 2.901960784313725727e-01 1.000000000000000000e+00
3.019607843137254721e-01 6.862745098039215730e-01 2.901960784313725727e-01 1.000000000000000000e+00
3.019607843137254721e-01 6.862745098039215730e-01 2.901960784313725727e-01 1.000000000000000000e+00
3.019607843137254721e-01 6.862745098039215730e-01 2.901960784313725727e-01 1.000000000000000000e+00
3.019607843137254721e-01 6.862745098039215730e-01 2.901960784313725727e-01 1.000000000000000000e+00
3.019607843137254721e-01 6.862745098039215730e-01 2.901960784313725727e-01 1.000000000000000000e+00
3.019607843137254721e-01 6.862745098039215730e-01 2.901960784313725727e-01 1.000000000000000000e+00
3.019607843137254721e-01 6.862745098039215730e-01 2.901960784313725727e-01 1.000000000000000000e+00
3.019607843137254721e-01 6.862745098039215730e-01 2.901960784313725727e-01 1.000000000000000000e+00
3.019607843137254721e-01 6.862745098039215730e-01 2.901960784313725727e-01 1.000000000000000000e+00
3.019607843137254721e-01 6.862745098039215730e-01 2.901960784313725727e-01 1.000000000000000000e+00
3.019607843137254721e-01 6.862745098039215730e-01 2.901960784313725727e-01 1.000000000000000000e+00
2.156862745098039325e-01 4.941176470588235503e-01 7.215686274509803821e-01 1.000000000000000000e+00
2.156862745098039325e-01 4.941176470588235503e-01 7.215686274509803821e-01 1.000000000000000000e+00
2.156862745098039325e-01 4.941176470588235503e-01 7.215686274509803821e-01 1.000000000000000000e+00
2.156862745098039325e-01 4.941176470588235503e-01 7.215686274509803821e-01 1.000000000000000000e+00
2.156862745098039325e-01 4.941176470588235503e-01 7.215686274509803821e-01 1.000000000000000000e+00
2.156862745098039325e-01 4.941176470588235503e-01 7.215686274509803821e-01 1.000000000000000000e+00
2.156862745098039325e-01 4.941176470588235503e-01 7.215686274509803821e-01 1.000000000000000000e+00
2.156862745098039325e-01 4.941176470588235503e-01 7.215686274509803821e-01 1.000000000000000000e+00
2.156862745098039325e-01 4.941176470588235503e-01 7.215686274509803821e-01 1.000000000000000000e+00
2.156862745098039325e-01 4.941176470588235503e-01 7.215686274509803821e-01 1.000000000000000000e+00
2.156862745098039325e-01 4.941176470588235503e-01 7.215686274509803821e-01 1.000000000000000000e+00
2.156862745098039325e-01 4.941176470588235503e-01 7.215686274509803821e-01 1.000000000000000000e+00
2.156862745098039325e-01 4.941176470588235503e-01 7.215686274509803821e-01 1.000000000000000000e+00
2.156862745098039325e-01 4.941176470588235503e-01 7.215686274509803821e-01 1.000000000000000000e+00
2.156862745098039325e-01 4.941176470588235503e-01 7.215686274509803821e-01 1.000000000000000000e+00
2.156862745098039325e-01 4.941176470588235503e-01 7.215686274509803821e-01 1.000000000000000000e+00
2.156862745098039325e-01 4.941176470588235503e-01 7.215686274509803821e-01 1.000000000000000000e+00
2.156862745098039325e-01 4.941176470588235503e-01 7.215686274509803821e-01 1.000000000000000000e+00
2.156862745098039325e-01 4.941176470588235503e-01 7.215686274509803821e-01 1.000000000000000000e+00
2.156862745098039325e-01 4.941176470588235503e-01 7.215686274509803821e-01 1.000000000000000000e+00
2.156862745098039325e-01 4.941176470588235503e-01 7.215686274509803821e-01 1.000000000000000000e+00
2.156862745098039325e-01 4.941176470588235503e-01 7.215686274509803821e-01 1.000000000000000000e+00
2.156862745098039325e-01 4.941176470588235503e-01 7.215686274509803821e-01 1.000000000000000000e+00
2.156862745098039325e-01 4.941176470588235503e-01 7.215686274509803821e-01 1.000000000000000000e+00
2.156862745098039325e-01 4.941176470588235503e-01 7.215686274509803821e-01 1.000000000000000000e+00
2.156862745098039325e-01 4.941176470588235503e-01 7.215686274509803821e-01 1.000000000000000000e+00
2.156862745098039325e-01 4.941176470588235503e-01 7.215686274509803821e-01 1.000000000000000000e+00
2.156862745098039325e-01 4.941176470588235503e-01 7.215686274509803821e-01 1.000000000000000000e+00
8.941176470588235725e-01 1.019607843137254888e-01 1.098039215686274495e-01 1.000000000000000000e+00
8.941176470588235725e-01 1.019607843137254888e-01 1.098039215686274495e-01 1.000000000000000000e+00
8.941176470588235725e-01 1.019607843137254888e-01 1.098039215686274495e-01 1.000000000000000000e+00
8.941176470588235725e-01 1.019607843137254888e-01 1.098039215686274495e-01 1.000000000000000000e+00
8.941176470588235725e-01 1.019607843137254888e-01 1.098039215686274495e-01 1.000000000000000000e+00
8.941176470588235725e-01 1.019607843137254888e-01 1.098039215686274495e-01 1.000000000000000000e+00
8.941176470588235725e-01 1.019607843137254888e-01 1.098039215686274495e-01 1.000000000000000000e+00
8.941176470588235725e-01 1.019607843137254888e-01 1.098039215686274495e-01 1.000000000000000000e+00
8.941176470588235725e-01 1.019607843137254888e-01 1.098039215686274495e-01 1.000000000000000000e+00
8.941176470588235725e-01 1.019607843137254888e-01 1.098039215686274495e-01 1.000000000000000000e+00
8.941176470588235725e-01 1.019607843137254888e-01 1.098039215686274495e-01 1.000000000000000000e+00
8.941176470588235725e-01 1.019607843137254888e-01 1.098039215686274495e-01 1.000000000000000000e+00
8.941176470588235725e-01 1.019607843137254888e-01 1.098039215686274495e-01 1.000000000000000000e+00
8.941176470588235725e-01 1.019607843137254888e-01 1.098039215686274495e-01 1.000000000000000000e+00
8.941176470588235725e-01 1.019607843137254888e-01 1.098039215686274495e-01 1.000000000000000000e+00
8.941176470588235725e-01 1.019607843137254888e-01 1.098039215686274495e-01 1.000000000000000000e+00
8.941176470588235725e-01 1.019607843137254888e-01 1.098039215686274495e-01 1.000000000000000000e+00
8.941176470588235725e-01 1.019607843137254888e-01 1.098039215686274495e-01 1.000000000000000000e+00
8.941176470588235725e-01 1.019607843137254888e-01 1.098039215686274495e-01 1.000000000000000000e+00
8.941176470588235725e-01 1.019607843137254888e-01 1.098039215686274495e-01 1.000000000000000000e+00
8.941176470588235725e-01 1.019607843137254888e-01 1.098039215686274495e-01 1.000000000000000000e+00
8.941176470588235725e-01 1.019607843137254888e-01 1.098039215686274495e-01 1.000000000000000000e+00
8.941176470588235725e-01 1.019607843137254888e-01 1.098039215686274495e-01 1.000000000000000000e+00
8.941176470588235725e-01 1.019607843137254888e-01 1.098039215686274495e-01 1.000000000000000000e+00
8.941176470588235725e-01 1.019607843137254888e-01 1.098039215686274495e-01 1.000000000000000000e+00
8.941176470588235725e-01 1.019607843137254888e-01 1.098039215686274495e-01 1.000000000000000000e+00
8.941176470588235725e-01 1.019607843137254888e-01 1.098039215686274495e-01 1.000000000000000000e+00
8.941176470588235725e-01 1.019607843137254888e-01 1.098039215686274495e-01 1.000000000000000000e+00
8.941176470588235725e-01 1.019607843137254888e-01 1.098039215686274495e-01 1.000000000000000000e+00
