4.000000000000000222e-01 7.607843137254901578e-01 6.470588235294117974e-01 1.000000000000000000e+00
4.000000000000000222e-01 7.607843137254901578e-01 6.470588235294117974e-01 1.000000000000000000e+00
4.000000000000000222e-01 7.607843137254901578e-01 6.470588235294117974e-01 1.000000000000000000e+00
4.000000000000000222e-01 7.607843137254901578e-01 6.470588235294117974e-01 1.000000000000000000e+00
4.000000000000000222e-01 7.607843137254901578e-01 6.470588235294117974e-01 1.000000000000000000e+00
4.000000000000000222e-01 7.607843137254901578e-01 6.470588235294117974e-01 1.000000000000000000e+00
4.000000000000000222e-01 7.607843137254901578e-01 6.470588235294117974e-01 1.000000000000000000e+00
4.000000000000000222e-01 7.607843137254901578e-01 6.470588235294117974e-01 1.000000000000000000e+00
4.000000000000000222e-01 7.607843137254901578e-01 6.470588235294117974e-01 1.000000000000000000e+00
4.000000000000000222e-01 7.607843137254901578e-01 6.470588235294117974e-01 1.000000000000000000e+00
4.000000000000000222e-01 7.607843137254901578e-01 6.470588235294117974e-01 1.000000000000000000e+00
4.000000000000000222e-01 7.607843137254901578e-01 6.470588235294117974e-01 1.000000000000000000e+00
4.000000000000000222e-01 7.607843137254901578e-01 6.470588235294117974e-01 1.000000000000000000e+00
4.000000000000000222e-01 7.607843137254901578e-01 6.470588235294117974e-01 1.000000000000000000e+00
4.000000000000000222e-01 7.607843137254901578e-01 6.470588235294117974e-01 1.000000000000000000e+00
4.000000000000000222e-01 7.607843137254901578e-01 6.470588235294117974e-01 1.000000000000000000e+00
4.000000000000000222e-01 7.607843137254901578e-01 6.470588235294117974e-01 1.000000000000000000e+00
4.000000000000000222e-01 7.607843137254901578e-01 6.470588235294117974e-01 1.000000000000000000e+00
4.000000000000000222e-01 7.607843137254901578e-01 6.470588235294117974e-01 1.000000000000000000e+00
4.000000000000000222e-01 7.607843137254901578e-01 6.470588235294117974e-01 1.000000000000000000e+00
4.000000000000000222e-01 7.607843137254901578e-01 6.470588235294117974e-01 1.000000000000000000e+00
4.000000000000000222e-01 7.607843137254901578e-01 6.470588235294117974e-01 1.000000000000000000e+00
4.000000000000000222e-01 7.607843137254901578e-01 6.470588235294117974e-01 1.000000000000000000e+00
4.000000000000000222e-01 7.607843137254901578e-01 6.470588235294117974e-01 1.000000000000000000e+00
4.000000000000000222e-01 7.607843137254901578e-01 6.470588235294117974e-01 1.000000000000000000e+00
4.000000000000000222e-01 7.607843137254901578e-01 6.470588235294117974e-01 1.000000000000000000e+00
4.000000000000000222e-01 7.607843137254901578e-01 6.470588235294117974e-01 1.000000000000000000e+00
4.000000000000000222e-01 7.607843137254901578e-01 6.470588235294117974e-01 1.000000000000000000e+00
4.000000000000000222e-01 7.607843137254901578e-01 6.470588235294117974e-01 1.000000000000000000e+00
4.000000000000000222e-01 7.607843137254901578e-01 6.470588235294117974e-01 1.000000000000000000e+00
4.000000000000000222e-01 7.607843137254901578e-01 6.470588235294117974e-01 1.000000000000000000e+00
4.000000000000000222e-01 7.607843137254901578e-01 6.470588235294117974e-01 1.000000000000000000e+00
9.882352941176471006e-01 5.529411764705882693e-01 3.843137254901961009e-01 1.000000000000000000e+00
9.882352941176471006e-01 5.529411764705882693e-01 3.843137254901961009e-01 1.000000000000000000e+00
9.882352941176471006e-01 5.529411764705882693e-01 3.843137254901961009e-01 1.000000000000000000e+00
9.882352941176471006e-01 5.529411764705882693e-01 3.843137254901961009e-01 1.000000000000000000e+00
9.882352941176471006e-01 5.529411764705882693e-01 3.843137254901961009e-01 1.000000000000000000e+00
9.882352941176471006e-01 5.529411764705882693e-01 3.843137254901961009e-01 1.000000000000000000e+00
9.882352941176471006e-01 5.529411764705882693e-01 3.843137254901961009e-01 1.000000000000000000e+00
9.882352941176471006e-01 5.529411764705882693e-01 3.843137254901961009e-01 1.000000000000000000e+00
9.882352941176471006e-01 5.529411764705882693e-01 3.843137254901961009e-01 1.000000000000000000e+00
9.882352941176471006e-01 5.529411764705882693e-01 3.843137254901961009e-01 1.000000000000000000e+00
9.882352941176471006e-01 5.529411764705882693e-01 3.843137254901961009e-01 1.000000000000000000e+00
9.882352941176471006e-01 5.529411764705882693e-01 3.843137254901961009e-01 1.000000000000000000e+00
9.882352941176471006e-01 5.529411764705882693e-01 3.843137254901961009e-01 1.000000000000000000e+00
9.882352941176471006e-01 5.529411764705882693e-01 3.843137254901961009e-01 1.000000000000000000e+00
9.882352941176471006e-01 5.529411764705882693e-01 3.843137254901961009e-01 1.000000000000000000e+00
9.882352941176471006e-01 5.529411764705882693e-01 3.843137254901961009e-01 1.000000000000000000e+00
9.882352941176471006e-01 5.529411764705882693e-01 3.843137254901961009e-01 1.000000000000000000e+00
9.882352941176471006e-01 5.529411764705882693e-01 3.843137254901961009e-01 1.000000000000000000e+00
9.882352941176471006e-01 5.529411764705882693e-01 3.843137254901961009e-01 1.000000000000000000e+00
9.882352941176471006e-01 5.529411764705882693e-01 3.843137254901961009e-01 1.000000000000000000e+00
9.882352941176471006e-01 5.529411764705882693e-01 3.843137254901961009e-01 1.000000000000000000e+00
9.882352941176471006e-01 5.529411764705882693e-01 3.843137254901961009e-01 1.000000000000000000e+00
9.882352941176471006e-01 5.529411764705882693e-01 3.843137254901961009e-01 1.000000000000000000e+00
9.882352941176471006e-01 5.529411764705882693e-01 3.843137254901961009e-01 1.000000000000000000e+00
9.882352941176471006e-01 5.529411764705882693e-01 3.843137254901961009e-01 1.000000000000000000e+00
9.882352941176471006e-01 5.529411764705882693e-01 3.843137254901961009e-01 1.000000000000000000e+00
9.882352941176471006e-01 5.529411764705882693e-01 3.843137254901961009e-01 1.000000000000000000e+00
9.882352941176471006e-01 5.529411764705882693e-01 3.843137254901961009e-01 1.000000000000000000e+00
9.882352941176471006e-01 5.529411764705882693e-01 3.843137254901961009e-01 1.000000000000000000e+00
9.882352941176471006e-01 5.529411764705882693e-01 3.843137254901961009e-01 1.000000000000000000e+00
9.882352941176471006e-01 5.529411764705882693e-01 3.843137254901961009e-01 1.000000000000000000e+00
9.882352941176471006e-01 5.529411764705882693e-01 3.843137254901961009e-01 1.000000000000000000e+00
5.529411764705882693e-01 6.274509803921568540e-01 7.960784313725489669e-01 1.000000000000000000e+00
5.529411764705882693e-01 6.274509803921568540e-01 7.960784313725489669e-01 1.000000000000000000e+00
5.529411764705882693e-01 6.274509803921568540e-01 7.960784313725489669e-01 1.000000000000000000e+00
5.529411764705882693e-01 6.274509803921568540e-01 7.960784313725489669e-01 1.000000000000000000e+00
5.529411764705882693e-01 6.274509803921568540e-01 7.960784313725489669e-01 1.000000000000000000e+00
5.529411764705882693e-01 6.274509803921568540e-01 7.960784313725489669e-01 1.000000000000000000e+00
5.529411764705882693e-01 6.274509803921568540e-01 7.960784313725489669e-01 1.000000000000000000e+00
5.529411764705882693e-01 6.274509803921568540e-01 7.960784313725489669e-01 1.000000000000000000e+00
5.529411764705882693e-01 6.274509803921568540e-01 7.960784313725489669e-01 1.000000000000000000e+00
5.529411764705882693e-01 6.274509803921568540e-01 7.960784313725489669e-01 1.000000000000000000e+00
5.529411764705882693e-01 6.274509803921568540e-01 7.960784313725489669e-01 1.000000000000000000e+00
5.529411764705882693e-01 6.274509803921568540e-01 7.960784313725489669e-01 1.000000000000000000e+00
5.529411764705882693e-01 6.274509803921568540e-01 7.960784313725489669e-01 1.000000000000000000e+00
5.529411764705882693e-01 6.274509803921568540e-01 7.960784313725489669e-01 1.000000000000000000e+00
5.529411764705882693e-01 6.274509803921568540e-01 7.960784313725489669e-01 1.000000000000000000e+00
5.529411764705882693e-01 6.274509803921568540e-01 7.960784313725489669e-01 1.000000000000000000e+00
5.529411764705882693e-01 6.274509803921568540e-01 7.960784313725489669e-01 1.000000000000000000e+00
5.529411764705882693e-01 6.274509803921568540e-01 7.960784313725489669e-01 1.000000000000000000e+00
5.529411764705882693e-01 6.274509803921568540e-01 7.960784313725489669e-01 1.000000000000000000e+00
5.529411764705882693e-01 6.274509803921568540e-01 7.960784313725489669e-01 1.000000000000000000e+00
5.529411764705882693e-01 6.274509803921568540e-01 7.960784313725489669e-01 1.000000000000000000e+00
5.529411764705882693e-01 6.274509803921568540e-01 7.960784313725489669e-01 1.000000000000000000e+00
5.529411764705882693e-01 6.274509803921568540e-01 7.960784313725489669e-01 1.000000000000000000e+00
5.529411764705882693e-01 6.274509803921568540e-01 7.960784313725489669e-01 1.000000000000000000e+00
5.529411764705882693e-01 6.274509803921568540e-01 7.960784313725489669e-01 1.000000000000000000e+00
5.529411764705882693e-01 6.274509803921568540e-01 7.960784313725489669e-01 1.000000000000000000e+00
5.529411764705882693e-01 6.274509803921568540e-01 7.960784313725489669e-01 1.000000000000000000e+00
5.529411764705882693e-01 6.274509803921568540e-01 7.960784313725489669e-01 1.000000000000000000e+00
5.529411764705882693e-01 6.274509803921568540e-01 7.960784313725489669e-01 1.000000000000000000e+00
5.529411764705882693e-01 6.274509803921568540e-01 7.960784313725489669e-01 1.000000000000000000e+00
5.529411764705882693e-01 6.274509803921568540e-01 7.960784313725489669e-01 1.000000000000000000e+00
5.529411764705882693e-01 6.274509803921568540e-01 7.960784313725489669e-01 1.000000000000000000e+00
9.058823529411764719e-01 5.411764705882352589e-01 7.647058823529411242e-01 1.000000000000000000e+00
9.058823529411764719e-01 5.411764705882352589e-01 7.647058823529411242e-01 1.000000000000000000e+00
9.058823529411764719e-01 5.411764705882352589e-01 7.647058823529411242e-01 1.000000000000000000e+00
9.058823529411764719e-01 5.411764705882352589e-01 7.647058823529411242e-01 1.000000000000000000e+00
9.058823529411764719e-01 5.411764705882352589e-01 7.647058823529411242e-01 1.000000000000000000e+00
9.058823529411764719e-01 5.411764705882352589e-01 7.647058823529411242e-01 1.000000000000000000e+00
9.058823529411764719e-01 5.411764705882352589e-01 7.647058823529411242e-01 1.000000000000000000e+00
9.058823529411764719e-01 5.411764705882352589e-01 7.647058823529411242e-01 1.000000000000000000e+00
9.058823529411764719e-01 5.411764705882352589e-01 7.647058823529411242e-01 1.000000000000000000e+00
9.058823529411764719e-01 5.411764705882352589e-01 7.647058823529411242e-01 1.000000000000000000e+00
9.058823529411764719e-01 5.411764705882352589e-01 7.647058823529411242e-01 1.000000000000000000e+00
9.058823529411764719e-01 5.411764705882352589e-01 7.647058823529411242e-01 1.000000000000000000e+00
9.058823529411764719e-01 5.411764705882352589e-01 7.647058823529411242e-01 1.000000000000000000e+00
9.058823529411764719e-01 5.411764705882352589e-01 7.647058823529411242e-01 1.000000000000000000e+00
9.058823529411764719e-01 5.411764705882352589e-01 7.647058823529411242e-01 1.000000000000000000e+00
9.058823529411764719e-01 5.411764705882352589e-01 7.647058823529411242e-01 1.000000000000000000e+00
9.058823529411764719e-01 5.411764705882352589e-01 7.647058823529411242e-01 1.000000000000000000e+00
9.058823529411764719e-01 5.411764705882352589e-01 7.647058823529411242e-01 1.000000000000000000e+00
9.058823529411764719e-01 5.411764705882352589e-01 7.647058823529411242e-01 1.000000000000000000e+00
9.058823529411764719e-01 5.411764705882352589e-01 7.647058823529411242e-01 1.000000000000000000e+00
9.058823529411764719e-01 5.411764705882352589e-01 7.647058823529411242e-01 1.000000000000000000e+00
9.058823529411764719e-01 5.411764705882352589e-01 7.647058823529411242e-01 1.000000000000000000e+00
9.058823529411764719e-01 5.411764705882352589e-01 7.647058823529411242e-01 1.000000000000000000e+00
9.058823529411764719e-01 5.411764705882352589e-01 7.647058823529411242e-01 1.000000000000000000e+00
9.058823529411764719e-01 5.411764705882352589e-01 7.647058823529411242e-01 1.000000000000000000e+00
9.058823529411764719e-01 5.411764705882352589e-01 7.647058823529411242e-01 1.000000000000000000e+00
9.058823529411764719e-01 5.411764705882352589e-01 7.647058823529411242e-01 1.000000000000000000e+00
9.058823529411764719e-01 5.411764705882352589e-01 7.647058823529411242e-01 1.000000000000000000e+00
9.058823529411764719e-01 5.411764705882352589e-01 7.647058823529411242e-01 1.000000000000000000e+00
9.058823529411764719e-01 5.411764705882352589e-01 7.647058823529411242e-01 1.000000000000000000e+00
9.058823529411764719e-01 5.411764705882352589e-01 7.647058823529411242e-01 1.000000000000000000e+00
6.509803921568627638e-01 8.470588235294117530e-01 3.294117647058823484e-01 1.000000000000000000e+00
6.509803921568627638e-01 8.470588235294117530e-01 3.294117647058823484e-01 1.000000000000000000e+00
6.509803921568627638e-01 8.470588235294117530e-01 3.294117647058823484e-01 1.000000000000000000e+00
6.509803921568627638e-01 8.470588235294117530e-01 3.294117647058823484e-01 1.000000000000000000e+00
6.509803921568627638e-01 8.470588235294117530e-01 3.294117647058823484e-01 1.000000000000000000e+00
6.509803921568627638e-01 8.470588235294117530e-01 3.294117647058823484e-01 1.000000000000000000e+00
6.509803921568627638e-01 8.470588235294117530e-01 3.294117647058823484e-01 1.000000000000000000e+00
6.509803921568627638e-01 8.470588235294117530e-01 3.294117647058823484e-01 1.000000000000000000e+00
6.509803921568627638e-01 8.470588235294117530e-01 3.294117647058823484e-01 1.000000000000000000e+00
6.509803921568627638e-01 8.470588235294117530e-01 3.294117647058823484e-01 1.000000000000000000e+00
6.509803921568627638e-01 8.470588235294117530e-01 3.294117647058823484e-01 1.000000000000000000e+00
6.509803921568627638e-01 8.470588235294117530e-01 3.294117647058823484e-01 1.000000000000000000e+00
6.509803921568627638e-01 8.470588235294117530e-01 3.294117647058823484e-01 1.000000000000000000e+00
6.509803921568627638e-01 8.470588235294117530e-01 3.294117647058823484e-01 1.000000000000000000e+00
6.509803921568627638e-01 8.470588235294117530e-01 3.294117647058823484e-01 1.000000000000000000e+00
6.509803921568627638e-01 8.470588235294117530e-01 3.294117647058823484e-01 1.000000000000000000e+00
6.509803921568627638e-01 8.470588235294117530e-01 3.294117647058823484e-01 1.000000000000000000e+00
6.509803921568627638e-01 8.470588235294117530e-01 3.294117647058823484e-01 1.000000000000000000e+00
6.509803921568627638e-01 8.470588235294117530e-01 3.294117647058823484e-01 1.000000000000000000e+00
6.509803921568627638e-01 8.470588235294117530e-01 3.294117647058823484e-01 1.000000000000000000e+00
6.509803921568627638e-01 8.470588235294117530e-01 3.294117647058823484e-01 1.000000000000000000e+00
6.509803921568627638e-01 8.470588235294117530e-01 3.294117647058823484e-01 1.000000000000000000e+00
6.509803921568627638e-01 8.470588235294117530e-01 3.294117647058823484e-01 1.000000000000000000e+00
6.509803921568627638e-01 8.470588235294117530e-01 3.294117647058823484e-01 1.000000000000000000e+00
6.509803921568627638e-01 8.470588235294117530e-01 3.294117647058823484e-01 1.000000000000000000e+00
6.509803921568627638e-01 8.470588235294117530e-01 3.294117647058823484e-01 1.000000000000000000e+00
6.509803921568627638e-01 8.470588235294117530e-01 3.294117647058823484e-01 1.000000000000000000e+00
6.509803921568627638e-01 8.470588235294117530e-01 3.294117647058823484e-01 1.000000000000000000e+00
6.509803921568627638e-01 8.470588235294117530e-01 3.294117647058823484e-01 1.000000000000000000e+00
6.509803921568627638e-01 8.470588235294117530e-01 3.294117647058823484e-01 1.000000000000000000e+00
6.509803921568627638e-01 8.470588235294117530e-01 3.294117647058823484e-01 1.000000000000000000e+00
6.509803921568627638e-01 8.470588235294117530e-01 3.294117647058823484e-01 1.000000000000000000e+00
1.000000000000000000e+00 8.509803921568627194e-01 1.843137254901960898e-01 1.000000000000000000e+00
1.000000000000000000e+00 8.509803921568627194e-01 1.843137254901960898e-01 1.000000000000000000e+00
1.000000000000000000e+00 8.509803921568627194e-01 1.843137254901960898e-01 1.000000000000000000e+00
1.000000000000000000e+00 8.509803921568627194e-01 1.843137254901960898e-01 1.000000000000000000e+00
1.000000000000000000e+00 8.509803921568627194e-01 1.843137254901960898e-01 1.000000000000000000e+00
1.000000000000000000e+00 8.509803921568627194e-01 1.843137254901960898e-01 1.000000000000000000e+00
1.000000000000000000e+00 8.509803921568627194e-01 1.843137254901960898e-01 1.000000000000000000e+00
1.000000000000000000e+00 8.509803921568627194e-01 1.843137254901960898e-01 1.000000000000000000e+00
1.000000000000000000e+00 8.509803921568627194e-01 1.843137254901960898e-01 1.000000000000000000e+00
1.000000000000000000e+00 8.509803921568627194e-01 1.843137254901960898e-01 1.000000000000000000e+00
1.000000000000000000e+00 8.509803921568627194e-01 1.843137254901960898e-01 1.000000000000000000e+00
1.000000000000000000e+00 8.509803921568627194e-01 1.843137254901960898e-01 1.000000000000000000e+00
1.000000000000000000e+00 8.509803921568627194e-01 1.843137254901960898e-01 1.000000000000000000e+00
1.000000000000000000e+00 8.509803921568627194e-01 1.843137254901960898e-01 1.000000000000000000e+00
1.000000000000000000e+00 8.509803921568627194e-01 1.843137254901960898e-01 1.000000000000000000e+00
1.000000000000000000e+00 8.509803921568627194e-01 1.843137254901960898e-01 1.000000000000000000e+00
1.000000000000000000e+00 8.509803921568627194e-01 1.843137254901960898e-01 1.000000000000000000e+00
1.000000000000000000e+00 8.509803921568627194e-01 1.843137254901960898e-01 1.000000000000000000e+00
1.000000000000000000e+00 8.509803921568627194e-01 1.843137254901960898e-01 1.000000000000000000e+00
1.000000000000000000e+00 8.509803921568627194e-01 1.843137254901960898e-01 1.000000000000000000e+00
1.000000000000000000e+00 8.509803921568627194e-01 1.843137254901960898e-01 1.000000000000000000e+00
1.000000000000000000e+00 8.509803921568627194e-01 1.843137254901960898e-01 1.000000000000000000e+00
1.000000000000000000e+00 8.509803921568627194e-01 1.843137254901960898e-01 1.000000000000000000e+00
1.000000000000000000e+00 8.509803921568627194e-01 1.843137254901960898e-01 1.000000000000000000e+00
1.000000000000000000e+00 8.509803921568627194e-01 1.843137254901960898e-01 1.000000000000000000e+00
1.000000000000000000e+00 8.509803921568627194e-01 1.843137254901960898e-01 1.000000000000000000e+00
1.000000000000000000e+00 8.509803921568627194e-01 1.843137254901960898e-01 1.000000000000000000e+00
1.000000000000000000e+00 8.509803921568627194e-01 1.843137254901960898e-01 1.000000000000000000e+00
1.000000000000000000e+00 8.509803921568627194e-01 1.843137254901960898e-01 1.000000000000000000e+00
1.000000000000000000e+00 8.509803921568627194e-01 1.843137254901960898e-01 1.000000000000000000e+00
1.000000000000000000e+00 8.509803921568627194e-01 1.843137254901960898e-01 1.000000000000000000e+00
1.000000000000000000e+00 8.509803921568627194e-01 1.843137254901960898e-01 1.000000000000000000e+00
8.980392156862745390e-01 7.686274509803922017e-01 5.803921568627451455e-01 1.000000000000000000e+00
8.980392156862745390e-01 7.686274509803922017e-01 5.803921568627451455e-01 1.000000000000000000e+00
8.980392156862745390e-01 7.686274509803922017e-01 5.803921568627451455e-01 1.000000000000000000e+00
8.980392156862745390e-01 7.686274509803922017e-01 5.803921568627451455e-01 1.000000000000000000e+00
8.980392156862745390e-01 7.686274509803922017e-01 5.803921568627451455e-01 1.000000000000000000e+00
8.980392156862745390e-01 7.686274509803922017e-01 5.803921568627451455e-01 1.000000000000000000e+00
8.980392156862745390e-01 7.686274509803922017e-01 5.803921568627451455e-01 1.000000000000000000e+00
8.980392156862745390e-01 7.686274509803922017e-01 5.803921568627451455e-01 1.000000000000000000e+00
8.980392156862745390e-01 7.686274509803922017e-01 5.803921568627451455e-01 1.000000000000000000e+00
8.980392156862745390e-01 7.686274509803922017e-01 5.803921568627451455e-01 1.000000000000000000e+00
8.980392156862745390e-01 7.686274509803922017e-01 5.803921568627451455e-01 1.000000000000000000e+00
8.980392156862745390e-01 7.686274509803922017e-01 5.803921568627451455e-01 1.000000000000000000e+00
8.980392156862745390e-01 7.686274509803922017e-01 5.803921568627451455e-01 1.000000000000000000e+00
8.980392156862745390e-01 7.686274509803922017e-01 5.803921568627451455e-01 1.000000000000000000e+00
8.980392156862745390e-01 7.686274509803922017e-01 5.803921568627451455e-01 1.000000000000000000e+00
8.980392156862745390e-01 7.686274509803922017e-01 5.803921568627451455e-01 1.000000000000000000e+00
8.980392156862745390e-01 7.686274509803922017e-01 5.803921568627451455e-01 1.000000000000000000e+00
8.980392156862745390e-01 7.686274509803922017e-01 5.803921568627451455e-01 1.000000000000000000e+00
8.980392156862745390e-01 7.686274509803922017e-01 5.803921568627451455e-01 1.000000000000000000e+00
8.980392156862745390e-01 7.686274509803922017e-01 5.803921568627451455e-01 1.000000000000000000e+00
8.980392156862745390e-01 7.686274509803922017e-01 5.803921568627451455e-01 1.000000000000000000e+00
8.980392156862745390e-01 7.686274509803922017e-01 5.803921568627451455e-01 1.000000000000000000e+00
8.980392156862745390e-01 7.686274509803922017e-01 5.803921568627451455e-01 1.000000000000000000e+00
8.980392156862745390e-01 7.686274509803922017e-01 5.803921568627451455e-01 1.000000000000000000e+00
8.980392156862745390e-01 7.686274509803922017e-01 5.803921568627451455e-01 1.000000000000000000e+00
8.980392156862745390e-01 7.686274509803922017e-01 5.803921568627451455e-01 1.000000000000000000e+00
8.980392156862745390e-01 7.686274509803922017e-01 5.803921568627451455e-01 1.000000000000000000e+00
8.980392156862745390e-01 7.686274509803922017e-01 5.803921568627451455e-01 1.000000000000000000e+00
8.980392156862745390e-01 7.686274509803922017e-01 5.803921568627451455e-01 1.000000000000000000e+00
8.980392156862745390e-01 7.686274509803922017e-01 5.803921568627451455e-01 1.000000000000000000e+00
8.980392156862745390e-01 7.686274509803922017e-01 5.803921568627451455e-01 1.000000000000000000e+00
8.980392156862745390e-01 7.686274509803922017e-01 5.803921568627451455e-01 1.000000000000000000e+00
7.019607843137254388e-01 7.019607843137254388e-01 7.019607843137254388e-01 1.000000000000000000e+00
7.019607843137254388e-01 7.019607843137254388e-01 7.019607843137254388e-01 1.000000000000000000e+00
7.019607843137254388e-01 7.019607843137254388e-01 7.019607843137254388e-01 1.000000000000000000e+00
7.019607843137254388e-01 7.019607843137254388e-01 7.019607843137254388e-01 1.000000000000000000e+00
7.019607843137254388e-01 7.019607843137254388e-01 7.019607843137254388e-01 1.000000000000000000e+00
7.019607843137254388e-01 7.019607843137254388e-01 7.019607843137254388e-01 1.000000000000000000e+00
7.019607843137254388e-01 7.019607843137254388e-01 7.019607843137254388e-01 1.000000000000000000e+00
7.019607843137254388e-01 7.019607843137254388e-01 7.019607843137254388e-01 1.000000000000000000e+00
7.019607843137254388e-01 7.019607843137254388e-01 7.019607843137254388e-01 1.000000000000000000e+00
7.019607843137254388e-01 7.019607843137254388e-01 7.019607843137254388e-01 1.000000000000000000e+00
7.019607843137254388e-01 7.019607843137254388e-01 7.019607843137254388e-01 1.000000000000000000e+00
7.019607843137254388e-01 7.019607843137254388e-01 7.019607843137254388e-01 1.000000000000000000e+00
7.019607843137254388e-01 7.019607843137254388e-01 7.019607843137254388e-01 1.000000000000000000e+00
7.019607843137254388e-01 7.019607843137254388e-01 7.019607843137254388e-01 1.000000000000000000e+00
7.019607843137254388e-01 7.019607843137254388e-01 7.019607843137254388e-01 1.000000000000000000e+00
7.019607843137254388e-01 7.019607843137254388e-01 7.019607843137254388e-01 1.000000000000000000e+00
7.019607843137254388e-01 7.019607843137254388e-01 7.019607843137254388e-01 1.000000000000000000e+00
7.019607843137254388e-01 7.019607843137254388e-01 7.019607843137254388e-01 1.000000000000000000e+00
7.019607843137254388e-01 7.019607843137254388e-01 7.019607843137254388e-01 1.000000000000000000e+00
7.019607843137254388e-01 7.019607843137254388e-01 7.019607843137254388e-01 1.000000000000000000e+00
7.019607843137254388e-01 7.019607843137254388e-01 7.019607843137254388e-01 1.000000000000000000e+00
7.019607843137254388e-01 7.019607843137254388e-01 7.019607843137254388e-01 1.000000000000000000e+00
7.019607843137254388e-01 7.019607843137254388e-01 7.019607843137254388e-01 1.000000000000000000e+00
7.019607843137254388e-01 7.019607843137254388e-01 7.019607843137254388e-01 1.000000000000000000e+00
7.019607843137254388e-01 7.019607843137254388e-01 7.019607843137254388e-01 1.000000000000000000e+00
7.019607843137254388e-01 7.019607843137254388e-01 7.019607843137254388e-01 1.000000000000000000e+00
7.019607843137254388e-01 7.019607843137254388e-01 7.019607843137254388e-01 1.000000000000000000e+00
7.019607843137254388e-01 7.019607843137254388e-01 7.019607843137254388e-01 1.000000000000000000e+00
7.019607843137254388e-01 7.019607843137254388e-01 7.019607843137254388e-01 1.000000000000000000e+00
7.019607843137254388e-01 7.019607843137254388e-01 7.019607843137254388e-01 1.000000000000000000e+00
7.019607843137254388e-01 7.019607843137254388e-01 7.019607843137254388e-01 1.000000000000000000e+00
7.019607843137254388e-01 7.019607843137254388e-01 7.019607843137254388e-01 1.000000000000000000e+00
