1.000000000000000000e+00 9.294117647058823817e-01 4.352941176470588314e-01 1.000000000000000000e+00
1.000000000000000000e+00 9.294117647058823817e-01 4.352941176470588314e-01 1.000000000000000000e+00
1.000000000000000000e+00 9.294117647058823817e-01 4.352941176470588314e-01 1.000000000000000000e+00
1.000000000000000000e+00 9.294117647058823817e-01 4.352941176470588314e-01 1.000000000000000000e+00
1.000000000000000000e+00 9.294117647058823817e-01 4.352941176470588314e-01 1.000000000000000000e+00
1.000000000000000000e+00 9.294117647058823817e-01 4.352941176470588314e-01 1.000000000000000000e+00
1.000000000000000000e+00 9.294117647058823817e-01 4.352941176470588314e-01 1.000000000000000000e+00
1.000000000000000000e+00 9.294117647058823817e-01 4.352941176470588314e-01 1.000000000000000000e+00
1.000000000000000000e+00 9.294117647058823817e-01 4.352941176470588314e-01 1.000000000000000000e+00
1.000000000000000000e+00 9.294117647058823817e-01 4.352941176470588314e-01 1.000000000000000000e+00
1.000000000000000000e+00 9.294117647058823817e-01 4.352941176470588314e-01 1.000000000000000000e+00
1.000000000000000000e+00 9.294117647058823817e-01 4.352941176470588314e-01 1.000000000000000000e+00
1.000000000000000000e+00 9.294117647058823817e-01 4.352941176470588314e-01 1.000000000000000000e+00
1.000000000000000000e+00 9.294117647058823817e-01 4.352941176470588314e-01 1.000000000000000000e+00
1.000000000000000000e+00 9.294117647058823817e-01 4.352941176470588314e-01 1.000000000000000000e+00
1.000000000000000000e+00 9.294117647058823817e-01 4.352941176470588314e-01 1.000000000000000000e+00
1.000000000000000000e+00 9.294117647058823817e-01 4.352941176470588314e-01 1.000000000000000000e+00
1.000000000000000000e+00 9.294117647058823817e-01 4.352941176470588314e-01 1.000000000000000000e+00
1.000000000000000000e+00 9.294117647058823817e-01 4.352941176470588314e-01 1.000000000000000000e+00
1.000000000000000000e+00 9.294117647058823817e-01 4.352941176470588314e-01 1.000000000000000000e+00
1.000000000000000000e+00 9.294117647058823817e-01 4.352941176470588314e-01 1.000000000000000000e+00
1.000000000000000000e+00 9.294117647058823817e-01 4.352941176470588314e-01 1.000000000000000000e+00
8.000000000000000444e-01 9.215686274509803377e-01 7.725490196078431682e-01 1.000000000000000000e+00
8.000000000000000444e-01 9.215686274509803377e-01 7.725490196078431682e-01 1.000000000000000000e+00
8.000000000000000444e-01 9.215686274509803377e-01 7.725490196078431682e-01 1.000000000000000000e+00
8.000000000000000444e-01 9.215686274509803377e-01 7.725490196078431682e-01 1.000000000000000000e+00
8.000000000000000444e-01 9.215686274509803377e-01 7.725490196078431682e-01 1.000000000000000000e+00
8.000000000000000444e-01 9.215686274509803377e-01 7.725490196078431682e-01 1.000000000000000000e+00
8.000000000000000444e-01 9.215686274509803377e-01 7.725490196078431682e-01 1.000000000000000000e+00
8.000000000000000444e-01 9.215686274509803377e-01 7.725490196078431682e-01 1.000000000000000000e+00
8.000000000000000444e-01 9.215686274509803377e-01 7.725490196078431682e-01 1.000000000000000000e+00
8.000000000000000444e-01 9.215686274509803377e-01 7.725490196078431682e-01 1.000000000000000000e+00
8.000000000000000444e-01 9.215686274509803377e-01 7.725490196078431682e-01 1.000000000000000000e+00
8.000000000000000444e-01 9.215686274509803377e-01 7.725490196078431682e-01 1.000000000000000000e+00
8.000000000000000444e-01 9.215686274509803377e-01 7.725490196078431682e-01 1.000000000000000000e+00
8.000000000000000444e-01 9.215686274509803377e-01 7.725490196078431682e-01 1.000000000000000000e+00
8.000000000000000444e-01 9.215686274509803377e-01 7.725490196078431682e-01 1.000000000000000000e+00
8.000000000000000444e-01 9.215686274509803377e-01 7.725490196078431682e-01 1.000000000000000000e+00
8.000000000000000444e-01 9.215686274509803377e-01 7.725490196078431682e-01 1.000000000000000000e+00
8.000000000000000444e-01 9.215686274509803377e-01 7.725490196078431682e-01 1.000000000000000000e+00
8.000000000000000444e-01 9.215686274509803377e-01 7.725490196078431682e-01 1.000000000000000000e+00
8.000000000000000444e-01 9.215686274509803377e-01 7.725490196078431682e-01 1.000000000000000000e+00
8.000000000000000444e-01 9.215686274509803377e-01 7.725490196078431682e-01 1.000000000000000000e+00
7.372549019607843590e-01 5.019607843137254832e-01 7.411764705882353255e-01 1.000000000000000000e+00
7.372549019607843590e-01 5.019607843137254832e-01 7.411764705882353255e-01 1.000000000000000000e+00
7.372549019607843590e-01 5.019607843137254832e-01 7.411764705882353255e-01 1.000000000000000000e+00
7.372549019607843590e-01 5.019607843137254832e-01 7.411764705882353255e-01 1.000000000000000000e+00
7.372549019607843590e-01 5.019607843137254832e-01 7.411764705882353255e-01 1.000000000000000000e+00
7.372549019607843590e-01 5.019607843137254832e-01 7.411764705882353255e-01 1.000000000000000000e+00
7.372549019607843590e-01 5.019607843137254832e-01 7.411764705882353255e-01 1.000000000000000000e+00
7.372549019607843590e-01 5.019607843137254832e-01 7.411764705882353255e-01 1.000000000000000000e+00
7.372549019607843590e-01 5.019607843137254832e-01 7.411764705882353255e-01 1.000000000000000000e+00
7.372549019607843590e-01 5.019607843137254832e-01 7.411764705882353255e-01 1.000000000000000000e+00
7.372549019607843590e-01 5.019607843137254832e-01 7.411764705882353255e-01 1.000000000000000000e+00
7.372549019607843590e-01 5.019607843137254832e-01 7.411764705882353255e-01 1.000000000000000000e+00
7.372549019607843590e-01 5.019607843137254832e-01 7.411764705882353255e-01 1.000000000000000000e+00
7.372549019607843590e-01 5.019607843137254832e-01 7.411764705882353255e-01 1.000000000000000000e+00
7.372549019607843590e-01 5.019607843137254832e-01 7.411764705882353255e-01 1.000000000000000000e+00
7.372549019607843590e-01 5.019607843137254832e-01 7.411764705882353255e-01 1.000000000000000000e+00
7.372549019607843590e-01 5.019607843137254832e-01 7.411764705882353255e-01 1.000000000000000000e+00
7.372549019607843590e-01 5.019607843137254832e-01 7.411764705882353255e-01 1.000000000000000000e+00
7.372549019607843590e-01 5.019607843137254832e-01 7.411764705882353255e-01 1.000000000000000000e+00
7.372549019607843590e-01 5.019607843137254832e-01 7.411764705882353255e-01 1.000000000000000000e+00
7.372549019607843590e-01 5.019607843137254832e-01 7.411764705882353255e-01 1.000000000000000000e+00
8.509803921568627194e-01 8.509803921568627194e-01 8.509803921568627194e-01 1.000000000000000000e+00
8.509803921568627194e-01 8.509803921568627194e-01 8.509803921568627194e-01 1.000000000000000000e+00
8.509803921568627194e-01 8.509803921568627194e-01 8.509803921568627194e-01 1.000000000000000000e+00
8.509803921568627194e-01 8.509803921568627194e-01 8.509803921568627194e-01 1.000000000000000000e+00
8.509803921568627194e-01 8.509803921568627194e-01 8.509803921568627194e-01 1.000000000000000000e+00
8.509803921568627194e-01 8.509803921568627194e-01 8.509803921568627194e-01 1.000000000000000000e+00
8.509803921568627194e-01 8.509803921568627194e-01 8.509803921568627194e-01 1.000000000000000000e+00
8.509803921568627194e-01 8.509803921568627194e-01 8.509803921568627194e-01 1.000000000000000000e+00
8.509803921568627194e-01 8.509803921568627194e-01 8.509803921568627194e-01 1.000000000000000000e+00
8.509803921568627194e-01 8.509803921568627194e-01 8.509803921568627194e-01 1.000000000000000000e+00
8.509803921568627194e-01 8.509803921568627194e-01 8.509803921568627194e-01 1.000000000000000000e+00
8.509803921568627194e-01 8.509803921568627194e-01 8.509803921568627194e-01 1.000000000000000000e+00
8.509803921568627194e-01 8.509803921568627194e-01 8.509803921568627194e-01 1.000000000000000000e+00
8.509803921568627194e-01 8.509803921568627194e-01 8.509803921568627194e-01 1.000000000000000000e+00
8.509803921568627194e-01 8.509803921568627194e-01 8.509803921568627194e-01 1.000000000000000000e+00
8.509803921568627194e-01 8.509803921568627194e-01 8.509803921568627194e-01 1.000000000000000000e+00
8.509803921568627194e-01 8.509803921568627194e-01 8.509803921568627194e-01 1.000000000000000000e+00
8.509803921568627194e-01 8.509803921568627194e-01 8.509803921568627194e-01 1.000000000000000000e+00
8.509803921568627194e-01 8.509803921568627194e-01 8.509803921568627194e-01 1.000000000000000000e+00
8.509803921568627194e-01 8.509803921568627194e-01 8.509803921568627194e-01 1.000000000000000000e+00
8.509803921568627194e-01 8.509803921568627194e-01 8.509803921568627194e-01 1.000000000000000000e+00
9.882352941176471006e-01 8.039215686274510109e-01 8.980392156862745390e-01 1.000000000000000000e+00
9.882352941176471006e-01 8.039215686274510109e-01 8.980392156862745390e-01 1.000000000000000000e+00
9.882352941176471006e-01 8.039215686274510109e-01 8.980392156862745390e-01 1.000000000000000000e+00
9.882352941176471006e-01 8.039215686274510109e-01 8.980392156862745390e-01 1.000000000000000000e+00
9.882352941176471006e-01 8.039215686274510109e-01 8.980392156862745390e-01 1.000000000000000000e+00
9.882352941176471006e-01 8.039215686274510109e-01 8.980392156862745390e-01 1.000000000000000000e+00
9.882352941176471006e-01 8.039215686274510109e-01 8.980392156862745390e-01 1.000000000000000000e+00
9.882352941176471006e-01 8.039215686274510109e-01 8.980392156862745390e-01 1.000000000000000000e+00
9.882352941176471006e-01 8.039215686274510109e-01 8.980392156862745390e-01 1.000000000000000000e+00
9.882352941176471006e-01 8.039215686274510109e-01 8.980392156862745390e-01 1.000000000000000000e+00
9.882352941176471006e-01 8.039215686274510109e-01 8.980392156862745390e-01 1.000000000000000000e+00
9.882352941176471006e-01 8.039215686274510109e-01 8.980392156862745390e-01 1.000000000000000000e+00
9.882352941176471006e-01 8.039215686274510109e-01 8.980392156862745390e-01 1.000000000000000000e+00
9.882352941176471006e-01 8.039215686274510109e-01 8.980392156862745390e-01 1.000000000000000000e+00
9.882352941176471006e-01 8.039215686274510109e-01 8.980392156862745390e-01 1.000000000000000000e+00
9.882352941176471006e-01 8.039215686274510109e-01 8.980392156862745390e-01 1.000000000000000000e+00
9.882352941176471006e-01 8.039215686274510109e-01 8.980392156862745390e-01 1.000000000000000000e+00
9.882352941176471006e-01 8.039215686274510109e-01 8.980392156862745390e-01 1.000000000000000000e+00
9.882352941176471006e-01 8.039215686274510109e-01 8.980392156862745390e-01 1.000000000000000000e+00
9.882352941176471006e-01 8.039215686274510109e-01 8.980392156862745390e-01 1.000000000000000000e+00
9.882352941176471006e-01 8.039215686274510109e-01 8.980392156862745390e-01 1.000000000000000000e+00
7.019607843137254388e-01 8.705882352941176627e-01 4.117647058823529216e-01 1.000000000000000000e+00
7.019607843137254388e-01 8.705882352941176627e-01 4.117647058823529216e-01 1.000000000000000000e+00
7.019607843137254388e-01 8.705882352941176627e-01 4.117647058823529216e-01 1.000000000000000000e+00
7.019607843137254388e-01 8.705882352941176627e-01 4.117647058823529216e-01 1.000000000000000000e+00
7.019607843137254388e-01 8.705882352941176627e-01 4.117647058823529216e-01 1.000000000000000000e+00
7.019607843137254388e-01 8.705882352941176627e-01 4.117647058823529216e-01 1.000000000000000000e+00
7.019607843137254388e-01 8.705882352941176627e-01 4.117647058823529216e-01 1.000000000000000000e+00
7.019607843137254388e-01 8.705882352941176627e-01 4.117647058823529216e-01 1.000000000000000000e+00
7.019607843137254388e-01 8.705882352941176627e-01 4.117647058823529216e-01 1.000000000000000000e+00
7.019607843137254388e-01 8.705882352941176627e-01 4.117647058823529216e-01 1.000000000000000000e+00
7.019607843137254388e-01 8.705882352941176627e-01 4.117647058823529216e-01 1.000000000000000000e+00
7.019607843137254388e-01 8.705882352941176627e-01 4.117647058823529216e-01 1.000000000000000000e+00
7.019607843137254388e-01 8.705882352941176627e-01 4.117647058823529216e-01 1.000000000000000000e+00
7.019607843137254388e-01 8.705882352941176627e-01 4.117647058823529216e-01 1.000000000000000000e+00
7.019607843137254388e-01 8.705882352941176627e-01 4.117647058823529216e-01 1.000000000000000000e+00
7.019607843137254388e-01 8.705882352941176627e-01 4.117647058823529216e-01 1.000000000000000000e+00
7.019607843137254388e-01 8.705882352941176627e-01 4.117647058823529216e-01 1.000000000000000000e+00
7.019607843137254388e-01 8.705882352941176627e-01 4.117647058823529216e-01 1.000000000000000000e+00
7.019607843137254388e-01 8.705882352941176627e-01 4.117647058823529216e-01 1.000000000000000000e+00
7.019607843137254388e-01 8.705882352941176627e-01 4.117647058823529216e-01 1.000000000000000000e+00
7.019607843137254388e-01 8.705882352941176627e-01 4.117647058823529216e-01 1.000000000000000000e+00
9.921568627450980671e-01 7.058823529411765163e-01 3.843137254901961009e-01 1.000000000000000000e+00
9.921568627450980671e-01 7.058823529411765163e-01 3.843137254901961009e-01 1.000000000000000000e+00
9.921568627450980671e-01 7.058823529411765163e-01 3.843137254901961009e-01 1.000000000000000000e+00
9.921568627450980671e-01 7.058823529411765163e-01 3.843137254901961009e-01 1.000000000000000000e+00
9.921568627450980671e-01 7.058823529411765163e-01 3.843137254901961009e-01 1.000000000000000000e+00
9.921568627450980671e-01 7.058823529411765163e-01 3.843137254901961009e-01 1.000000000000000000e+00
9.921568627450980671e-01 7.058823529411765163e-01 3.843137254901961009e-01 1.000000000000000000e+00
9.921568627450980671e-01 7.058823529411765163e-01 3.843137254901961009e-01 1.000000000000000000e+00
9.921568627450980671e-01 7.058823529411765163e-01 3.843137254901961009e-01 1.000000000000000000e+00
9.921568627450980671e-01 7.058823529411765163e-01 3.843137254901961009e-01 1.000000000000000000e+00
9.921568627450980671e-01 7.058823529411765163e-01 3.843137254901961009e-01 1.000000000000000000e+00
9.921568627450980671e-01 7.058823529411765163e-01 3.843137254901961009e-01 1.000000000000000000e+00
9.921568627450980671e-01 7.058823529411765163e-01 3.843137254901961009e-01 1.000000000000000000e+00
9.921568627450980671e-01 7.058823529411765163e-01 3.843137254901961009e-01 1.000000000000000000e+00
9.921568627450980671e-01 7.058823529411765163e-01 3.843137254901961009e-01 1.000000000000000000e+00
9.921568627450980671e-01 7.058823529411765163e-01 3.843137254901961009e-01 1.000000000000000000e+00
9.921568627450980671e-01 7.058823529411765163e-01 3.843137254901961009e-01 1.000000000000000000e+00
9.921568627450980671e-01 7.058823529411765163e-01 3.843137254901961009e-01 1.000000000000000000e+00
9.921568627450980671e-01 7.058823529411765163e-01 3.843137254901961009e-01 1.000000000000000000e+00
9.921568627450980671e-01 7.058823529411765163e-01 3.843137254901961009e-01 1.000000000000000000e+00
9.921568627450980671e-01 7.058823529411765163e-01 3.843137254901961009e-01 1.000000000000000000e+00
9.921568627450980671e-01 7.058823529411765163e-01 3.843137254901961009e-01 1.000000000000000000e+00
5.019607843137254832e-01 6.941176470588235059e-01 8.274509803921568096e-01 1.000000000000000000e+00
5.019607843137254832e-01 6.941176470588235059e-01 8.274509803921568096e-01 1.000000000000000000e+00
5.019607843137254832e-01 6.941176470588235059e-01 8.274509803921568096e-01 1.000000000000000000e+00
5.019607843137254832e-01 6.941176470588235059e-01 8.274509803921568096e-01 1.000000000000000000e+00
5.019607843137254832e-01 6.941176470588235059e-01 8.274509803921568096e-01 1.000000000000000000e+00
5.019607843137254832e-01 6.941176470588235059e-01 8.274509803921568096e-01 1.000000000000000000e+00
5.019607843137254832e-01 6.941176470588235059e-01 8.274509803921568096e-01 1.000000000000000000e+00
5.019607843137254832e-01 6.941176470588235059e-01 8.274509803921568096e-01 1.000000000000000000e+00
5.019607843137254832e-01 6.941176470588235059e-01 8.274509803921568096e-01 1.000000000000000000e+00
5.019607843137254832e-01 6.941176470588235059e-01 8.274509803921568096e-01 1.000000000000000000e+00
5.019607843137254832e-01 6.941176470588235059e-01 8.274509803921568096e-01 1.000000000000000000e+00
5.019607843137254832e-01 6.941176470588235059e-01 8.274509803921568096e-01 1.000000000000000000e+00
5.019607843137254832e-01 6.941176470588235059e-01 8.274509803921568096e-01 1.000000000000000000e+00
5.019607843137254832e-01 6.941176470588235059e-01 8.274509803921568096e-01 1.000000000000000000e+00
5.019607843137254832e-01 6.941176470588235059e-01 8.274509803921568096e-01 1.000000000000000000e+00
5.019607843137254832e-01 6.941176470588235059e-01 8.274509803921568096e-01 1.000000000000000000e+00
5.019607843137254832e-01 6.941176470588235059e-01 8.274509803921568096e-01 1.000000000000000000e+00
5.019607843137254832e-01 6.941176470588235059e-01 8.274509803921568096e-01 1.000000000000000000e+00
5.019607843137254832e-01 6.941176470588235059e-01 8.274509803921568096e-01 1.000000000000000000e+00
5.019607843137254832e-01 6.941176470588235059e-01 8.274509803921568096e-01 1.000000000000000000e+00
5.019607843137254832e-01 6.941176470588235059e-01 8.274509803921568096e-01 1.000000000000000000e+00
9.843137254901960231e-01 5.019607843137254832e-01 4.470588235294117863e-01 1.000000000000000000e+00
9.843137254901960231e-01 5.019607843137254832e-01 4.470588235294117863e-01 1.000000000000000000e+00
9.843137254901960231e-01 5.019607843137254832e-01 4.470588235294117863e-01 1.000000000000000000e+00
9.843137254901960231e-01 5.019607843137254832e-01 4.470588235294117863e-01 1.000000000000000000e+00
9.843137254901960231e-01 5.019607843137254832e-01 4.470588235294117863e-01 1.000000000000000000e+00
9.843137254901960231e-01 5.019607843137254832e-01 4.470588235294117863e-01 1.000000000000000000e+00
9.843137254901960231e-01 5.019607843137254832e-01 4.470588235294117863e-01 1.000000000000000000e+00
9.843137254901960231e-01 5.019607843137254832e-01 4.470588235294117863e-01 1.000000000000000000e+00
9.843137254901960231e-01 5.019607843137254832e-01 4.470588235294117863e-01 1.000000000000000000e+00
9.843137254901960231e-01 5.019607843137254832e-01 4.470588235294117863e-01 1.000000000000000000e+00
9.843137254901960231e-01 5.019607843137254832e-01 4.470588235294117863e-01 1.000000000000000000e+00
9.843137254901960231e-01 5.019607843137254832e-01 4.470588235294117863e-01 1.000000000000000000e+00
9.843137254901960231e-01 5.019607843137254832e-01 4.470588235294117863e-01 1.000000000000000000e+00
9.843137254901960231e-01 5.019607843137254832e-01 4.470588235294117863e-01 1.000000000000000000e+00
9.843137254901960231e-01 5.019607843137254832e-01 4.470588235294117863e-01 1.000000000000000000e+00
9.843137254901960231e-01 5.019607843137254832e-01 4.470588235294117863e-01 1.000000000000000000e+00
9.843137254901960231e-01 5.019607843137254832e-01 4.470588235294117863e-01 1.000000000000000000e+00
9.843137254901960231e-01 5.019607843137254832e-01 4.470588235294117863e-01 1.000000000000000000e+00
9.843137254901960231e-01 5.019607843137254832e-01 4.470588235294117863e-01 1.000000000000000000e+00
9.843137254901960231e-01 5.019607843137254832e-01 4.470588235294117863e-01 1.000000000000000000e+00
9.843137254901960231e-01 5.019607843137254832e-01 4.470588235294117863e-01 1.000000000000000000e+00
7.450980392156862919e-01 7.294117647058823151e-01 8.549019607843136859e-01 1.000000000000000000e+00
7.450980392156862919e-01 7.294117647058823151e-01 8.549019607843136859e-01 1.000000000000000000e+00
7.450980392156862919e-01 7.294117647058823151e-01 8.549019607843136859e-01 1.000000000000000000e+00
7.450980392156862919e-01 7.294117647058823151e-01 8.549019607843136859e-01 1.000000000000000000e+00
7.450980392156862919e-01 7.294117647058823151e-01 8.549019607843136859e-01 1.000000000000000000e+00
7.450980392156862919e-01 7.294117647058823151e-01 8.549019607843136859e-01 1.000000000000000000e+00
7.450980392156862919e-01 7.294117647058823151e-01 8.549019607843136859e-01 1.000000000000000000e+00
7.450980392156862919e-01 7.294117647058823151e-01 8.549019607843136859e-01 1.000000000000000000e+00
7.450980392156862919e-01 7.294117647058823151e-01 8.549019607843136859e-01 1.000000000000000000e+00
7.450980392156862919e-01 7.294117647058823151e-01 8.549019607843136859e-01 1.000000000000000000e+00
7.450980392156862919e-01 7.294117647058823151e-01 8.549019607843136859e-01 1.000000000000000000e+00
7.450980392156862919e-01 7.294117647058823151e-01 8.549019607843136859e-01 1.000000000000000000e+00
7.450980392156862919e-01 7.294117647058823151e-01 8.549019607843136859e-01 1.000000000000000000e+00
7.450980392156862919e-01 7.294117647058823151e-01 8.549019607843136859e-01 1.000000000000000000e+00
7.450980392156862919e-01 7.294117647058823151e-01 8.549019607843136859e-01 1.000000000000000000e+00
7.450980392156862919e-01 7.294117647058823151e-01 8.549019607843136859e-01 1.000000000000000000e+00
7.450980392156862919e-01 7.294117647058823151e-01 8.549019607843136859e-01 1.000000000000000000e+00
7.450980392156862919e-01 7.294117647058823151e-01 8.549019607843136859e-01 1.000000000000000000e+00
7.450980392156862919e-01 7.294117647058823151e-01 8.549019607843136859e-01 1.000000000000000000e+00
7.450980392156862919e-01 7.294117647058823151e-01 8.549019607843136859e-01 1.000000000000000000e+00
7.450980392156862919e-01 7.294117647058823151e-01 8.549019607843136859e-01 1.000000000000000000e+00
1.000000000000000000e+00 1.000000000000000000e+00 7.019607843137254388e-01 1.000000000000000000e+00
1.000000000000000000e+00 1.000000000000000000e+00 7.019607843137254388e-01 1.000000000000000000e+00
1.000000000000000000e+00 1.000000000000000000e+00 7.019607843137254388e-01 1.000000000000000000e+00
1.000000000000000000e+00 1.000000000000000000e+00 7.019607843137254388e-01 1.000000000000000000e+00
1.000000000000000000e+00 1.000000000000000000e+00 7.019607843137254388e-01 1.000000000000000000e+00
1.000000000000000000e+00 1.000000000000000000e+00 7.019607843137254388e-01 1.000000000000000000e+00
1.000000000000000000e+00 1.000000000000000000e+00 7.019607843137254388e-01 1.000000000000000000e+00
1.000000000000000000e+00 1.000000000000000000e+00 7.019607843137254388e-01 1.000000000000000000e+00
1.000000000000000000e+00 1.000000000000000000e+00 7.019607843137254388e-01 1.000000000000000000e+00
1.000000000000000000e+00 1.000000000000000000e+00 7.019607843137254388e-01 1.000000000000000000e+00
1.000000000000000000e+00 1.000000000000000000e+00 7.019607843137254388e-01 1.000000000000000000e+00
1.000000000000000000e+00 1.000000000000000000e+00 7.019607843137254388e-01 1.000000000000000000e+00
1.000000000000000000e+00 1.000000000000000000e+00 7.019607843137254388e-01 1.000000000000000000e+00
1.000000000000000000e+00 1.000000000000000000e+00 7.019607843137254388e-01 1.000000000000000000e+00
1.000000000000000000e+00 1.000000000000000000e+00 7.019607843137254388e-01 1.000000000000000000e+00
1.000000000000000000e+00 1.000000000000000000e+00 7.019607843137254388e-01 1.000000000000000000e+00
1.000000000000000000e+00 1.000000000000000000e+00 7.019607843137254388e-01 1.000000000000000000e+00
1.000000000000000000e+00 1.000000000000000000e+00 7.019607843137254388e-01 1.000000000000000000e+00
1.000000000000000000e+00 1.000000000000000000e+00 7.019607843137254388e-01 1.000000000000000000e+00
1.000000000000000000e+00 1.000000000000000000e+00 7.019607843137254388e-01 1.000000000000000000e+00
1.000000000000000000e+00 1.000000000000000000e+00 7.019607843137254388e-01 1.000000000000000000e+00
5.529411764705882693e-01 8.274509803921568096e-01 7.803921568627451011e-01 1.000000000000000000e+00
5.529411764705882693e-01 8.274509803921568096e-01 7.803921568627451011e-01 1.000000000000000000e+00
5.529411764705882693e-01 8.274509803921568096e-01 7.803921568627451011e-01 1.000000000000000000e+00
5.529411764705882693e-01 8.274509803921568096e-01 7.803921568627451011e-01 1.000000000000000000e+00
5.529411764705882693e-01 8.274509803921568096e-01 7.803921568627451011e-01 1.000000000000000000e+00
5.529411764705882693e-01 8.274509803921568096e-01 7.803921568627451011e-01 1.000000000000000000e+00
5.529411764705882693e-01 8.274509803921568096e-01 7.803921568627451011e-01 1.000000000000000000e+00
5.529411764705882693e-01 8.274509803921568096e-01 7.803921568627451011e-01 1.000000000000000000e+00
5.529411764705882693e-01 8.274509803921568096e-01 7.803921568627451011e-01 1.000000000000000000e+00
5.529411764705882693e-01 8.274509803921568096e-01 7.803921568627451011e-01 1.000000000000000000e+00
5.529411764705882693e-01 8.274509803921568096e-01 7.803921568627451011e-01 1.000000000000000000e+00
5.529411764705882693e-01 8.274509803921568096e-01 7.803921568627451011e-01 1.000000000000000000e+00
5.529411764705882693e-01 8.274509803921568096e-01 7.803921568627451011e-01 1.000000000000000000e+00
5.529411764705882693e-01 8.274509803921568096e-01 7.803921568627451011e-01 1.000000000000000000e+00
5.529411764705882693e-01 8.274509803921568096e-01 7.803921568627451011e-01 1.000000000000000000e+00
5.529411764705882693e-01 8.274509803921568096e-01 7.803921568627451011e-01 1.000000000000000000e+00
5.529411764705882693e-01 8.274509803921568096e-01 7.803921568627451011e-01 1.000000000000000000e+00
5.529411764705882693e-01 8.274509803921568096e-01 7.803921568627451011e-01 1.000000000000000000e+00
5.529411764705882693e-01 8.274509803921568096e-01 7.803921568627451011e-01 1.000000000000000000e+00
5.529411764705882693e-01 8.274509803921568096e-01 7.803921568627451011e-01 1.000000000000000000e+00
5.529411764705882693e-01 8.274509803921568096e-01 7.803921568627451011e-01 1.000000000000000000e+00
5.529411764705882693e-01 8.274509803921568096e-01 7.803921568627451011e-01 1.000000000000000000e+00
