3.686274509803921795e-01 3.098039215686274606e-01 6.352941176470587870e-01 1.000000000000000000e+00
3.618608227604767635e-01 3.185697808535178921e-01 6.394463667820068364e-01 1.000000000000000000e+00
3.550941945405613476e-01 3.273356401384083236e-01 6.435986159169549969e-01 1.000000000000000000e+00
3.483275663206459316e-01 3.361014994232987552e-01 6.477508650519030464e-01 1.000000000000000000e+00
3.415609381007305156e-01 3.448673587081891867e-01 6.519031141868512069e-01 1.000000000000000000e+00
3.347943098808150997e-01 3.536332179930795627e-01 6.560553633217992564e-01 1.000000000000000000e+00
3.280276816608996837e-01 3.623990772779699943e-01 6.602076124567474169e-01 1.000000000000000000e+00
3.212610534409842677e-01 3.711649365628604258e-01 6.643598615916954664e-01 1.000000000000000000e+00
3.144944252210688518e-01 3.799307958477508573e-01 6.685121107266436269e-01 1.000000000000000000e+00
3.077277970011534358e-01 3.886966551326412889e-01 6.726643598615916764e-01 1.000000000000000000e+00
3.009611687812380199e-01 3.974625144175317204e-01 6.768166089965397259e-01 1.000000000000000000e+00
2.941945405613225484e-01 4.062283737024221519e-01 6.809688581314878864e-01 1.000000000000000000e+00
2.874279123414071879e-01 4.149942329873125835e-01 6.851211072664359358e-01 1.000000000000000000e+00
2.806612841214917164e-01 4.237600922722030150e-01 6.892733564013840963e-01 1.000000000000000000e+00
2.738946559015763005e-01 4.325259515570934465e-01 6.934256055363321458e-01 1.000000000000000000e+00
2.671280276816608845e-01 4.412918108419838781e-01 6.975778546712803063e-01 1.000000000000000000e+00
2.603613994617455241e-01 4.500576701268742541e-01 7.017301038062283558e-01 1.000000000000000000e+00
2.535947712418300526e-01 4.588235294117646856e-01 7.058823529411765163e-01 1.000000000000000000e+00
2.468281430219146366e-01 4.675893886966551172e-01 7.100346020761245658e-01 1.000000000000000000e+00
2.400615148019992207e-01 4.763552479815455487e-01 7.141868512110727263e-01 1.000000000000000000e+00
2.332948865820838047e-01 4.851211072664359802e-01 7.183391003460207758e-01 1.000000000000000000e+00
2.265282583621684165e-01 4.938869665513264118e-01 7.224913494809688252e-01 1.000000000000000000e+00
2.197616301422529728e-01 5.026528258362168433e-01 7.266435986159169858e-01 1.000000000000000000e+00
2.129950019223375568e-01 5.114186851211073304e-01 7.307958477508650352e-01 1.000000000000000000e+00
2.062283737024221408e-01 5.201845444059977064e-01 7.349480968858131957e-01 1.000000000000000000e+00
1.994617454825067249e-01 5.289504036908880824e-01 7.391003460207612452e-01 1.000000000000000000e+00
2.000768935024990480e-01 5.377931564782775231e-01 7.393310265282584393e-01 1.000000000000000000e+00
2.080738177623990826e-01 5.467128027681660285e-01 7.356401384083045558e-01 1.000000000000000000e+00
2.160707420222991171e-01 5.556324490580545339e-01 7.319492502883506724e-01 1.000000000000000000e+00
2.240676662821991516e-01 5.645520953479430393e-01 7.282583621683967889e-01 1.000000000000000000e+00
2.320645905420992139e-01 5.734717416378315447e-01 7.245674740484429055e-01 1.000000000000000000e+00
2.400615148019992207e-01 5.823913879277200500e-01 7.208765859284890221e-01 1.000000000000000000e+00
2.480584390618992829e-01 5.913110342176085554e-01 7.171856978085352496e-01 1.000000000000000000e+00
2.560553633217992342e-01 6.002306805074970608e-01 7.134948096885813662e-01 1.000000000000000000e+00
2.640522875816993520e-01 6.091503267973855662e-01 7.098039215686274828e-01 1.000000000000000000e+00
2.720492118415993588e-01 6.180699730872740716e-01 7.061130334486735993e-01 1.000000000000000000e+00
2.800461361014994210e-01 6.269896193771625770e-01 7.024221453287197159e-01 1.000000000000000000e+00
2.880430603613994278e-01 6.359092656670510824e-01 6.987312572087659435e-01 1.000000000000000000e+00
2.960399846212994901e-01 6.448289119569395877e-01 6.950403690888120600e-01 1.000000000000000000e+00
3.040369088811995524e-01 6.537485582468280931e-01 6.913494809688581766e-01 1.000000000000000000e+00
3.120338331410995591e-01 6.626682045367165985e-01 6.876585928489042931e-01 1.000000000000000000e+00
3.200307574009995659e-01 6.715878508266051039e-01 6.839677047289504097e-01 1.000000000000000000e+00
3.280276816608996837e-01 6.805074971164936093e-01 6.802768166089965263e-01 1.000000000000000000e+00
3.360246059207997460e-01 6.894271434063821147e-01 6.765859284890427539e-01 1.000000000000000000e+00
3.440215301806997528e-01 6.983467896962706201e-01 6.728950403690888704e-01 1.000000000000000000e+00
3.520184544405997595e-01 7.072664359861591254e-01 6.692041522491349870e-01 1.000000000000000000e+00
3.600153787004998218e-01 7.161860822760476308e-01 6.655132641291811035e-01 1.000000000000000000e+00
3.680123029603998841e-01 7.251057285659361362e-01 6.618223760092272201e-01 1.000000000000000000e+00
3.760092272202998909e-01 7.340253748558246416e-01 6.581314878892734477e-01 1.000000000000000000e+00
3.840061514801998976e-01 7.429450211457131470e-01 6.544405997693195642e-01 1.000000000000000000e+00
3.920030757400999599e-01 7.518646674356016524e-01 6.507497116493656808e-01 1.000000000000000000e+00
4.000000000000000222e-01 7.607843137254901578e-01 6.470588235294117974e-01 1.000000000000000000e+00
4.106113033448673955e-01 7.649365628604382072e-01 6.469050365244136680e-01 1.000000000000000000e+00
4.212226066897346577e-01 7.690888119953863677e-01 6.467512495194156497e-01 1.000000000000000000e+00
4.318339100346020865e-01 7.732410611303344172e-01 6.465974625144175203e-01 1.000000000000000000e+00
4.424452133794694042e-01 7.773933102652825777e-01 6.464436755094195020e-01 1.000000000000000000e+00
4.530565167243367775e-01 7.815455594002306272e-01 6.462898885044213726e-01 1.000000000000000000e+00
4.636678200692040397e-01 7.856978085351786767e-01 6.461361014994233543e-01 1.000000000000000000e+00
4.742791234140714685e-01 7.898500576701268372e-01 6.459823144944252249e-01 1.000000000000000000e+00
4.848904267589388417e-01 7.940023068050748867e-01 6.458285274894272066e-01 1.000000000000000000e+00
4.955017301038061595e-01 7.981545559400230472e-01 6.456747404844290772e-01 1.000000000000000000e+00
5.061130334486734217e-01 8.023068050749710967e-01 6.455209534794310589e-01 1.000000000000000000e+00
5.167243367935409060e-01 8.064590542099192572e-01 6.453671664744329295e-01 1.000000000000000000e+00
5.273356401384081682e-01 8.106113033448673066e-01 6.452133794694349112e-01 1.000000000000000000e+00
5.379469434832755415e-01 8.147635524798154671e-01 6.450595924644367818e-01 1.000000000000000000e+00
5.485582468281429147e-01 8.189158016147635166e-01 6.449058054594387634e-01 1.000000000000000000e+00
5.591695501730100659e-01 8.230680507497115661e-01 6.447520184544406341e-01 1.000000000000000000e+00
5.697808535178776612e-01 8.272202998846597266e-01 6.445982314494426157e-01 1.000000000000000000e+00
5.803921568627450345e-01 8.313725490196077761e-01 6.444444444444444864e-01 1.000000000000000000e+00
5.910034602076122967e-01 8.355247981545559366e-01 6.442906574394463570e-01 1.000000000000000000e+00
6.016147635524796700e-01 8.396770472895039861e-01 6.441368704344483387e-01 1.000000000000000000e+00
6.122260668973470432e-01 8.438292964244521466e-01 6.439830834294502093e-01 1.000000000000000000e+00
6.228373702422143054e-01 8.479815455594001961e-01 6.438292964244521910e-01 1.000000000000000000e+00
6.334486735870816787e-01 8.521337946943482455e-01 6.436755094194540616e-01 1.000000000000000000e+00
6.440599769319489409e-01 8.562860438292962950e-01 6.435217224144560433e-01 1.000000000000000000e+00
6.546712802768164252e-01 8.604382929642444555e-01 6.433679354094579139e-01 1.000000000000000000e+00
6.652825836216837985e-01 8.645905420991926160e-01 6.432141484044598956e-01 1.000000000000000000e+00
6.751249519415607470e-01 8.685121107266435825e-01 6.422145328719723878e-01 1.000000000000000000e+00
6.841983852364473817e-01 8.722029988465974659e-01 6.403690888119955016e-01 1.000000000000000000e+00
6.932718185313339054e-01 8.758938869665513494e-01 6.385236447520185044e-01 1.000000000000000000e+00
7.023452518262205402e-01 8.795847750865051218e-01 6.366782006920416181e-01 1.000000000000000000e+00
7.114186851211070639e-01 8.832756632064590052e-01 6.348327566320646209e-01 1.000000000000000000e+00
7.204921184159935876e-01 8.869665513264128887e-01 6.329873125720877347e-01 1.000000000000000000e+00
7.295655517108803334e-01 8.906574394463667721e-01 6.311418685121107375e-01 1.000000000000000000e+00
7.386389850057668571e-01 8.943483275663206555e-01 6.292964244521338513e-01 1.000000000000000000e+00
7.477124183006534919e-01 8.980392156862745390e-01 6.274509803921568540e-01 1.000000000000000000e+00
7.567858515955401266e-01 9.017301038062284224e-01 6.256055363321799678e-01 1.000000000000000000e+00
7.658592848904266503e-01 9.054209919261821948e-01 6.237600922722030816e-01 1.000000000000000000e+00
7.749327181853132851e-01 9.091118800461360783e-01 6.219146482122260844e-01 1.000000000000000000e+00
7.840061514801998088e-01 9.128027681660899617e-01 6.200692041522491982e-01 1.000000000000000000e+00
7.930795847750863325e-01 9.164936562860437341e-01 6.182237600922722009e-01 1.000000000000000000e+00
8.021530180699729673e-01 9.201845444059977286e-01 6.163783160322953147e-01 1.000000000000000000e+00
8.112264513648596020e-01 9.238754325259516120e-01 6.145328719723183175e-01 1.000000000000000000e+00
8.202998846597462368e-01 9.275663206459053844e-01 6.126874279123414313e-01 1.000000000000000000e+00
8.293733179546327605e-01 9.312572087658592679e-01 6.108419838523645451e-01 1.000000000000000000e+00
8.384467512495193953e-01 9.349480968858131513e-01 6.089965397923875479e-01 1.000000000000000000e+00
8.475201845444059190e-01 9.386389850057670348e-01 6.071510957324106617e-01 1.000000000000000000e+00
8.565936178392925537e-01 9.423298731257209182e-01 6.053056516724336644e-01 1.000000000000000000e+00
8.656670511341790775e-01 9.460207612456746906e-01 6.034602076124567782e-01 1.000000000000000000e+00
8.747404844290657122e-01 9.497116493656285741e-01 6.016147635524797810e-01 1.000000000000000000e+00
8.838139177239523470e-01 9.534025374855824575e-01 5.997693194925028948e-01 1.000000000000000000e+00
8.928873510188388707e-01 9.570934256055363409e-01 5.979238754325258975e-01 1.000000000000000000e+00
9.019607843137255054e-01 9.607843137254902244e-01 5.960784313725490113e-01 1.000000000000000000e+00
9.058054594386774072e-01 9.623221837754709629e-01 6.020761245674740580e-01 1.000000000000000000e+00
9.096501345636294200e-01 9.638600538254518124e-01 6.080738177623991048e-01 1.000000000000000000e+00
9.134948096885813218e-01 9.653979238754325509e-01 6.140715109573241515e-01 1.000000000000000000e+00
9.173394848135332236e-01 9.669357939254132894e-01 6.200692041522490872e-01 1.000000000000000000e+00
9.211841599384852364e-01 9.684736639753941390e-01 6.260668973471741339e-01 1.000000000000000000e+00
9.250288350634371382e-01 9.700115340253748775e-01 6.320645905420991806e-01 1.000000000000000000e+00
9.288735101883891510e-01 9.715494040753556160e-01 6.380622837370242273e-01 1.000000000000000000e+00
9.327181853133410527e-01 9.730872741253364655e-01 6.440599769319492740e-01 1.000000000000000000e+00
9.365628604382929545e-01 9.746251441753172040e-01 6.500576701268743207e-01 1.000000000000000000e+00
9.404075355632448563e-01 9.761630142252979425e-01 6.560553633217992564e-01 1.000000000000000000e+00
9.442522106881968691e-01 9.777008842752787920e-01 6.620530565167243031e-01 1.000000000000000000e+00
9.480968858131487709e-01 9.792387543252595306e-01 6.680507497116492388e-01 1.000000000000000000e+00
9.519415609381007837e-01 9.807766243752402691e-01 6.740484429065743965e-01 1.000000000000000000e+00
9.557862360630526855e-01 9.823144944252211186e-01 6.800461361014994432e-01 1.000000000000000000e+00
9.596309111880045872e-01 9.838523644752018571e-01 6.860438292964244900e-01 1.000000000000000000e+00
9.634755863129566000e-01 9.853902345251825956e-01 6.920415224913494256e-01 1.000000000000000000e+00
9.673202614379085018e-01 9.869281045751634451e-01 6.980392156862744724e-01 1.000000000000000000e+00
9.711649365628604036e-01 9.884659746251441836e-01 7.040369088811995191e-01 1.000000000000000000e+00
9.750096116878124164e-01 9.900038446751249221e-01 7.100346020761245658e-01 1.000000000000000000e+00
9.788542868127643182e-01 9.915417147251056607e-01 7.160322952710495015e-01 1.000000000000000000e+00
9.826989619377162199e-01 9.930795847750865102e-01 7.220299884659746592e-01 1.000000000000000000e+00
9.865436370626682328e-01 9.946174548250672487e-01 7.280276816608997059e-01 1.000000000000000000e+00
9.903883121876201345e-01 9.961553248750480982e-01 7.340253748558247526e-01 1.000000000000000000e+00
9.942329873125721473e-01 9.976931949250288367e-01 7.400230680507496883e-01 1.000000000000000000e+00
9.999231064975009353e-01 9.976163014225297720e-01 7.450211457131872272e-01 1.000000000000000000e+00
9.997693194925029170e-01 9.928489042675894272e-01 7.370242214532871650e-01 1.000000000000000000e+00
9.996155324875047876e-01 9.880815071126489713e-01 7.290272971933872137e-01 1.000000000000000000e+00
9.994617454825067693e-01 9.833141099577086264e-01 7.210303729334871514e-01 1.000000000000000000e+00
9.993079584775086399e-01 9.785467128027682815e-01 7.130334486735873112e-01 1.000000000000000000e+00
9.991541714725106216e-01 9.737793156478278256e-01 7.050365244136871379e-01 1.000000000000000000e+00
9.990003844675124922e-01 9.690119184928873697e-01 6.970396001537870756e-01 1.000000000000000000e+00
9.988465974625144739e-01 9.642445213379470248e-01 6.890426758938870133e-01 1.000000000000000000e+00
9.986928104575163445e-01 9.594771241830065689e-01 6.810457516339869510e-01 1.000000000000000000e+00
9.985390234525182152e-01 9.547097270280662240e-01 6.730488273740869998e-01 1.000000000000000000e+00
9.983852364475201968e-01 9.499423298731257681e-01 6.650519031141869375e-01 1.000000000000000000e+00
9.982314494425220675e-01 9.451749327181853122e-01 6.570549788542868752e-01 1.000000000000000000e+00
9.980776624375240491e-01 9.404075355632449673e-01 6.490580545943868129e-01 1.000000000000000000e+00
9.979238754325259197e-01 9.356401384083045114e-01 6.410611303344868617e-01 1.000000000000000000e+00
9.977700884275279014e-01 9.308727412533641665e-01 6.330642060745867994e-01 1.000000000000000000e+00
9.976163014225297720e-01 9.261053440984237106e-01 6.250672818146867371e-01 1.000000000000000000e+00
9.974625144175317537e-01 9.213379469434833657e-01 6.170703575547866748e-01 1.000000000000000000e+00
9.973087274125336243e-01 9.165705497885429098e-01 6.090734332948867236e-01 1.000000000000000000e+00
9.971549404075356060e-01 9.118031526336025649e-01 6.010765090349866613e-01 1.000000000000000000e+00
9.970011534025374766e-01 9.070357554786621090e-01 5.930795847750865990e-01 1.000000000000000000e+00
9.968473663975394583e-01 9.022683583237218752e-01 5.850826605151868698e-01 1.000000000000000000e+00
9.966935793925413289e-01 8.975009611687813083e-01 5.770857362552865855e-01 1.000000000000000000e+00
9.965397923875433106e-01 8.927335640138409634e-01 5.690888119953865232e-01 1.000000000000000000e+00
9.963860053825451812e-01 8.879661668589005075e-01 5.610918877354864609e-01 1.000000000000000000e+00
9.962322183775471629e-01 8.831987697039601626e-01 5.530949634755865096e-01 1.000000000000000000e+00
9.960784313725490335e-01 8.784313725490197067e-01 5.450980392156864474e-01 1.000000000000000000e+00
9.959246443675510152e-01 8.707420222991159031e-01 5.386389850057671236e-01 1.000000000000000000e+00
9.957708573625528858e-01 8.630526720492120996e-01 5.321799307958479108e-01 1.000000000000000000e+00
9.956170703575547565e-01 8.553633217993081850e-01 5.257208765859285871e-01 1.000000000000000000e+00
9.954632833525567381e-01 8.476739715494042704e-01 5.192618223760093743e-01 1.000000000000000000e+00
9.953094963475586088e-01 8.399846212995003558e-01 5.128027681660900505e-01 1.000000000000000000e+00
9.951557093425605904e-01 8.322952710495965523e-01 5.063437139561708378e-01 1.000000000000000000e+00
9.950019223375624611e-01 8.246059207996926377e-01 4.998846597462515695e-01 1.000000000000000000e+00
9.948481353325644427e-01 8.169165705497887231e-01 4.934256055363323012e-01 1.000000000000000000e+00
9.946943483275663134e-01 8.092272202998849195e-01 4.869665513264130885e-01 1.000000000000000000e+00
9.945405613225682950e-01 8.015378700499810050e-01 4.805074971164938202e-01 1.000000000000000000e+00
9.943867743175701657e-01 7.938485198000773124e-01 4.740484429065747185e-01 1.000000000000000000e+00
9.942329873125721473e-01 7.861591695501732868e-01 4.675893886966552837e-01 1.000000000000000000e+00
9.940792003075740180e-01 7.784698193002693722e-01 4.611303344867360154e-01 1.000000000000000000e+00
9.939254133025759996e-01 7.707804690503654577e-01 4.546712802768167472e-01 1.000000000000000000e+00
9.937716262975778703e-01 7.630911188004615431e-01 4.482122260668974789e-01 1.000000000000000000e+00
9.936178392925798519e-01 7.554017685505577395e-01 4.417531718569782662e-01 1.000000000000000000e+00
9.934640522875817226e-01 7.477124183006538249e-01 4.352941176470589979e-01 1.000000000000000000e+00
9.933102652825837042e-01 7.400230680507499104e-01 4.288350634371397296e-01 1.000000000000000000e+00
9.931564782775855749e-01 7.323337178008459958e-01 4.223760092272204614e-01 1.000000000000000000e+00
9.930026912725874455e-01 7.246443675509421922e-01 4.159169550173011931e-01 1.000000000000000000e+00
9.928489042675894272e-01 7.169550173010382776e-01 4.094579008073819804e-01 1.000000000000000000e+00
9.926951172625912978e-01 7.092656670511343631e-01 4.029988465974626566e-01 1.000000000000000000e+00
9.925413302575932795e-01 7.015763168012305595e-01 3.965397923875434438e-01 1.000000000000000000e+00
9.923875432525951501e-01 6.938869665513266449e-01 3.900807381776241201e-01 1.000000000000000000e+00
9.922337562475971318e-01 6.861976163014227303e-01 3.836216839677049073e-01 1.000000000000000000e+00
9.914648212226067070e-01 6.773548635140334007e-01 3.780853517877740266e-01 1.000000000000000000e+00
9.900807381776240979e-01 6.673587081891585449e-01 3.734717416378318666e-01 1.000000000000000000e+00
9.886966551326413777e-01 6.573625528642832450e-01 3.688581314878893735e-01 1.000000000000000000e+00
9.873125720876586575e-01 6.473663975394081671e-01 3.642445213379470470e-01 1.000000000000000000e+00
9.859284890426759373e-01 6.373702422145330893e-01 3.596309111880047205e-01 1.000000000000000000e+00
9.845444059976932172e-01 6.273740868896580114e-01 3.550173010380623939e-01 1.000000000000000000e+00
9.831603229527106080e-01 6.173779315647830446e-01 3.504036908881200674e-01 1.000000000000000000e+00
9.817762399077278879e-01 6.073817762399079667e-01 3.457900807381776853e-01 1.000000000000000000e+00
9.803921568627451677e-01 5.973856209150328889e-01 3.411764705882353588e-01 1.000000000000000000e+00
9.790080738177624475e-01 5.873894655901578110e-01 3.365628604382930322e-01 1.000000000000000000e+00
9.776239907727797274e-01 5.773933102652827332e-01 3.319492502883507057e-01 1.000000000000000000e+00
9.762399077277970072e-01 5.673971549404076553e-01 3.273356401384083791e-01 1.000000000000000000e+00
9.748558246828143981e-01 5.574009996155326885e-01 3.227220299884660526e-01 1.000000000000000000e+00
9.734717416378316779e-01 5.474048442906576106e-01 3.181084198385237261e-01 1.000000000000000000e+00
9.720876585928489577e-01 5.374086889657825328e-01 3.134948096885813440e-01 1.000000000000000000e+00
9.707035755478662375e-01 5.274125336409074549e-01 3.088811995386390175e-01 1.000000000000000000e+00
9.693194925028835174e-01 5.174163783160323771e-01 3.042675893886966909e-01 1.000000000000000000e+00
9.679354094579009082e-01 5.074202229911576323e-01 2.996539792387544754e-01 1.000000000000000000e+00
9.665513264129181881e-01 4.974240676662822769e-01 2.950403690888120378e-01 1.000000000000000000e+00
9.651672433679354679e-01 4.874279123414071990e-01 2.904267589388697113e-01 1.000000000000000000e+00
9.637831603229527477e-01 4.774317570165321767e-01 2.858131487889273847e-01 1.000000000000000000e+00
9.623990772779700276e-01 4.674356016916570988e-01 2.811995386389850582e-01 1.000000000000000000e+00
9.610149942329873074e-01 4.574394463667820210e-01 2.765859284890427316e-01 1.000000000000000000e+00
9.596309111880046983e-01 4.474432910419069431e-01 2.719723183391003496e-01 1.000000000000000000e+00
9.582468281430219781e-01 4.374471357170319208e-01 2.673587081891580230e-01 1.000000000000000000e+00
9.568627450980392579e-01 4.274509803921568429e-01 2.627450980392156965e-01 1.000000000000000000e+00
9.520953479430988020e-01 4.202229911572472054e-01 2.645905420991926382e-01 1.000000000000000000e+00
9.473279507881584571e-01 4.129950019223375679e-01 2.664359861591695799e-01 1.000000000000000000e+00
9.425605536332180012e-01 4.057670126874278749e-01 2.682814302191464662e-01 1.000000000000000000e+00
9.377931564782776563e-01 3.985390234525182374e-01 2.701268742791234079e-01 1.000000000000000000e+00
9.330257593233372004e-01 3.913110342176085998e-01 2.719723183391003496e-01 1.000000000000000000e+00
9.282583621683968556e-01 3.840830449826989623e-01 2.738177623990772913e-01 1.000000000000000000e+00
9.234909650134563996e-01 3.768550557477892693e-01 2.756632064590542330e-01 1.000000000000000000e+00
9.187235678585161658e-01 3.696270665128798538e-01 2.775086505190311192e-01 1.000000000000000000e+00
9.139561707035755989e-01 3.623990772779699943e-01 2.793540945790080610e-01 1.000000000000000000e+00
9.091887735486351430e-01 3.551710880430603567e-01 2.811995386389850027e-01 1.000000000000000000e+00
9.044213763936947981e-01 3.479430988081506637e-01 2.830449826989619444e-01 1.000000000000000000e+00
8.996539792387543422e-01 3.407151095732410262e-01 2.848904267589388861e-01 1.000000000000000000e+00
8.948865820838139973e-01 3.334871203383313887e-01 2.867358708189158278e-01 1.000000000000000000e+00
8.901191849288735414e-01 3.262591311034217512e-01 2.885813148788927696e-01 1.000000000000000000e+00
8.853517877739331965e-01 3.190311418685121136e-01 2.904267589388696558e-01 1.000000000000000000e+00
8.805843906189927406e-01 3.118031526336024761e-01 2.922722029988465975e-01 1.000000000000000000e+00
8.758169934640522847e-01 3.045751633986928386e-01 2.941176470588235392e-01 1.000000000000000000e+00
8.710495963091119398e-01 2.973471741637831456e-01 2.959630911188004809e-01 1.000000000000000000e+00
8.662821991541714839e-01 2.901191849288735081e-01 2.978085351787774226e-01 1.000000000000000000e+00
8.615148019992311390e-01 2.828911956939638150e-01 2.996539792387543644e-01 1.000000000000000000e+00
8.567474048442906831e-01 2.756632064590541775e-01 3.014994232987312506e-01 1.000000000000000000e+00
8.519800076893502272e-01 2.684352172241445400e-01 3.033448673587081923e-01 1.000000000000000000e+00
8.472126105344098823e-01 2.612072279892349025e-01 3.051903114186851340e-01 1.000000000000000000e+00
8.424452133794696485e-01 2.539792387543254870e-01 3.070357554786620202e-01 1.000000000000000000e+00
8.376778162245290815e-01 2.467512495194155997e-01 3.088811995386390175e-01 1.000000000000000000e+00
8.310649750096117394e-01 2.384467512495194175e-01 3.088043060361399528e-01 1.000000000000000000e+00
8.226066897347174001e-01 2.290657439446366905e-01 3.068050749711649372e-01 1.000000000000000000e+00
8.141484044598231717e-01 2.196847366397539358e-01 3.048058439061899216e-01 1.000000000000000000e+00
8.056901191849289434e-01 2.103037293348712089e-01 3.028066128412149061e-01 1.000000000000000000e+00
7.972318339100346041e-01 2.009227220299884542e-01 3.008073817762399460e-01 1.000000000000000000e+00
7.887735486351403758e-01 1.915417147251057273e-01 2.988081507112649304e-01 1.000000000000000000e+00
7.803152633602461474e-01 1.821607074202230003e-01 2.968089196462899149e-01 1.000000000000000000e+00
7.718569780853518081e-01 1.727797001153402734e-01 2.948096885813148993e-01 1.000000000000000000e+00
7.633986928104575798e-01 1.633986928104575187e-01 2.928104575163398837e-01 1.000000000000000000e+00
7.549404075355632404e-01 1.540176855055747640e-01 2.908112264513648682e-01 1.000000000000000000e+00
7.464821222606690121e-01 1.446366782006920371e-01 2.888119953863898526e-01 1.000000000000000000e+00
7.380238369857747838e-01 1.352556708958093101e-01 2.868127643214148370e-01 1.000000000000000000e+00
7.295655517108804444e-01 1.258746635909265832e-01 2.848135332564398770e-01 1.000000000000000000e+00
7.211072664359862161e-01 1.164936562860438285e-01 2.828143021914648614e-01 1.000000000000000000e+00
7.126489811610920988e-01 1.071126489811613791e-01 2.808150711264899013e-01 1.000000000000000000e+00
7.041906958861976484e-01 9.773164167627837462e-02 2.788158400615148302e-01 1.000000000000000000e+00
6.957324106113034201e-01 8.835063437139561993e-02 2.768166089965398147e-01 1.000000000000000000e+00
6.872741253364090808e-01 7.896962706651289299e-02 2.748173779315647991e-01 1.000000000000000000e+00
6.788158400615148524e-01 6.958861976163016605e-02 2.728181468665897835e-01 1.000000000000000000e+00
6.703575547866205131e-01 6.020761245674743911e-02 2.708189158016147680e-01 1.000000000000000000e+00
6.618992695117262848e-01 5.082660515186468442e-02 2.688196847366397524e-01 1.000000000000000000e+00
6.534409842368320565e-01 4.144559784698192972e-02 2.668204536716647368e-01 1.000000000000000000e+00
6.449826989619377171e-01 3.206459054209920279e-02 2.648212226066897768e-01 1.000000000000000000e+00
6.365244136870434888e-01 2.268358323721647585e-02 2.628219915417147612e-01 1.000000000000000000e+00
6.280661284121491494e-01 1.330257593233372115e-02 2.608227604767397456e-01 1.000000000000000000e+00
6.196078431372549211e-01 3.921568627450980338e-03 2.588235294117647300e-01 1.000000000000000000e+00
