1.000000000000000000e+00 1.000000000000000000e+00 4.000000000000000222e-01 1.000000000000000000e+00
9.960784313725490335e-01 9.980392156862745168e-01 4.000000000000000222e-01 1.000000000000000000e+00
9.921568627450980671e-01 9.960784313725490335e-01 4.000000000000000222e-01 1.000000000000000000e+00
9.882352941176471006e-01 9.941176470588235503e-01 4.000000000000000222e-01 1.000000000000000000e+00
9.843137254901961342e-01 9.921568627450980671e-01 4.000000000000000222e-01 1.000000000000000000e+00
9.803921568627450567e-01 9.901960784313725839e-01 4.000000000000000222e-01 1.000000000000000000e+00
9.764705882352940902e-01 9.882352941176471006e-01 4.000000000000000222e-01 1.000000000000000000e+00
9.725490196078431238e-01 9.862745098039216174e-01 4.000000000000000222e-01 1.000000000000000000e+00
9.686274509803921573e-01 9.843137254901961342e-01 4.000000000000000222e-01 1.000000000000000000e+00
9.647058823529411908e-01 9.823529411764705399e-01 4.000000000000000222e-01 1.000000000000000000e+00
9.607843137254902244e-01 9.803921568627450567e-01 4.000000000000000222e-01 1.000000000000000000e+00
9.568627450980392579e-01 9.784313725490195734e-01 4.000000000000000222e-01 1.000000000000000000e+00
9.529411764705881804e-01 9.764705882352940902e-01 4.000000000000000222e-01 1.000000000000000000e+00
9.490196078431372140e-01 9.745098039215686070e-01 4.000000000000000222e-01 1.000000000000000000e+00
9.450980392156862475e-01 9.725490196078431238e-01 4.000000000000000222e-01 1.000000000000000000e+00
9.411764705882352811e-01 9.705882352941176405e-01 4.000000000000000222e-01 1.000000000000000000e+00
9.372549019607843146e-01 9.686274509803921573e-01 4.000000000000000222e-01 1.000000000000000000e+00
9.333333333333333481e-01 9.666666666666666741e-01 4.000000000000000222e-01 1.000000000000000000e+00
9.294117647058823817e-01 9.647058823529411908e-01 4.000000000000000222e-01 1.000000000000000000e+00
9.254901960784314152e-01 9.627450980392157076e-01 4.000000000000000222e-01 1.000000000000000000e+00
9.215686274509804488e-01 9.607843137254902244e-01 4.000000000000000222e-01 1.000000000000000000e+00
9.176470588235293713e-01 9.588235294117647411e-01 4.000000000000000222e-01 1.000000000000000000e+00
9.137254901960784048e-01 9.568627450980392579e-01 4.000000000000000222e-01 1.000000000000000000e+00
9.098039215686274384e-01 9.549019607843137747e-01 4.000000000000000222e-01 1.000000000000000000e+00
9.058823529411764719e-01 9.529411764705881804e-01 4.000000000000000222e-01 1.000000000000000000e+00
9.019607843137255054e-01 9.509803921568626972e-01 4.000000000000000222e-01 1.000000000000000000e+00
8.980392156862745390e-01 9.490196078431372140e-01 4.000000000000000222e-01 1.000000000000000000e+00
8.941176470588235725e-01 9.470588235294117307e-01 4.000000000000000222e-01 1.000000000000000000e+00
8.901960784313724950e-01 9.450980392156862475e-01 4.000000000000000222e-01 1.000000000000000000e+00
8.862745098039215286e-01 9.431372549019607643e-01 4.000000000000000222e-01 1.000000000000000000e+00
8.823529411764705621e-01 9.411764705882352811e-01 4.000000000000000222e-01 1.000000000000000000e+00
8.784313725490195957e-01 9.392156862745097978e-01 4.000000000000000222e-01 1.000000000000000000e+00
8.745098039215686292e-01 9.372549019607843146e-01 4.000000000000000222e-01 1.000000000000000000e+00
8.705882352941176627e-01 9.352941176470588314e-01 4.000000000000000222e-01 1.000000000000000000e+00
8.666666666666666963e-01 9.333333333333333481e-01 4.000000000000000222e-01 1.000000000000000000e+00
8.627450980392157298e-01 9.313725490196078649e-01 4.000000000000000222e-01 1.000000000000000000e+00
8.588235294117647634e-01 9.294117647058823817e-01 4.000000000000000222e-01 1.000000000000000000e+00
8.549019607843137969e-01 9.274509803921568984e-01 4.000000000000000222e-01 1.000000000000000000e+00
8.509803921568627194e-01 9.254901960784314152e-01 4.000000000000000222e-01 1.000000000000000000e+00
8.470588235294117530e-01 9.235294117647059320e-01 4.000000000000000222e-01 1.000000000000000000e+00
8.431372549019607865e-01 9.215686274509804488e-01 4.000000000000000222e-01 1.000000000000000000e+00
8.392156862745098200e-01 9.196078431372549655e-01 4.000000000000000222e-01 1.000000000000000000e+00
8.352941176470588536e-01 9.176470588235293713e-01 4.000000000000000222e-01 1.000000000000000000e+00
8.313725490196077761e-01 9.156862745098038880e-01 4.000000000000000222e-01 1.000000000000000000e+00
8.274509803921568096e-01 9.137254901960784048e-01 4.000000000000000222e-01 1.000000000000000000e+00
8.235294117647058432e-01 9.117647058823529216e-01 4.000000000000000222e-01 1.000000000000000000e+00
8.196078431372548767e-01 9.098039215686274384e-01 4.000000000000000222e-01 1.000000000000000000e+00
8.156862745098039102e-01 9.078431372549019551e-01 4.000000000000000222e-01 1.000000000000000000e+00
8.117647058823529438e-01 9.058823529411764719e-01 4.000000000000000222e-01 1.000000000000000000e+00
8.078431372549019773e-01 9.039215686274509887e-01 4.000000000000000222e-01 1.000000000000000000e+00
8.039215686274510109e-01 9.019607843137255054e-01 4.000000000000000222e-01 1.000000000000000000e+00
8.000000000000000444e-01 9.000000000000000222e-01 4.000000000000000222e-01 1.000000000000000000e+00
7.960784313725490779e-01 8.980392156862745390e-01 4.000000000000000222e-01 1.000000000000000000e+00
7.921568627450981115e-01 8.960784313725490557e-01 4.000000000000000222e-01 1.000000000000000000e+00
7.882352941176470340e-01 8.941176470588235725e-01 4.000000000000000222e-01 1.000000000000000000e+00
7.843137254901960675e-01 8.921568627450979783e-01 4.000000000000000222e-01 1.000000000000000000e+00
7.803921568627451011e-01 8.901960784313724950e-01 4.000000000000000222e-01 1.000000000000000000e+00
7.764705882352941346e-01 8.882352941176470118e-01 4.000000000000000222e-01 1.000000000000000000e+00
7.725490196078431682e-01 8.862745098039215286e-01 4.000000000000000222e-01 1.000000000000000000e+00
7.686274509803920907e-01 8.843137254901960453e-01 4.000000000000000222e-01 1.000000000000000000e+00
7.647058823529411242e-01 8.823529411764705621e-01 4.000000000000000222e-01 1.000000000000000000e+00
7.607843137254901578e-01 8.803921568627450789e-01 4.000000000000000222e-01 1.000000000000000000e+00
7.568627450980391913e-01 8.784313725490195957e-01 4.000000000000000222e-01 1.000000000000000000e+00
7.529411764705882248e-01 8.764705882352941124e-01 4.000000000000000222e-01 1.000000000000000000e+00
7.490196078431372584e-01 8.745098039215686292e-01 4.000000000000000222e-01 1.000000000000000000e+00
7.450980392156862919e-01 8.725490196078431460e-01 4.000000000000000222e-01 1.000000000000000000e+00
7.411764705882353255e-01 8.705882352941176627e-01 4.000000000000000222e-01 1.000000000000000000e+00
7.372549019607843590e-01 8.686274509803921795e-01 4.000000000000000222e-01 1.000000000000000000e+00
7.333333333333333925e-01 8.666666666666666963e-01 4.000000000000000222e-01 1.000000000000000000e+00
7.294117647058824261e-01 8.647058823529412130e-01 4.000000000000000222e-01 1.000000000000000000e+00
7.254901960784313486e-01 8.627450980392157298e-01 4.000000000000000222e-01 1.000000000000000000e+00
7.215686274509803821e-01 8.607843137254902466e-01 4.000000000000000222e-01 1.000000000000000000e+00
7.176470588235294157e-01 8.588235294117647634e-01 4.000000000000000222e-01 1.000000000000000000e+00
7.137254901960784492e-01 8.568627450980392801e-01 4.000000000000000222e-01 1.000000000000000000e+00
7.098039215686274828e-01 8.549019607843137969e-01 4.000000000000000222e-01 1.000000000000000000e+00
7.058823529411764053e-01 8.529411764705882026e-01 4.000000000000000222e-01 1.000000000000000000e+00
7.019607843137254388e-01 8.509803921568627194e-01 4.000000000000000222e-01 1.000000000000000000e+00
6.980392156862744724e-01 8.490196078431372362e-01 4.000000000000000222e-01 1.000000000000000000e+00
6.941176470588235059e-01 8.470588235294117530e-01 4.000000000000000222e-01 1.000000000000000000e+00
6.901960784313725394e-01 8.450980392156862697e-01 4.000000000000000222e-01 1.000000000000000000e+00
6.862745098039215730e-01 8.431372549019607865e-01 4.000000000000000222e-01 1.000000000000000000e+00
6.823529411764706065e-01 8.411764705882353033e-01 4.000000000000000222e-01 1.000000000000000000e+00
6.784313725490196401e-01 8.392156862745098200e-01 4.000000000000000222e-01 1.000000000000000000e+00
6.745098039215686736e-01 8.372549019607843368e-01 4.000000000000000222e-01 1.000000000000000000e+00
6.705882352941177071e-01 8.352941176470588536e-01 4.000000000000000222e-01 1.000000000000000000e+00
6.666666666666667407e-01 8.333333333333333703e-01 4.000000000000000222e-01 1.000000000000000000e+00
6.627450980392156632e-01 8.313725490196077761e-01 4.000000000000000222e-01 1.000000000000000000e+00
6.588235294117646967e-01 8.294117647058822929e-01 4.000000000000000222e-01 1.000000000000000000e+00
6.549019607843137303e-01 8.274509803921568096e-01 4.000000000000000222e-01 1.000000000000000000e+00
6.509803921568627638e-01 8.254901960784313264e-01 4.000000000000000222e-01 1.000000000000000000e+00
6.470588235294117974e-01 8.235294117647058432e-01 4.000000000000000222e-01 1.000000000000000000e+00
6.431372549019607199e-01 8.215686274509803599e-01 4.000000000000000222e-01 1.000000000000000000e+00
6.392156862745097534e-01 8.196078431372548767e-01 4.000000000000000222e-01 1.000000000000000000e+00
6.352941176470587870e-01 8.176470588235293935e-01 4.000000000000000222e-01 1.000000000000000000e+00
6.313725490196078205e-01 8.156862745098039102e-01 4.000000000000000222e-01 1.000000000000000000e+00
6.274509803921568540e-01 8.137254901960784270e-01 4.000000000000000222e-01 1.000000000000000000e+00
6.235294117647058876e-01 8.117647058823529438e-01 4.000000000000000222e-01 1.000000000000000000e+00
6.196078431372549211e-01 8.098039215686274606e-01 4.000000000000000222e-01 1.000000000000000000e+00
6.156862745098039547e-01 8.078431372549019773e-01 4.000000000000000222e-01 1.000000000000000000e+00
6.117647058823529882e-01 8.058823529411764941e-01 4.000000000000000222e-01 1.000000000000000000e+00
6.078431372549020217e-01 8.039215686274510109e-01 4.000000000000000222e-01 1.000000000000000000e+00
6.039215686274510553e-01 8.019607843137255276e-01 4.000000000000000222e-01 1.000000000000000000e+00
5.999999999999999778e-01 8.000000000000000444e-01 4.000000000000000222e-01 1.000000000000000000e+00
5.960784313725490113e-01 7.980392156862745612e-01 4.000000000000000222e-01 1.000000000000000000e+00
5.921568627450980449e-01 7.960784313725490779e-01 4.000000000000000222e-01 1.000000000000000000e+00
5.882352941176470784e-01 7.941176470588235947e-01 4.000000000000000222e-01 1.000000000000000000e+00
5.843137254901961120e-01 7.921568627450981115e-01 4.000000000000000222e-01 1.000000000000000000e+00
5.803921568627450345e-01 7.901960784313725172e-01 4.000000000000000222e-01 1.000000000000000000e+00
5.764705882352940680e-01 7.882352941176470340e-01 4.000000000000000222e-01 1.000000000000000000e+00
5.725490196078431016e-01 7.862745098039215508e-01 4.000000000000000222e-01 1.000000000000000000e+00
5.686274509803921351e-01 7.843137254901960675e-01 4.000000000000000222e-01 1.000000000000000000e+00
5.647058823529411686e-01 7.823529411764705843e-01 4.000000000000000222e-01 1.000000000000000000e+00
5.607843137254902022e-01 7.803921568627451011e-01 4.000000000000000222e-01 1.000000000000000000e+00
5.568627450980392357e-01 7.784313725490196179e-01 4.000000000000000222e-01 1.000000000000000000e+00
5.529411764705882693e-01 7.764705882352941346e-01 4.000000000000000222e-01 1.000000000000000000e+00
5.490196078431373028e-01 7.745098039215686514e-01 4.000000000000000222e-01 1.000000000000000000e+00
5.450980392156863363e-01 7.725490196078431682e-01 4.000000000000000222e-01 1.000000000000000000e+00
5.411764705882353699e-01 7.705882352941176849e-01 4.000000000000000222e-01 1.000000000000000000e+00
5.372549019607842924e-01 7.686274509803920907e-01 4.000000000000000222e-01 1.000000000000000000e+00
5.333333333333333259e-01 7.666666666666666075e-01 4.000000000000000222e-01 1.000000000000000000e+00
5.294117647058823595e-01 7.647058823529411242e-01 4.000000000000000222e-01 1.000000000000000000e+00
5.254901960784313930e-01 7.627450980392156410e-01 4.000000000000000222e-01 1.000000000000000000e+00
5.215686274509804266e-01 7.607843137254901578e-01 4.000000000000000222e-01 1.000000000000000000e+00
5.176470588235293491e-01 7.588235294117646745e-01 4.000000000000000222e-01 1.000000000000000000e+00
5.137254901960783826e-01 7.568627450980391913e-01 4.000000000000000222e-01 1.000000000000000000e+00
5.098039215686274161e-01 7.549019607843137081e-01 4.000000000000000222e-01 1.000000000000000000e+00
5.058823529411764497e-01 7.529411764705882248e-01 4.000000000000000222e-01 1.000000000000000000e+00
4.980392156862745168e-01 7.490196078431372584e-01 4.000000000000000222e-01 1.000000000000000000e+00
4.941176470588235503e-01 7.470588235294117752e-01 4.000000000000000222e-01 1.000000000000000000e+00
4.901960784313725839e-01 7.450980392156862919e-01 4.000000000000000222e-01 1.000000000000000000e+00
4.862745098039216174e-01 7.431372549019608087e-01 4.000000000000000222e-01 1.000000000000000000e+00
4.823529411764706509e-01 7.411764705882353255e-01 4.000000000000000222e-01 1.000000000000000000e+00
4.784313725490195734e-01 7.392156862745098422e-01 4.000000000000000222e-01 1.000000000000000000e+00
4.745098039215686070e-01 7.372549019607843590e-01 4.000000000000000222e-01 1.000000000000000000e+00
4.705882352941176405e-01 7.352941176470588758e-01 4.000000000000000222e-01 1.000000000000000000e+00
4.666666666666666741e-01 7.333333333333333925e-01 4.000000000000000222e-01 1.000000000000000000e+00
4.627450980392157076e-01 7.313725490196079093e-01 4.000000000000000222e-01 1.000000000000000000e+00
4.588235294117647411e-01 7.294117647058824261e-01 4.000000000000000222e-01 1.000000000000000000e+00
4.549019607843137747e-01 7.274509803921569429e-01 4.000000000000000222e-01 1.000000000000000000e+00
4.509803921568626972e-01 7.254901960784313486e-01 4.000000000000000222e-01 1.000000000000000000e+00
4.470588235294117307e-01 7.235294117647058654e-01 4.000000000000000222e-01 1.000000000000000000e+00
4.431372549019607643e-01 7.215686274509803821e-01 4.000000000000000222e-01 1.000000000000000000e+00
4.392156862745097978e-01 7.196078431372548989e-01 4.000000000000000222e-01 1.000000000000000000e+00
4.352941176470588314e-01 7.176470588235294157e-01 4.000000000000000222e-01 1.000000000000000000e+00
4.313725490196078649e-01 7.156862745098039325e-01 4.000000000000000222e-01 1.000000000000000000e+00
4.274509803921568984e-01 7.137254901960784492e-01 4.000000000000000222e-01 1.000000000000000000e+00
4.235294117647059320e-01 7.117647058823529660e-01 4.000000000000000222e-01 1.000000000000000000e+00
4.196078431372549655e-01 7.098039215686274828e-01 4.000000000000000222e-01 1.000000000000000000e+00
4.156862745098038880e-01 7.078431372549018885e-01 4.000000000000000222e-01 1.000000000000000000e+00
4.117647058823529216e-01 7.058823529411764053e-01 4.000000000000000222e-01 1.000000000000000000e+00
4.078431372549019551e-01 7.039215686274509221e-01 4.000000000000000222e-01 1.000000000000000000e+00
4.039215686274509887e-01 7.019607843137254388e-01 4.000000000000000222e-01 1.000000000000000000e+00
4.000000000000000222e-01 6.999999999999999556e-01 4.000000000000000222e-01 1.000000000000000000e+00
3.960784313725490557e-01 6.980392156862744724e-01 4.000000000000000222e-01 1.000000000000000000e+00
3.921568627450980893e-01 6.960784313725489891e-01 4.000000000000000222e-01 1.000000000000000000e+00
3.882352941176470118e-01 6.941176470588235059e-01 4.000000000000000222e-01 1.000000000000000000e+00
3.843137254901960453e-01 6.921568627450980227e-01 4.000000000000000222e-01 1.000000000000000000e+00
3.803921568627450789e-01 6.901960784313725394e-01 4.000000000000000222e-01 1.000000000000000000e+00
3.764705882352941124e-01 6.882352941176470562e-01 4.000000000000000222e-01 1.000000000000000000e+00
3.725490196078431460e-01 6.862745098039215730e-01 4.000000000000000222e-01 1.000000000000000000e+00
3.686274509803921795e-01 6.843137254901960898e-01 4.000000000000000222e-01 1.000000000000000000e+00
3.647058823529412130e-01 6.823529411764706065e-01 4.000000000000000222e-01 1.000000000000000000e+00
3.607843137254902466e-01 6.803921568627451233e-01 4.000000000000000222e-01 1.000000000000000000e+00
3.568627450980392801e-01 6.784313725490196401e-01 4.000000000000000222e-01 1.000000000000000000e+00
3.529411764705882026e-01 6.764705882352941568e-01 4.000000000000000222e-01 1.000000000000000000e+00
3.490196078431372362e-01 6.745098039215686736e-01 4.000000000000000222e-01 1.000000000000000000e+00
3.450980392156862697e-01 6.725490196078431904e-01 4.000000000000000222e-01 1.000000000000000000e+00
3.411764705882353033e-01 6.705882352941177071e-01 4.000000000000000222e-01 1.000000000000000000e+00
3.372549019607843368e-01 6.686274509803922239e-01 4.000000000000000222e-01 1.000000000000000000e+00
3.333333333333333703e-01 6.666666666666667407e-01 4.000000000000000222e-01 1.000000000000000000e+00
3.294117647058824039e-01 6.647058823529412575e-01 4.000000000000000222e-01 1.000000000000000000e+00
3.254901960784313264e-01 6.627450980392156632e-01 4.000000000000000222e-01 1.000000000000000000e+00
3.215686274509803599e-01 6.607843137254901800e-01 4.000000000000000222e-01 1.000000000000000000e+00
3.176470588235293935e-01 6.588235294117646967e-01 4.000000000000000222e-01 1.000000000000000000e+00
3.137254901960784270e-01 6.568627450980392135e-01 4.000000000000000222e-01 1.000000000000000000e+00
3.098039215686274606e-01 6.549019607843137303e-01 4.000000000000000222e-01 1.000000000000000000e+00
3.058823529411764941e-01 6.529411764705882470e-01 4.000000000000000222e-01 1.000000000000000000e+00
3.019607843137255276e-01 6.509803921568627638e-01 4.000000000000000222e-01 1.000000000000000000e+00
2.980392156862745612e-01 6.490196078431372806e-01 4.000000000000000222e-01 1.000000000000000000e+00
2.941176470588235947e-01 6.470588235294117974e-01 4.000000000000000222e-01 1.000000000000000000e+00
2.901960784313725172e-01 6.450980392156862031e-01 4.000000000000000222e-01 1.000000000000000000e+00
2.862745098039215508e-01 6.431372549019607199e-01 4.000000000000000222e-01 1.000000000000000000e+00
2.823529411764705843e-01 6.411764705882352366e-01 4.000000000000000222e-01 1.000000000000000000e+00
2.784313725490196179e-01 6.392156862745097534e-01 4.000000000000000222e-01 1.000000000000000000e+00
2.745098039215686514e-01 6.372549019607842702e-01 4.000000000000000222e-01 1.000000000000000000e+00
2.705882352941176849e-01 6.352941176470587870e-01 4.000000000000000222e-01 1.000000000000000000e+00
2.666666666666667185e-01 6.333333333333333037e-01 4.000000000000000222e-01 1.000000000000000000e+00
2.627450980392156410e-01 6.313725490196078205e-01 4.000000000000000222e-01 1.000000000000000000e+00
2.588235294117646745e-01 6.294117647058823373e-01 4.000000000000000222e-01 1.000000000000000000e+00
2.549019607843137081e-01 6.274509803921568540e-01 4.000000000000000222e-01 1.000000000000000000e+00
2.509803921568627416e-01 6.254901960784313708e-01 4.000000000000000222e-01 1.000000000000000000e+00
2.470588235294117752e-01 6.235294117647058876e-01 4.000000000000000222e-01 1.000000000000000000e+00
2.431372549019608087e-01 6.215686274509804043e-01 4.000000000000000222e-01 1.000000000000000000e+00
2.392156862745098422e-01 6.196078431372549211e-01 4.000000000000000222e-01 1.000000000000000000e+00
2.352941176470588758e-01 6.176470588235294379e-01 4.000000000000000222e-01 1.000000000000000000e+00
2.313725490196079093e-01 6.156862745098039547e-01 4.000000000000000222e-01 1.000000000000000000e+00
2.274509803921568318e-01 6.137254901960784714e-01 4.000000000000000222e-01 1.000000000000000000e+00
2.235294117647058654e-01 6.117647058823529882e-01 4.000000000000000222e-01 1.000000000000000000e+00
2.196078431372548989e-01 6.098039215686275050e-01 4.000000000000000222e-01 1.000000000000000000e+00
2.156862745098039325e-01 6.078431372549020217e-01 4.000000000000000222e-01 1.000000000000000000e+00
2.117647058823529660e-01 6.058823529411765385e-01 4.000000000000000222e-01 1.000000000000000000e+00
2.078431372549019995e-01 6.039215686274510553e-01 4.000000000000000222e-01 1.000000000000000000e+00
2.039215686274510331e-01 6.019607843137255720e-01 4.000000000000000222e-01 1.000000000000000000e+00
1.999999999999999556e-01 5.999999999999999778e-01 4.000000000000000222e-01 1.000000000000000000e+00
1.960784313725489891e-01 5.980392156862744946e-01 4.000000000000000222e-01 1.000000000000000000e+00
1.921568627450980227e-01 5.960784313725490113e-01 4.000000000000000222e-01 1.000000000000000000e+00
1.882352941176470562e-01 5.941176470588235281e-01 4.000000000000000222e-01 1.000000000000000000e+00
1.843137254901960898e-01 5.921568627450980449e-01 4.000000000000000222e-01 1.000000000000000000e+00
1.803921568627451233e-01 5.901960784313725616e-01 4.000000000000000222e-01 1.000000000000000000e+00
1.764705882352941568e-01 5.882352941176470784e-01 4.000000000000000222e-01 1.000000000000000000e+00
1.725490196078431904e-01 5.862745098039215952e-01 4.000000000000000222e-01 1.000000000000000000e+00
1.686274509803922239e-01 5.843137254901961120e-01 4.000000000000000222e-01 1.000000000000000000e+00
1.647058823529411464e-01 5.823529411764705177e-01 4.000000000000000222e-01 1.000000000000000000e+00
1.607843137254901800e-01 5.803921568627450345e-01 4.000000000000000222e-01 1.000000000000000000e+00
1.568627450980392135e-01 5.784313725490195512e-01 4.000000000000000222e-01 1.000000000000000000e+00
1.529411764705882470e-01 5.764705882352940680e-01 4.000000000000000222e-01 1.000000000000000000e+00
1.490196078431372806e-01 5.745098039215685848e-01 4.000000000000000222e-01 1.000000000000000000e+00
1.450980392156863141e-01 5.725490196078431016e-01 4.000000000000000222e-01 1.000000000000000000e+00
1.411764705882353477e-01 5.705882352941176183e-01 4.000000000000000222e-01 1.000000000000000000e+00
1.372549019607842702e-01 5.686274509803921351e-01 4.000000000000000222e-01 1.000000000000000000e+00
1.333333333333333037e-01 5.666666666666666519e-01 4.000000000000000222e-01 1.000000000000000000e+00
1.294117647058823373e-01 5.647058823529411686e-01 4.000000000000000222e-01 1.000000000000000000e+00
1.254901960784313708e-01 5.627450980392156854e-01 4.000000000000000222e-01 1.000000000000000000e+00
1.215686274509804043e-01 5.607843137254902022e-01 4.000000000000000222e-01 1.000000000000000000e+00
1.176470588235294379e-01 5.588235294117647189e-01 4.000000000000000222e-01 1.000000000000000000e+00
1.137254901960784714e-01 5.568627450980392357e-01 4.000000000000000222e-01 1.000000000000000000e+00
1.098039215686275050e-01 5.549019607843137525e-01 4.000000000000000222e-01 1.000000000000000000e+00
1.058823529411765385e-01 5.529411764705882693e-01 4.000000000000000222e-01 1.000000000000000000e+00
1.019607843137254610e-01 5.509803921568627860e-01 4.000000000000000222e-01 1.000000000000000000e+00
9.803921568627449457e-02 5.490196078431373028e-01 4.000000000000000222e-01 1.000000000000000000e+00
9.411764705882352811e-02 5.470588235294118196e-01 4.000000000000000222e-01 1.000000000000000000e+00
9.019607843137256165e-02 5.450980392156863363e-01 4.000000000000000222e-01 1.000000000000000000e+00
8.627450980392159519e-02 5.431372549019608531e-01 4.000000000000000222e-01 1.000000000000000000e+00
8.235294117647062873e-02 5.411764705882353699e-01 4.000000000000000222e-01 1.000000000000000000e+00
7.843137254901966227e-02 5.392156862745098866e-01 4.000000000000000222e-01 1.000000000000000000e+00
7.450980392156858478e-02 5.372549019607842924e-01 4.000000000000000222e-01 1.000000000000000000e+00
7.058823529411761832e-02 5.352941176470588092e-01 4.000000000000000222e-01 1.000000000000000000e+00
6.666666666666665186e-02 5.333333333333333259e-01 4.000000000000000222e-01 1.000000000000000000e+00
6.274509803921568540e-02 5.313725490196078427e-01 4.000000000000000222e-01 1.000000000000000000e+00
5.882352941176471894e-02 5.294117647058823595e-01 4.000000000000000222e-01 1.000000000000000000e+00
5.490196078431375248e-02 5.274509803921568762e-01 4.000000000000000222e-01 1.000000000000000000e+00
5.098039215686278602e-02 5.254901960784313930e-01 4.000000000000000222e-01 1.000000000000000000e+00
4.705882352941181956e-02 5.235294117647059098e-01 4.000000000000000222e-01 1.000000000000000000e+00
4.313725490196085310e-02 5.215686274509804266e-01 4.000000000000000222e-01 1.000000000000000000e+00
3.921568627450977562e-02 5.196078431372548323e-01 4.000000000000000222e-01 1.000000000000000000e+00
3.529411764705880916e-02 5.176470588235293491e-01 4.000000000000000222e-01 1.000000000000000000e+00
3.137254901960784270e-02 5.156862745098038658e-01 4.000000000000000222e-01 1.000000000000000000e+00
2.745098039215687624e-02 5.137254901960783826e-01 4.000000000000000222e-01 1.000000000000000000e+00
2.352941176470590978e-02 5.117647058823528994e-01 4.000000000000000222e-01 1.000000000000000000e+00
1.960784313725494332e-02 5.098039215686274161e-01 4.000000000000000222e-01 1.000000000000000000e+00
1.568627450980397686e-02 5.078431372549019329e-01 4.000000000000000222e-01 1.000000000000000000e+00
1.176470588235289938e-02 5.058823529411764497e-01 4.000000000000000222e-01 1.000000000000000000e+00
7.843137254901932920e-03 5.039215686274509665e-01 4.000000000000000222e-01 1.000000000000000000e+00
3.921568627450966460e-03 5.019607843137254832e-01 4.000000000000000222e-01 1.000000000000000000e+00
0.000000000000000000e+00 5.000000000000000000e-01 4.000000000000000222e-01 1.000000000000000000e+00
