8.705882352941176627e-01 6.196078431372549211e-01 8.392156862745098200e-01 1.000000000000000000e+00
8.705882352941176627e-01 6.196078431372549211e-01 8.392156862745098200e-01 1.000000000000000000e+00
8.705882352941176627e-01 6.196078431372549211e-01 8.392156862745098200e-01 1.000000000000000000e+00
8.705882352941176627e-01 6.196078431372549211e-01 8.392156862745098200e-01 1.000000000000000000e+00
8.705882352941176627e-01 6.196078431372549211e-01 8.392156862745098200e-01 1.000000000000000000e+00
8.705882352941176627e-01 6.196078431372549211e-01 8.392156862745098200e-01 1.000000000000000000e+00
8.705882352941176627e-01 6.196078431372549211e-01 8.392156862745098200e-01 1.000000000000000000e+00
8.705882352941176627e-01 6.196078431372549211e-01 8.392156862745098200e-01 1.000000000000000000e+00
8.705882352941176627e-01 6.196078431372549211e-01 8.392156862745098200e-01 1.000000000000000000e+00
8.705882352941176627e-01 6.196078431372549211e-01 8.392156862745098200e-01 1.000000000000000000e+00
8.705882352941176627e-01 6.196078431372549211e-01 8.392156862745098200e-01 1.000000000000000000e+00
8.705882352941176627e-01 6.196078431372549211e-01 8.392156862745098200e-01 1.000000000000000000e+00
8.705882352941176627e-01 6.196078431372549211e-01 8.392156862745098200e-01 1.000000000000000000e+00
8.078431372549019773e-01 4.274509803921568429e-01 7.411764705882353255e-01 1.000000000000000000e+00
8.078431372549019773e-01 4.274509803921568429e-01 7.411764705882353255e-01 1.000000000000000000e+00
8.078431372549019773e-01 4.274509803921568429e-01 7.411764705882353255e-01 1.000000000000000000e+00
8.078431372549019773e-01 4.274509803921568429e-01 7.411764705882353255e-01 1.000000000000000000e+00
8.078431372549019773e-01 4.274509803921568429e-01 7.411764705882353255e-01 1.000000000000000000e+00
8.078431372549019773e-01 4.274509803921568429e-01 7.411764705882353255e-01 1.000000000000000000e+00
8.078431372549019773e-01 4.274509803921568429e-01 7.411764705882353255e-01 1.000000000000000000e+00
8.078431372549019773e-01 4.274509803921568429e-01 7.411764705882353255e-01 1.000000000000000000e+00
8.078431372549019773e-01 4.274509803921568429e-01 7.411764705882353255e-01 1.000000000000000000e+00
8.078431372549019773e-01 4.274509803921568429e-01 7.411764705882353255e-01 1.000000000000000000e+00
8.078431372549019773e-01 4.274509803921568429e-01 7.411764705882353255e-01 1.000000000000000000e+00
8.078431372549019773e-01 4.274509803921568429e-01 7.411764705882353255e-01 1.000000000000000000e+00
8.078431372549019773e-01 4.274509803921568429e-01 7.411764705882353255e-01 1.000000000000000000e+00
6.470588235294117974e-01 3.176470588235293935e-01 5.803921568627451455e-01 1.000000000000000000e+00
6.470588235294117974e-01 3.176470588235293935e-01 5.803921568627451455e-01 1.000000000000000000e+00
6.470588235294117974e-01 3.176470588235293935e-01 5.803921568627451455e-01 1.000000000000000000e+00
6.470588235294117974e-01 3.176470588235293935e-01 5.803921568627451455e-01 1.000000000000000000e+00
6.470588235294117974e-01 3.176470588235293935e-01 5.803921568627451455e-01 1.000000000000000000e+00
6.470588235294117974e-01 3.176470588235293935e-01 5.803921568627451455e-01 1.000000000000000000e+00
6.470588235294117974e-01 3.176470588235293935e-01 5.803921568627451455e-01 1.000000000000000000e+00
6.470588235294117974e-01 3.176470588235293935e-01 5.803921568627451455e-01 1.000000000000000000e+00
6.470588235294117974e-01 3.176470588235293935e-01 5.803921568627451455e-01 1.000000000000000000e+00
6.470588235294117974e-01 3.176470588235293935e-01 5.803921568627451455e-01 1.000000000000000000e+00
6.470588235294117974e-01 3.176470588235293935e-01 5.803921568627451455e-01 1.000000000000000000e+00
6.470588235294117974e-01 3.176470588235293935e-01 5.803921568627451455e-01 1.000000000000000000e+00
6.470588235294117974e-01 3.176470588235293935e-01 5.803921568627451455e-01 1.000000000000000000e+00
4.823529411764705954e-01 2.549019607843137081e-01 4.509803921568627527e-01 1.000000000000000000e+00
4.823529411764705954e-01 2.549019607843137081e-01 4.509803921568627527e-01 1.000000000000000000e+00
4.823529411764705954e-01 2.549019607843137081e-01 4.509803921568627527e-01 1.000000000000000000e+00
4.823529411764705954e-01 2.549019607843137081e-01 4.509803921568627527e-01 1.000000000000000000e+00
4.823529411764705954e-01 2.549019607843137081e-01 4.509803921568627527e-01 1.000000000000000000e+00
4.823529411764705954e-01 2.549019607843137081e-01 4.509803921568627527e-01 1.000000000000000000e+00
4.823529411764705954e-01 2.549019607843137081e-01 4.509803921568627527e-01 1.000000000000000000e+00
4.823529411764705954e-01 2.549019607843137081e-01 4.509803921568627527e-01 1.000000000000000000e+00
4.823529411764705954e-01 2.549019607843137081e-01 4.509803921568627527e-01 1.000000000000000000e+00
4.823529411764705954e-01 2.549019607843137081e-01 4.509803921568627527e-01 1.000000000000000000e+00
4.823529411764705954e-01 2.549019607843137081e-01 4.509803921568627527e-01 1.000000000000000000e+00
4.823529411764705954e-01 2.549019607843137081e-01 4.509803921568627527e-01 1.000000000000000000e+00
9.058823529411764719e-01 5.882352941176470784e-01 6.117647058823529882e-01 1.000000000000000000e+00
9.058823529411764719e-01 5.882352941176470784e-01 6.117647058823529882e-01 1.000000000000000000e+00
9.058823529411764719e-01 5.882352941176470784e-01 6.117647058823529882e-01 1.000000000000000000e+00
9.058823529411764719e-01 5.882352941176470784e-01 6.117647058823529882e-01 1.000000000000000000e+00
9.058823529411764719e-01 5.882352941176470784e-01 6.117647058823529882e-01 1.000000000000000000e+00
9.058823529411764719e-01 5.882352941176470784e-01 6.117647058823529882e-01 1.000000000000000000e+00
9.058823529411764719e-01 5.882352941176470784e-01 6.117647058823529882e-01 1.000000000000000000e+00
9.058823529411764719e-01 5.882352941176470784e-01 6.117647058823529882e-01 1.000000000000000000e+00
9.058823529411764719e-01 5.882352941176470784e-01 6.117647058823529882e-01 1.000000000000000000e+00
9.058823529411764719e-01 5.882352941176470784e-01 6.117647058823529882e-01 1.000000000000000000e+00
9.058823529411764719e-01 5.882352941176470784e-01 6.117647058823529882e-01 1.000000000000000000e+00
9.058823529411764719e-01 5.882352941176470784e-01 6.117647058823529882e-01 1.000000000000000000e+00
9.058823529411764719e-01 5.882352941176470784e-01 6.117647058823529882e-01 1.000000000000000000e+00
8.392156862745098200e-01 3.803921568627450789e-01 4.196078431372549100e-01 1.000000000000000000e+00
8.392156862745098200e-01 3.803921568627450789e-01 4.196078431372549100e-01 1.000000000000000000e+00
8.392156862745098200e-01 3.803921568627450789e-01 4.196078431372549100e-01 1.000000000000000000e+00
8.392156862745098200e-01 3.803921568627450789e-01 4.196078431372549100e-01 1.000000000000000000e+00
8.392156862745098200e-01 3.803921568627450789e-01 4.196078431372549100e-01 1.000000000000000000e+00
8.392156862745098200e-01 3.803921568627450789e-01 4.196078431372549100e-01 1.000000000000000000e+00
8.392156862745098200e-01 3.803921568627450789e-01 4.196078431372549100e-01 1.000000000000000000e+00
8.392156862745098200e-01 3.803921568627450789e-01 4.196078431372549100e-01 1.000000000000000000e+00
8.392156862745098200e-01 3.803921568627450789e-01 4.196078431372549100e-01 1.000000000000000000e+00
8.392156862745098200e-01 3.803921568627450789e-01 4.196078431372549100e-01 1.000000000000000000e+00
8.392156862745098200e-01 3.803921568627450789e-01 4.196078431372549100e-01 1.000000000000000000e+00
8.392156862745098200e-01 3.803921568627450789e-01 4.196078431372549100e-01 1.000000000000000000e+00
8.392156862745098200e-01 3.803921568627450789e-01 4.196078431372549100e-01 1.000000000000000000e+00
6.784313725490196401e-01 2.862745098039215508e-01 2.901960784313725727e-01 1.000000000000000000e+00
6.784313725490196401e-01 2.862745098039215508e-01 2.901960784313725727e-01 1.000000000000000000e+00
6.784313725490196401e-01 2.862745098039215508e-01 2.901960784313725727e-01 1.000000000000000000e+00
6.784313725490196401e-01 2.862745098039215508e-01 2.901960784313725727e-01 1.000000000000000000e+00
6.784313725490196401e-01 2.862745098039215508e-01 2.901960784313725727e-01 1.000000000000000000e+00
6.784313725490196401e-01 2.862745098039215508e-01 2.901960784313725727e-01 1.000000000000000000e+00
6.784313725490196401e-01 2.862745098039215508e-01 2.901960784313725727e-01 1.000000000000000000e+00
6.784313725490196401e-01 2.862745098039215508e-01 2.901960784313725727e-01 1.000000000000000000e+00
6.784313725490196401e-01 2.862745098039215508e-01 2.901960784313725727e-01 1.000000000000000000e+00
6.784313725490196401e-01 2.862745098039215508e-01 2.901960784313725727e-01 1.000000000000000000e+00
6.784313725490196401e-01 2.862745098039215508e-01 2.901960784313725727e-01 1.000000000000000000e+00
6.784313725490196401e-01 2.862745098039215508e-01 2.901960784313725727e-01 1.000000000000000000e+00
5.176470588235294601e-01 2.352941176470588203e-01 2.235294117647058931e-01 1.000000000000000000e+00
5.176470588235294601e-01 2.352941176470588203e-01 2.235294117647058931e-01 1.000000000000000000e+00
5.176470588235294601e-01 2.352941176470588203e-01 2.235294117647058931e-01 1.000000000000000000e+00
5.176470588235294601e-01 2.352941176470588203e-01 2.235294117647058931e-01 1.000000000000000000e+00
5.176470588235294601e-01 2.352941176470588203e-01 2.235294117647058931e-01 1.000000000000000000e+00
5.176470588235294601e-01 2.352941176470588203e-01 2.235294117647058931e-01 1.000000000000000000e+00
5.176470588235294601e-01 2.352941176470588203e-01 2.235294117647058931e-01 1.000000000000000000e+00
5.176470588235294601e-01 2.352941176470588203e-01 2.235294117647058931e-01 1.000000000000000000e+00
5.176470588235294601e-01 2.352941176470588203e-01 2.235294117647058931e-01 1.000000000000000000e+00
5.176470588235294601e-01 2.352941176470588203e-01 2.235294117647058931e-01 1.000000000000000000e+00
5.176470588235294601e-01 2.352941176470588203e-01 2.235294117647058931e-01 1.000000000000000000e+00
5.176470588235294601e-01 2.352941176470588203e-01 2.235294117647058931e-01 1.000000000000000000e+00
5.176470588235294601e-01 2.352941176470588203e-01 2.235294117647058931e-01 1.000000000000000000e+00
9.058823529411764719e-01 7.960784313725489669e-01 5.803921568627451455e-01 1.000000000000000000e+00
9.058823529411764719e-01 7.960784313725489669e-01 5.803921568627451455e-01 1.000000000000000000e+00
9.058823529411764719e-01 7.960784313725489669e-01 5.803921568627451455e-01 1.000000000000000000e+00
9.058823529411764719e-01 7.960784313725489669e-01 5.803921568627451455e-01 1.000000000000000000e+00
9.058823529411764719e-01 7.960784313725489669e-01 5.803921568627451455e-01 1.000000000000000000e+00
9.058823529411764719e-01 7.960784313725489669e-01 5.803921568627451455e-01 1.000000000000000000e+00
9.058823529411764719e-01 7.960784313725489669e-01 5.803921568627451455e-01 1.000000000000000000e+00
9.058823529411764719e-01 7.960784313725489669e-01 5.803921568627451455e-01 1.000000000000000000e+00
9.058823529411764719e-01 7.960784313725489669e-01 5.803921568627451455e-01 1.000000000000000000e+00
9.058823529411764719e-01 7.960784313725489669e-01 5.803921568627451455e-01 1.000000000000000000e+00
9.058823529411764719e-01 7.960784313725489669e-01 5.803921568627451455e-01 1.000000000000000000e+00
9.058823529411764719e-01 7.960784313725489669e-01 5.803921568627451455e-01 1.000000000000000000e+00
9.058823529411764719e-01 7.960784313725489669e-01 5.803921568627451455e-01 1.000000000000000000e+00
9.058823529411764719e-01 7.294117647058823151e-01 3.215686274509804154e-01 1.000000000000000000e+00
9.058823529411764719e-01 7.294117647058823151e-01 3.215686274509804154e-01 1.000000000000000000e+00
9.058823529411764719e-01 7.294117647058823151e-01 3.215686274509804154e-01 1.000000000000000000e+00
9.058823529411764719e-01 7.294117647058823151e-01 3.215686274509804154e-01 1.000000000000000000e+00
9.058823529411764719e-01 7.294117647058823151e-01 3.215686274509804154e-01 1.000000000000000000e+00
9.058823529411764719e-01 7.294117647058823151e-01 3.215686274509804154e-01 1.000000000000000000e+00
9.058823529411764719e-01 7.294117647058823151e-01 3.215686274509804154e-01 1.000000000000000000e+00
9.058823529411764719e-01 7.294117647058823151e-01 3.215686274509804154e-01 1.000000000000000000e+00
9.058823529411764719e-01 7.294117647058823151e-01 3.215686274509804154e-01 1.000000000000000000e+00
9.058823529411764719e-01 7.294117647058823151e-01 3.215686274509804154e-01 1.000000000000000000e+00
9.058823529411764719e-01 7.294117647058823151e-01 3.215686274509804154e-01 1.000000000000000000e+00
9.058823529411764719e-01 7.294117647058823151e-01 3.215686274509804154e-01 1.000000000000000000e+00
7.411764705882353255e-01 6.196078431372549211e-01 2.235294117647058931e-01 1.000000000000000000e+00
7.411764705882353255e-01 6.196078431372549211e-01 2.235294117647058931e-01 1.000000000000000000e+00
7.411764705882353255e-01 6.196078431372549211e-01 2.235294117647058931e-01 1.000000000000000000e+00
7.411764705882353255e-01 6.196078431372549211e-01 2.235294117647058931e-01 1.000000000000000000e+00
7.411764705882353255e-01 6.196078431372549211e-01 2.235294117647058931e-01 1.000000000000000000e+00
7.411764705882353255e-01 6.196078431372549211e-01 2.235294117647058931e-01 1.000000000000000000e+00
7.411764705882353255e-01 6.196078431372549211e-01 2.235294117647058931e-01 1.000000000000000000e+00
7.411764705882353255e-01 6.196078431372549211e-01 2.235294117647058931e-01 1.000000000000000000e+00
7.411764705882353255e-01 6.196078431372549211e-01 2.235294117647058931e-01 1.000000000000000000e+00
7.411764705882353255e-01 6.196078431372549211e-01 2.235294117647058931e-01 1.000000000000000000e+00
7.411764705882353255e-01 6.196078431372549211e-01 2.235294117647058931e-01 1.000000000000000000e+00
7.411764705882353255e-01 6.196078431372549211e-01 2.235294117647058931e-01 1.000000000000000000e+00
7.411764705882353255e-01 6.196078431372549211e-01 2.235294117647058931e-01 1.000000000000000000e+00
5.490196078431373028e-01 4.274509803921568429e-01 1.921568627450980504e-01 1.000000000000000000e+00
5.490196078431373028e-01 4.274509803921568429e-01 1.921568627450980504e-01 1.000000000000000000e+00
5.490196078431373028e-01 4.274509803921568429e-01 1.921568627450980504e-01 1.000000000000000000e+00
5.490196078431373028e-01 4.274509803921568429e-01 1.921568627450980504e-01 1.000000000000000000e+00
5.490196078431373028e-01 4.274509803921568429e-01 1.921568627450980504e-01 1.000000000000000000e+00
5.490196078431373028e-01 4.274509803921568429e-01 1.921568627450980504e-01 1.000000000000000000e+00
5.490196078431373028e-01 4.274509803921568429e-01 1.921568627450980504e-01 1.000000000000000000e+00
5.490196078431373028e-01 4.274509803921568429e-01 1.921568627450980504e-01 1.000000000000000000e+00
5.490196078431373028e-01 4.274509803921568429e-01 1.921568627450980504e-01 1.000000000000000000e+00
5.490196078431373028e-01 4.274509803921568429e-01 1.921568627450980504e-01 1.000000000000000000e+00
5.490196078431373028e-01 4.274509803921568429e-01 1.921568627450980504e-01 1.000000000000000000e+00
5.490196078431373028e-01 4.274509803921568429e-01 1.921568627450980504e-01 1.000000000000000000e+00
5.490196078431373028e-01 4.274509803921568429e-01 1.921568627450980504e-01 1.000000000000000000e+00
8.078431372549019773e-01 8.588235294117646523e-01 6.117647058823529882e-01 1.000000000000000000e+00
8.078431372549019773e-01 8.588235294117646523e-01 6.117647058823529882e-01 1.000000000000000000e+00
8.078431372549019773e-01 8.588235294117646523e-01 6.117647058823529882e-01 1.000000000000000000e+00
8.078431372549019773e-01 8.588235294117646523e-01 6.117647058823529882e-01 1.000000000000000000e+00
8.078431372549019773e-01 8.588235294117646523e-01 6.117647058823529882e-01 1.000000000000000000e+00
8.078431372549019773e-01 8.588235294117646523e-01 6.117647058823529882e-01 1.000000000000000000e+00
8.078431372549019773e-01 8.588235294117646523e-01 6.117647058823529882e-01 1.000000000000000000e+00
8.078431372549019773e-01 8.588235294117646523e-01 6.117647058823529882e-01 1.000000000000000000e+00
8.078431372549019773e-01 8.588235294117646523e-01 6.117647058823529882e-01 1.000000000000000000e+00
8.078431372549019773e-01 8.588235294117646523e-01 6.117647058823529882e-01 1.000000000000000000e+00
8.078431372549019773e-01 8.588235294117646523e-01 6.117647058823529882e-01 1.000000000000000000e+00
8.078431372549019773e-01 8.588235294117646523e-01 6.117647058823529882e-01 1.000000000000000000e+00
8.078431372549019773e-01 8.588235294117646523e-01 6.117647058823529882e-01 1.000000000000000000e+00
7.098039215686274828e-01 8.117647058823529438e-01 4.196078431372549100e-01 1.000000000000000000e+00
7.098039215686274828e-01 8.117647058823529438e-01 4.196078431372549100e-01 1.000000000000000000e+00
7.098039215686274828e-01 8.117647058823529438e-01 4.196078431372549100e-01 1.000000000000000000e+00
7.098039215686274828e-01 8.117647058823529438e-01 4.196078431372549100e-01 1.000000000000000000e+00
7.098039215686274828e-01 8.117647058823529438e-01 4.196078431372549100e-01 1.000000000000000000e+00
7.098039215686274828e-01 8.117647058823529438e-01 4.196078431372549100e-01 1.000000000000000000e+00
7.098039215686274828e-01 8.117647058823529438e-01 4.196078431372549100e-01 1.000000000000000000e+00
7.098039215686274828e-01 8.117647058823529438e-01 4.196078431372549100e-01 1.000000000000000000e+00
7.098039215686274828e-01 8.117647058823529438e-01 4.196078431372549100e-01 1.000000000000000000e+00
7.098039215686274828e-01 8.117647058823529438e-01 4.196078431372549100e-01 1.000000000000000000e+00
7.098039215686274828e-01 8.117647058823529438e-01 4.196078431372549100e-01 1.000000000000000000e+00
7.098039215686274828e-01 8.117647058823529438e-01 4.196078431372549100e-01 1.000000000000000000e+00
5.490196078431373028e-01 6.352941176470587870e-01 3.215686274509804154e-01 1.000000000000000000e+00
5.490196078431373028e-01 6.352941176470587870e-01 3.215686274509804154e-01 1.000000000000000000e+00
5.490196078431373028e-01 6.352941176470587870e-01 3.215686274509804154e-01 1.000000000000000000e+00
5.490196078431373028e-01 6.352941176470587870e-01 3.215686274509804154e-01 1.000000000000000000e+00
5.490196078431373028e-01 6.352941176470587870e-01 3.215686274509804154e-01 1.000000000000000000e+00
5.490196078431373028e-01 6.352941176470587870e-01 3.215686274509804154e-01 1.000000000000000000e+00
5.490196078431373028e-01 6.352941176470587870e-01 3.215686274509804154e-01 1.000000000000000000e+00
5.490196078431373028e-01 6.352941176470587870e-01 3.215686274509804154e-01 1.000000000000000000e+00
5.490196078431373028e-01 6.352941176470587870e-01 3.215686274509804154e-01 1.000000000000000000e+00
5.490196078431373028e-01 6.352941176470587870e-01 3.215686274509804154e-01 1.000000000000000000e+00
5.490196078431373028e-01 6.352941176470587870e-01 3.215686274509804154e-01 1.000000000000000000e+00
5.490196078431373028e-01 6.352941176470587870e-01 3.215686274509804154e-01 1.000000000000000000e+00
5.490196078431373028e-01 6.352941176470587870e-01 3.215686274509804154e-01 1.000000000000000000e+00
3.882352941176470673e-01 4.745098039215686070e-01 2.235294117647058931e-01 1.000000000000000000e+00
3.882352941176470673e-01 4.745098039215686070e-01 2.235294117647058931e-01 1.000000000000000000e+00
3.882352941176470673e-01 4.745098039215686070e-01 2.235294117647058931e-01 1.000000000000000000e+00
3.882352941176470673e-01 4.745098039215686070e-01 2.235294117647058931e-01 1.000000000000000000e+00
3.882352941176470673e-01 4.745098039215686070e-01 2.235294117647058931e-01 1.000000000000000000e+00
3.882352941176470673e-01 4.745098039215686070e-01 2.235294117647058931e-01 1.000000000000000000e+00
3.882352941176470673e-01 4.745098039215686070e-01 2.235294117647058931e-01 1.000000000000000000e+00
3.882352941176470673e-01 4.745098039215686070e-01 2.235294117647058931e-01 1.000000000000000000e+00
3.882352941176470673e-01 4.745098039215686070e-01 2.235294117647058931e-01 1.000000000000000000e+00
3.882352941176470673e-01 4.745098039215686070e-01 2.235294117647058931e-01 1.000000000000000000e+00
3.882352941176470673e-01 4.745098039215686070e-01 2.235294117647058931e-01 1.000000000000000000e+00
3.882352941176470673e-01 4.745098039215686070e-01 2.235294117647058931e-01 1.000000000000000000e+00
3.882352941176470673e-01 4.745098039215686070e-01 2.235294117647058931e-01 1.000000000000000000e+00
6.117647058823529882e-01 6.196078431372549211e-01 8.705882352941176627e-01 1.000000000000000000e+00
6.117647058823529882e-01 6.196078431372549211e-01 8.705882352941176627e-01 1.000000000000000000e+00
6.117647058823529882e-01 6.196078431372549211e-01 8.705882352941176627e-01 1.000000000000000000e+00
6.117647058823529882e-01 6.196078431372549211e-01 8.705882352941176627e-01 1.000000000000000000e+00
6.117647058823529882e-01 6.196078431372549211e-01 8.705882352941176627e-01 1.000000000000000000e+00
6.117647058823529882e-01 6.196078431372549211e-01 8.705882352941176627e-01 1.000000000000000000e+00
6.117647058823529882e-01 6.196078431372549211e-01 8.705882352941176627e-01 1.000000000000000000e+00
6.117647058823529882e-01 6.196078431372549211e-01 8.705882352941176627e-01 1.000000000000000000e+00
6.117647058823529882e-01 6.196078431372549211e-01 8.705882352941176627e-01 1.000000000000000000e+00
6.117647058823529882e-01 6.196078431372549211e-01 8.705882352941176627e-01 1.000000000000000000e+00
6.117647058823529882e-01 6.196078431372549211e-01 8.705882352941176627e-01 1.000000000000000000e+00
6.117647058823529882e-01 6.196078431372549211e-01 8.705882352941176627e-01 1.000000000000000000e+00
4.196078431372549100e-01 4.313725490196078649e-01 8.117647058823529438e-01 1.000000000000000000e+00
4.196078431372549100e-01 4.313725490196078649e-01 8.117647058823529438e-01 1.000000000000000000e+00
4.196078431372549100e-01 4.313725490196078649e-01 8.117647058823529438e-01 1.000000000000000000e+00
4.196078431372549100e-01 4.313725490196078649e-01 8.117647058823529438e-01 1.000000000000000000e+00
4.196078431372549100e-01 4.313725490196078649e-01 8.117647058823529438e-01 1.000000000000000000e+00
4.196078431372549100e-01 4.313725490196078649e-01 8.117647058823529438e-01 1.000000000000000000e+00
4.196078431372549100e-01 4.313725490196078649e-01 8.117647058823529438e-01 1.000000000000000000e+00
4.196078431372549100e-01 4.313725490196078649e-01 8.117647058823529438e-01 1.000000000000000000e+00
4.196078431372549100e-01 4.313725490196078649e-01 8.117647058823529438e-01 1.000000000000000000e+00
4.196078431372549100e-01 4.313725490196078649e-01 8.117647058823529438e-01 1.000000000000000000e+00
4.196078431372549100e-01 4.313725490196078649e-01 8.117647058823529438e-01 1.000000000000000000e+00
4.196078431372549100e-01 4.313725490196078649e-01 8.117647058823529438e-01 1.000000000000000000e+00
4.196078431372549100e-01 4.313725490196078649e-01 8.117647058823529438e-01 1.000000000000000000e+00
3.215686274509804154e-01 3.294117647058823484e-01 6.392156862745097534e-01 1.000000000000000000e+00
3.215686274509804154e-01 3.294117647058823484e-01 6.392156862745097534e-01 1.000000000000000000e+00
3.215686274509804154e-01 3.294117647058823484e-01 6.392156862745097534e-01 1.000000000000000000e+00
3.215686274509804154e-01 3.294117647058823484e-01 6.392156862745097534e-01 1.000000000000000000e+00
3.215686274509804154e-01 3.294117647058823484e-01 6.392156862745097534e-01 1.000000000000000000e+00
3.215686274509804154e-01 3.294117647058823484e-01 6.392156862745097534e-01 1.000000000000000000e+00
3.215686274509804154e-01 3.294117647058823484e-01 6.392156862745097534e-01 1.000000000000000000e+00
3.215686274509804154e-01 3.294117647058823484e-01 6.392156862745097534e-01 1.000000000000000000e+00
3.215686274509804154e-01 3.294117647058823484e-01 6.392156862745097534e-01 1.000000000000000000e+00
3.215686274509804154e-01 3.294117647058823484e-01 6.392156862745097534e-01 1.000000000000000000e+00
3.215686274509804154e-01 3.294117647058823484e-01 6.392156862745097534e-01 1.000000000000000000e+00
3.215686274509804154e-01 3.294117647058823484e-01 6.392156862745097534e-01 1.000000000000000000e+00
3.215686274509804154e-01 3.294117647058823484e-01 6.392156862745097534e-01 1.000000000000000000e+00
2.235294117647058931e-01 2.313725490196078538e-01 4.745098039215686070e-01 1.000000000000000000e+00
2.235294117647058931e-01 2.313725490196078538e-01 4.745098039215686070e-01 1.000000000000000000e+00
2.235294117647058931e-01 2.313725490196078538e-01 4.745098039215686070e-01 1.000000000000000000e+00
2.235294117647058931e-01 2.313725490196078538e-01 4.745098039215686070e-01 1.000000000000000000e+00
2.235294117647058931e-01 2.313725490196078538e-01 4.745098039215686070e-01 1.000000000000000000e+00
2.235294117647058931e-01 2.313725490196078538e-01 4.745098039215686070e-01 1.000000000000000000e+00
2.235294117647058931e-01 2.313725490196078538e-01 4.745098039215686070e-01 1.000000000000000000e+00
2.235294117647058931e-01 2.313725490196078538e-01 4.745098039215686070e-01 1.000000000000000000e+00
2.235294117647058931e-01 2.313725490196078538e-01 4.745098039215686070e-01 1.000000000000000000e+00
2.235294117647058931e-01 2.313725490196078538e-01 4.745098039215686070e-01 1.000000000000000000e+00
2.235294117647058931e-01 2.313725490196078538e-01 4.745098039215686070e-01 1.000000000000000000e+00
2.235294117647058931e-01 2.313725490196078538e-01 4.745098039215686070e-01 1.000000000000000000e+00
2.235294117647058931e-01 2.313725490196078538e-01 4.745098039215686070e-01 1.000000000000000000e+00
