6.196078431372549211e-01 8.549019607843136859e-01 8.980392156862745390e-01 1.000000000000000000e+00
6.196078431372549211e-01 8.549019607843136859e-01 8.980392156862745390e-01 1.000000000000000000e+00
6.196078431372549211e-01 8.549019607843136859e-01 8.980392156862745390e-01 1.000000000000000000e+00
6.196078431372549211e-01 8.549019607843136859e-01 8.980392156862745390e-01 1.000000000000000000e+00
6.196078431372549211e-01 8.549019607843136859e-01 8.980392156862745390e-01 1.000000000000000000e+00
6.196078431372549211e-01 8.549019607843136859e-01 8.980392156862745390e-01 1.000000000000000000e+00
6.196078431372549211e-01 8.549019607843136859e-01 8.980392156862745390e-01 1.000000000000000000e+00
6.196078431372549211e-01 8.549019607843136859e-01 8.980392156862745390e-01 1.000000000000000000e+00
6.196078431372549211e-01 8.549019607843136859e-01 8.980392156862745390e-01 1.000000000000000000e+00
6.196078431372549211e-01 8.549019607843136859e-01 8.980392156862745390e-01 1.000000000000000000e+00
6.196078431372549211e-01 8.549019607843136859e-01 8.980392156862745390e-01 1.000000000000000000e+00
6.196078431372549211e-01 8.549019607843136859e-01 8.980392156862745390e-01 1.000000000000000000e+00
6.196078431372549211e-01 8.549019607843136859e-01 8.980392156862745390e-01 1.000000000000000000e+00
9.019607843137254777e-02 7.450980392156862919e-01 8.117647058823529438e-01 1.000000000000000000e+00
9.019607843137254777e-02 7.450980392156862919e-01 8.117647058823529438e-01 1.000000000000000000e+00
9.019607843137254777e-02 7.450980392156862919e-01 8.117647058823529438e-01 1.000000000000000000e+00
9.019607843137254777e-02 7.450980392156862919e-01 8.117647058823529438e-01 1.000000000000000000e+00
9.019607843137254777e-02 7.450980392156862919e-01 8.117647058823529438e-01 1.000000000000000000e+00
9.019607843137254777e-02 7.450980392156862919e-01 8.117647058823529438e-01 1.000000000000000000e+00
9.019607843137254777e-02 7.450980392156862919e-01 8.117647058823529438e-01 1.000000000000000000e+00
9.019607843137254777e-02 7.450980392156862919e-01 8.117647058823529438e-01 1.000000000000000000e+00
9.019607843137254777e-02 7.450980392156862919e-01 8.117647058823529438e-01 1.000000000000000000e+00
9.019607843137254777e-02 7.450980392156862919e-01 8.117647058823529438e-01 1.000000000000000000e+00
9.019607843137254777e-02 7.450980392156862919e-01 8.117647058823529438e-01 1.000000000000000000e+00
9.019607843137254777e-02 7.450980392156862919e-01 8.117647058823529438e-01 1.000000000000000000e+00
9.019607843137254777e-02 7.450980392156862919e-01 8.117647058823529438e-01 1.000000000000000000e+00
8.588235294117646523e-01 8.588235294117646523e-01 5.529411764705882693e-01 1.000000000000000000e+00
8.588235294117646523e-01 8.588235294117646523e-01 5.529411764705882693e-01 1.000000000000000000e+00
8.588235294117646523e-01 8.588235294117646523e-01 5.529411764705882693e-01 1.000000000000000000e+00
8.588235294117646523e-01 8.588235294117646523e-01 5.529411764705882693e-01 1.000000000000000000e+00
8.588235294117646523e-01 8.588235294117646523e-01 5.529411764705882693e-01 1.000000000000000000e+00
8.588235294117646523e-01 8.588235294117646523e-01 5.529411764705882693e-01 1.000000000000000000e+00
8.588235294117646523e-01 8.588235294117646523e-01 5.529411764705882693e-01 1.000000000000000000e+00
8.588235294117646523e-01 8.588235294117646523e-01 5.529411764705882693e-01 1.000000000000000000e+00
8.588235294117646523e-01 8.588235294117646523e-01 5.529411764705882693e-01 1.000000000000000000e+00
8.588235294117646523e-01 8.588235294117646523e-01 5.529411764705882693e-01 1.000000000000000000e+00
8.588235294117646523e-01 8.588235294117646523e-01 5.529411764705882693e-01 1.000000000000000000e+00
8.588235294117646523e-01 8.588235294117646523e-01 5.529411764705882693e-01 1.000000000000000000e+00
8.588235294117646523e-01 8.588235294117646523e-01 5.529411764705882693e-01 1.000000000000000000e+00
7.372549019607843590e-01 7.411764705882353255e-01 1.333333333333333315e-01 1.000000000000000000e+00
7.372549019607843590e-01 7.411764705882353255e-01 1.333333333333333315e-01 1.000000000000000000e+00
7.372549019607843590e-01 7.411764705882353255e-01 1.333333333333333315e-01 1.000000000000000000e+00
7.372549019607843590e-01 7.411764705882353255e-01 1.333333333333333315e-01 1.000000000000000000e+00
7.372549019607843590e-01 7.411764705882353255e-01 1.333333333333333315e-01 1.000000000000000000e+00
7.372549019607843590e-01 7.411764705882353255e-01 1.333333333333333315e-01 1.000000000000000000e+00
7.372549019607843590e-01 7.411764705882353255e-01 1.333333333333333315e-01 1.000000000000000000e+00
7.372549019607843590e-01 7.411764705882353255e-01 1.333333333333333315e-01 1.000000000000000000e+00
7.372549019607843590e-01 7.411764705882353255e-01 1.333333333333333315e-01 1.000000000000000000e+00
7.372549019607843590e-01 7.411764705882353255e-01 1.333333333333333315e-01 1.000000000000000000e+00
7.372549019607843590e-01 7.411764705882353255e-01 1.333333333333333315e-01 1.000000000000000000e+00
7.372549019607843590e-01 7.411764705882353255e-01 1.333333333333333315e-01 1.000000000000000000e+00
7.803921568627451011e-01 7.803921568627451011e-01 7.803921568627451011e-01 1.000000000000000000e+00
7.803921568627451011e-01 7.803921568627451011e-01 7.803921568627451011e-01 1.000000000000000000e+00
7.803921568627451011e-01 7.803921568627451011e-01 7.803921568627451011e-01 1.000000000000000000e+00
7.803921568627451011e-01 7.803921568627451011e-01 7.803921568627451011e-01 1.000000000000000000e+00
7.803921568627451011e-01 7.803921568627451011e-01 7.803921568627451011e-01 1.000000000000000000e+00
7.803921568627451011e-01 7.803921568627451011e-01 7.803921568627451011e-01 1.000000000000000000e+00
7.803921568627451011e-01 7.803921568627451011e-01 7.803921568627451011e-01 1.000000000000000000e+00
7.803921568627451011e-01 7.803921568627451011e-01 7.803921568627451011e-01 1.000000000000000000e+00
7.803921568627451011e-01 7.803921568627451011e-01 7.803921568627451011e-01 1.000000000000000000e+00
7.803921568627451011e-01 7.803921568627451011e-01 7.803921568627451011e-01 1.000000000000000000e+00
7.803921568627451011e-01 7.803921568627451011e-01 7.803921568627451011e-01 1.000000000000000000e+00
7.803921568627451011e-01 7.803921568627451011e-01 7.803921568627451011e-01 1.000000000000000000e+00
7.803921568627451011e-01 7.803921568627451011e-01 7.803921568627451011e-01 1.000000000000000000e+00
4.980392156862745168e-01 4.980392156862745168e-01 4.980392156862745168e-01 1.000000000000000000e+00
4.980392156862745168e-01 4.980392156862745168e-01 4.980392156862745168e-01 1.000000000000000000e+00
4.980392156862745168e-01 4.980392156862745168e-01 4.980392156862745168e-01 1.000000000000000000e+00
4.980392156862745168e-01 4.980392156862745168e-01 4.980392156862745168e-01 1.000000000000000000e+00
4.980392156862745168e-01 4.980392156862745168e-01 4.980392156862745168e-01 1.000000000000000000e+00
4.980392156862745168e-01 4.980392156862745168e-01 4.980392156862745168e-01 1.000000000000000000e+00
4.980392156862745168e-01 4.980392156862745168e-01 4.980392156862745168e-01 1.000000000000000000e+00
4.980392156862745168e-01 4.980392156862745168e-01 4.980392156862745168e-01 1.000000000000000000e+00
4.980392156862745168e-01 4.980392156862745168e-01 4.980392156862745168e-01 1.000000000000000000e+00
4.980392156862745168e-01 4.980392156862745168e-01 4.980392156862745168e-01 1.000000000000000000e+00
4.980392156862745168e-01 4.980392156862745168e-01 4.980392156862745168e-01 1.000000000000000000e+00
4.980392156862745168e-01 4.980392156862745168e-01 4.980392156862745168e-01 1.000000000000000000e+00
4.980392156862745168e-01 4.980392156862745168e-01 4.980392156862745168e-01 1.000000000000000000e+00
9.686274509803921573e-01 7.137254901960784492e-01 8.235294117647058432e-01 1.000000000000000000e+00
9.686274509803921573e-01 7.137254901960784492e-01 8.235294117647058432e-01 1.000000000000000000e+00
9.686274509803921573e-01 7.137254901960784492e-01 8.235294117647058432e-01 1.000000000000000000e+00
9.686274509803921573e-01 7.137254901960784492e-01 8.235294117647058432e-01 1.000000000000000000e+00
9.686274509803921573e-01 7.137254901960784492e-01 8.235294117647058432e-01 1.000000000000000000e+00
9.686274509803921573e-01 7.137254901960784492e-01 8.235294117647058432e-01 1.000000000000000000e+00
9.686274509803921573e-01 7.137254901960784492e-01 8.235294117647058432e-01 1.000000000000000000e+00
9.686274509803921573e-01 7.137254901960784492e-01 8.235294117647058432e-01 1.000000000000000000e+00
9.686274509803921573e-01 7.137254901960784492e-01 8.235294117647058432e-01 1.000000000000000000e+00
9.686274509803921573e-01 7.137254901960784492e-01 8.235294117647058432e-01 1.000000000000000000e+00
9.686274509803921573e-01 7.137254901960784492e-01 8.235294117647058432e-01 1.000000000000000000e+00
9.686274509803921573e-01 7.137254901960784492e-01 8.235294117647058432e-01 1.000000000000000000e+00
8.901960784313724950e-01 4.666666666666666741e-01 7.607843137254901578e-01 1.000000000000000000e+00
8.901960784313724950e-01 4.666666666666666741e-01 7.607843137254901578e-01 1.000000000000000000e+00
8.901960784313724950e-01 4.666666666666666741e-01 7.607843137254901578e-01 1.000000000000000000e+00
8.901960784313724950e-01 4.666666666666666741e-01 7.607843137254901578e-01 1.000000000000000000e+00
8.901960784313724950e-01 4.666666666666666741e-01 7.607843137254901578e-01 1.000000000000000000e+00
8.901960784313724950e-01 4.666666666666666741e-01 7.607843137254901578e-01 1.000000000000000000e+00
8.901960784313724950e-01 4.666666666666666741e-01 7.607843137254901578e-01 1.000000000000000000e+00
8.901960784313724950e-01 4.666666666666666741e-01 7.607843137254901578e-01 1.000000000000000000e+00
8.901960784313724950e-01 4.666666666666666741e-01 7.607843137254901578e-01 1.000000000000000000e+00
8.901960784313724950e-01 4.666666666666666741e-01 7.607843137254901578e-01 1.000000000000000000e+00
8.901960784313724950e-01 4.666666666666666741e-01 7.607843137254901578e-01 1.000000000000000000e+00
8.901960784313724950e-01 4.666666666666666741e-01 7.607843137254901578e-01 1.000000000000000000e+00
8.901960784313724950e-01 4.666666666666666741e-01 7.607843137254901578e-01 1.000000000000000000e+00
7.686274509803922017e-01 6.117647058823529882e-01 5.803921568627451455e-01 1.000000000000000000e+00
7.686274509803922017e-01 6.117647058823529882e-01 5.803921568627451455e-01 1.000000000000000000e+00
7.686274509803922017e-01 6.117647058823529882e-01 5.803921568627451455e-01 1.000000000000000000e+00
7.686274509803922017e-01 6.117647058823529882e-01 5.803921568627451455e-01 1.000000000000000000e+00
7.686274509803922017e-01 6.117647058823529882e-01 5.803921568627451455e-01 1.000000000000000000e+00
7.686274509803922017e-01 6.117647058823529882e-01 5.803921568627451455e-01 1.000000000000000000e+00
7.686274509803922017e-01 6.117647058823529882e-01 5.803921568627451455e-01 1.000000000000000000e+00
7.686274509803922017e-01 6.117647058823529882e-01 5.803921568627451455e-01 1.000000000000000000e+00
7.686274509803922017e-01 6.117647058823529882e-01 5.803921568627451455e-01 1.000000000000000000e+00
7.686274509803922017e-01 6.117647058823529882e-01 5.803921568627451455e-01 1.000000000000000000e+00
7.686274509803922017e-01 6.117647058823529882e-01 5.803921568627451455e-01 1.000000000000000000e+00
7.686274509803922017e-01 6.117647058823529882e-01 5.803921568627451455e-01 1.000000000000000000e+00
7.686274509803922017e-01 6.117647058823529882e-01 5.803921568627451455e-01 1.000000000000000000e+00
5.490196078431373028e-01 3.372549019607843368e-01 2.941176470588235392e-01 1.000000000000000000e+00
5.490196078431373028e-01 3.372549019607843368e-01 2.941176470588235392e-01 1.000000000000000000e+00
5.490196078431373028e-01 3.372549019607843368e-01 2.941176470588235392e-01 1.000000000000000000e+00
5.490196078431373028e-01 3.372549019607843368e-01 2.941176470588235392e-01 1.000000000000000000e+00
5.490196078431373028e-01 3.372549019607843368e-01 2.941176470588235392e-01 1.000000000000000000e+00
5.490196078431373028e-01 3.372549019607843368e-01 2.941176470588235392e-01 1.000000000000000000e+00
5.490196078431373028e-01 3.372549019607843368e-01 2.941176470588235392e-01 1.000000000000000000e+00
5.490196078431373028e-01 3.372549019607843368e-01 2.941176470588235392e-01 1.000000000000000000e+00
5.490196078431373028e-01 3.372549019607843368e-01 2.941176470588235392e-01 1.000000000000000000e+00
5.490196078431373028e-01 3.372549019607843368e-01 2.941176470588235392e-01 1.000000000000000000e+00
5.490196078431373028e-01 3.372549019607843368e-01 2.941176470588235392e-01 1.000000000000000000e+00
5.490196078431373028e-01 3.372549019607843368e-01 2.941176470588235392e-01 1.000000000000000000e+00
7.725490196078431682e-01 6.901960784313725394e-01 8.352941176470588536e-01 1.000000000000000000e+00
7.725490196078431682e-01 6.901960784313725394e-01 8.352941176470588536e-01 1.000000000000000000e+00
7.725490196078431682e-01 6.901960784313725394e-01 8.352941176470588536e-01 1.000000000000000000e+00
7.725490196078431682e-01 6.901960784313725394e-01 8.352941176470588536e-01 1.000000000000000000e+00
7.725490196078431682e-01 6.901960784313725394e-01 8.352941176470588536e-01 1.000000000000000000e+00
7.725490196078431682e-01 6.901960784313725394e-01 8.352941176470588536e-01 1.000000000000000000e+00
7.725490196078431682e-01 6.901960784313725394e-01 8.352941176470588536e-01 1.000000000000000000e+00
7.725490196078431682e-01 6.901960784313725394e-01 8.352941176470588536e-01 1.000000000000000000e+00
7.725490196078431682e-01 6.901960784313725394e-01 8.352941176470588536e-01 1.000000000000000000e+00
7.725490196078431682e-01 6.901960784313725394e-01 8.352941176470588536e-01 1.000000000000000000e+00
7.725490196078431682e-01 6.901960784313725394e-01 8.352941176470588536e-01 1.000000000000000000e+00
7.725490196078431682e-01 6.901960784313725394e-01 8.352941176470588536e-01 1.000000000000000000e+00
7.725490196078431682e-01 6.901960784313725394e-01 8.352941176470588536e-01 1.000000000000000000e+00
5.803921568627451455e-01 4.039215686274509887e-01 7.411764705882353255e-01 1.000000000000000000e+00
5.803921568627451455e-01 4.039215686274509887e-01 7.411764705882353255e-01 1.000000000000000000e+00
5.803921568627451455e-01 4.039215686274509887e-01 7.411764705882353255e-01 1.000000000000000000e+00
5.803921568627451455e-01 4.039215686274509887e-01 7.411764705882353255e-01 1.000000000000000000e+00
5.803921568627451455e-01 4.039215686274509887e-01 7.411764705882353255e-01 1.000000000000000000e+00
5.803921568627451455e-01 4.039215686274509887e-01 7.411764705882353255e-01 1.000000000000000000e+00
5.803921568627451455e-01 4.039215686274509887e-01 7.411764705882353255e-01 1.000000000000000000e+00
5.803921568627451455e-01 4.039215686274509887e-01 7.411764705882353255e-01 1.000000000000000000e+00
5.803921568627451455e-01 4.039215686274509887e-01 7.411764705882353255e-01 1.000000000000000000e+00
5.803921568627451455e-01 4.039215686274509887e-01 7.411764705882353255e-01 1.000000000000000000e+00
5.803921568627451455e-01 4.039215686274509887e-01 7.411764705882353255e-01 1.000000000000000000e+00
5.803921568627451455e-01 4.039215686274509887e-01 7.411764705882353255e-01 1.000000000000000000e+00
5.803921568627451455e-01 4.039215686274509887e-01 7.411764705882353255e-01 1.000000000000000000e+00
1.000000000000000000e+00 5.960784313725490113e-01 5.882352941176470784e-01 1.000000000000000000e+00
1.000000000000000000e+00 5.960784313725490113e-01 5.882352941176470784e-01 1.000000000000000000e+00
1.000000000000000000e+00 5.960784313725490113e-01 5.882352941176470784e-01 1.000000000000000000e+00
1.000000000000000000e+00 5.960784313725490113e-01 5.882352941176470784e-01 1.000000000000000000e+00
1.000000000000000000e+00 5.960784313725490113e-01 5.882352941176470784e-01 1.000000000000000000e+00
1.000000000000000000e+00 5.960784313725490113e-01 5.882352941176470784e-01 1.000000000000000000e+00
1.000000000000000000e+00 5.960784313725490113e-01 5.882352941176470784e-01 1.000000000000000000e+00
1.000000000000000000e+00 5.960784313725490113e-01 5.882352941176470784e-01 1.000000000000000000e+00
1.000000000000000000e+00 5.960784313725490113e-01 5.882352941176470784e-01 1.000000000000000000e+00
1.000000000000000000e+00 5.960784313725490113e-01 5.882352941176470784e-01 1.000000000000000000e+00
1.000000000000000000e+00 5.960784313725490113e-01 5.882352941176470784e-01 1.000000000000000000e+00
1.000000000000000000e+00 5.960784313725490113e-01 5.882352941176470784e-01 1.000000000000000000e+00
1.000000000000000000e+00 5.960784313725490113e-01 5.882352941176470784e-01 1.000000000000000000e+00
8.392156862745098200e-01 1.529411764705882470e-01 1.568627450980392135e-01 1.000000000000000000e+00
8.392156862745098200e-01 1.529411764705882470e-01 1.568627450980392135e-01 1.000000000000000000e+00
8.392156862745098200e-01 1.529411764705882470e-01 1.568627450980392135e-01 1.000000000000000000e+00
8.392156862745098200e-01 1.529411764705882470e-01 1.568627450980392135e-01 1.000000000000000000e+00
8.392156862745098200e-01 1.529411764705882470e-01 1.568627450980392135e-01 1.000000000000000000e+00
8.392156862745098200e-01 1.529411764705882470e-01 1.568627450980392135e-01 1.000000000000000000e+00
8.392156862745098200e-01 1.529411764705882470e-01 1.568627450980392135e-01 1.000000000000000000e+00
8.392156862745098200e-01 1.529411764705882470e-01 1.568627450980392135e-01 1.000000000000000000e+00
8.392156862745098200e-01 1.529411764705882470e-01 1.568627450980392135e-01 1.000000000000000000e+00
8.392156862745098200e-01 1.529411764705882470e-01 1.568627450980392135e-01 1.000000000000000000e+00
8.392156862745098200e-01 1.529411764705882470e-01 1.568627450980392135e-01 1.000000000000000000e+00
8.392156862745098200e-01 1.529411764705882470e-01 1.568627450980392135e-01 1.000000000000000000e+00
5.960784313725490113e-01 8.745098039215686292e-01 5.411764705882352589e-01 1.000000000000000000e+00
5.960784313725490113e-01 8.745098039215686292e-01 5.411764705882352589e-01 1.000000000000000000e+00
5.960784313725490113e-01 8.745098039215686292e-01 5.411764705882352589e-01 1.000000000000000000e+00
5.960784313725490113e-01 8.745098039215686292e-01 5.411764705882352589e-01 1.000000000000000000e+00
5.960784313725490113e-01 8.745098039215686292e-01 5.411764705882352589e-01 1.000000000000000000e+00
5.960784313725490113e-01 8.745098039215686292e-01 5.411764705882352589e-01 1.000000000000000000e+00
5.960784313725490113e-01 8.745098039215686292e-01 5.411764705882352589e-01 1.000000000000000000e+00
5.960784313725490113e-01 8.745098039215686292e-01 5.411764705882352589e-01 1.000000000000000000e+00
5.960784313725490113e-01 8.745098039215686292e-01 5.411764705882352589e-01 1.000000000000000000e+00
5.960784313725490113e-01 8.745098039215686292e-01 5.411764705882352589e-01 1.000000000000000000e+00
5.960784313725490113e-01 8.745098039215686292e-01 5.411764705882352589e-01 1.000000000000000000e+00
5.960784313725490113e-01 8.745098039215686292e-01 5.411764705882352589e-01 1.000000000000000000e+00
5.960784313725490113e-01 8.745098039215686292e-01 5.411764705882352589e-01 1.000000000000000000e+00
1.725490196078431349e-01 6.274509803921568540e-01 1.725490196078431349e-01 1.000000000000000000e+00
1.725490196078431349e-01 6.274509803921568540e-01 1.725490196078431349e-01 1.000000000000000000e+00
1.725490196078431349e-01 6.274509803921568540e-01 1.725490196078431349e-01 1.000000000000000000e+00
1.725490196078431349e-01 6.274509803921568540e-01 1.725490196078431349e-01 1.000000000000000000e+00
1.725490196078431349e-01 6.274509803921568540e-01 1.725490196078431349e-01 1.000000000000000000e+00
1.725490196078431349e-01 6.274509803921568540e-01 1.725490196078431349e-01 1.000000000000000000e+00
1.725490196078431349e-01 6.274509803921568540e-01 1.725490196078431349e-01 1.000000000000000000e+00
1.725490196078431349e-01 6.274509803921568540e-01 1.725490196078431349e-01 1.000000000000000000e+00
1.725490196078431349e-01 6.274509803921568540e-01 1.725490196078431349e-01 1.000000000000000000e+00
1.725490196078431349e-01 6.274509803921568540e-01 1.725490196078431349e-01 1.000000000000000000e+00
1.725490196078431349e-01 6.274509803921568540e-01 1.725490196078431349e-01 1.000000000000000000e+00
1.725490196078431349e-01 6.274509803921568540e-01 1.725490196078431349e-01 1.000000000000000000e+00
1.725490196078431349e-01 6.274509803921568540e-01 1.725490196078431349e-01 1.000000000000000000e+00
1.000000000000000000e+00 7.333333333333332815e-01 4.705882352941176405e-01 1.000000000000000000e+00
1.000000000000000000e+00 7.333333333333332815e-01 4.705882352941176405e-01 1.000000000000000000e+00
1.000000000000000000e+00 7.333333333333332815e-01 4.705882352941176405e-01 1.000000000000000000e+00
1.000000000000000000e+00 7.333333333333332815e-01 4.705882352941176405e-01 1.000000000000000000e+00
1.000000000000000000e+00 7.333333333333332815e-01 4.705882352941176405e-01 1.000000000000000000e+00
1.000000000000000000e+00 7.333333333333332815e-01 4.705882352941176405e-01 1.000000000000000000e+00
1.000000000000000000e+00 7.333333333333332815e-01 4.705882352941176405e-01 1.000000000000000000e+00
1.000000000000000000e+00 7.333333333333332815e-01 4.705882352941176405e-01 1.000000000000000000e+00
1.000000000000000000e+00 7.333333333333332815e-01 4.705882352941176405e-01 1.000000000000000000e+00
1.000000000000000000e+00 7.333333333333332815e-01 4.705882352941176405e-01 1.000000000000000000e+00
1.000000000000000000e+00 7.333333333333332815e-01 4.705882352941176405e-01 1.000000000000000000e+00
1.000000000000000000e+00 7.333333333333332815e-01 4.705882352941176405e-01 1.000000000000000000e+00
1.000000000000000000e+00 4.980392156862745168e-01 5.490196078431372473e-02 1.000000000000000000e+00
1.000000000000000000e+00 4.980392156862745168e-01 5.490196078431372473e-02 1.000000000000000000e+00
1.000000000000000000e+00 4.980392156862745168e-01 5.490196078431372473e-02 1.000000000000000000e+00
1.000000000000000000e+00 4.980392156862745168e-01 5.490196078431372473e-02 1.000000000000000000e+00
1.000000000000000000e+00 4.980392156862745168e-01 5.490196078431372473e-02 1.000000000000000000e+00
1.000000000000000000e+00 4.980392156862745168e-01 5.490196078431372473e-02 1.000000000000000000e+00
1.000000000000000000e+00 4.980392156862745168e-01 5.490196078431372473e-02 1.000000000000000000e+00
1.000000000000000000e+00 4.980392156862745168e-01 5.490196078431372473e-02 1.000000000000000000e+00
1.000000000000000000e+00 4.980392156862745168e-01 5.490196078431372473e-02 1.000000000000000000e+00
1.000000000000000000e+00 4.980392156862745168e-01 5.490196078431372473e-02 1.000000000000000000e+00
1.000000000000000000e+00 4.980392156862745168e-01 5.490196078431372473e-02 1.000000000000000000e+00
1.000000000000000000e+00 4.980392156862745168e-01 5.490196078431372473e-02 1.000000000000000000e+00
1.000000000000000000e+00 4.980392156862745168e-01 5.490196078431372473e-02 1.000000000000000000e+00
6.823529411764706065e-01 7.803921568627451011e-01 9.098039215686274384e-01 1.000000000000000000e+00
6.823529411764706065e-01 7.803921568627451011e-01 9.098039215686274384e-01 1.000000000000000000e+00
6.823529411764706065e-01 7.803921568627451011e-01 9.098039215686274384e-01 1.000000000000000000e+00
6.823529411764706065e-01 7.803921568627451011e-01 9.098039215686274384e-01 1.000000000000000000e+00
6.823529411764706065e-01 7.803921568627451011e-01 9.098039215686274384e-01 1.000000000000000000e+00
6.823529411764706065e-01 7.803921568627451011e-01 9.098039215686274384e-01 1.000000000000000000e+00
6.823529411764706065e-01 7.803921568627451011e-01 9.098039215686274384e-01 1.000000000000000000e+00
6.823529411764706065e-01 7.803921568627451011e-01 9.098039215686274384e-01 1.000000000000000000e+00
6.823529411764706065e-01 7.803921568627451011e-01 9.098039215686274384e-01 1.000000000000000000e+00
6.823529411764706065e-01 7.803921568627451011e-01 9.098039215686274384e-01 1.000000000000000000e+00
6.823529411764706065e-01 7.803921568627451011e-01 9.098039215686274384e-01 1.000000000000000000e+00
6.823529411764706065e-01 7.803921568627451011e-01 9.098039215686274384e-01 1.000000000000000000e+00
6.823529411764706065e-01 7.803921568627451011e-01 9.098039215686274384e-01 1.000000000000000000e+00
1.215686274509803905e-01 4.666666666666666741e-01 7.058823529411765163e-01 1.000000000000000000e+00
1.215686274509803905e-01 4.666666666666666741e-01 7.058823529411765163e-01 1.000000000000000000e+00
1.215686274509803905e-01 4.666666666666666741e-01 7.058823529411765163e-01 1.000000000000000000e+00
1.215686274509803905e-01 4.666666666666666741e-01 7.058823529411765163e-01 1.000000000000000000e+00
1.215686274509803905e-01 4.666666666666666741e-01 7.058823529411765163e-01 1.000000000000000000e+00
1.215686274509803905e-01 4.666666666666666741e-01 7.058823529411765163e-01 1.000000000000000000e+00
1.215686274509803905e-01 4.666666666666666741e-01 7.058823529411765163e-01 1.000000000000000000e+00
1.215686274509803905e-01 4.666666666666666741e-01 7.058823529411765163e-01 1.000000000000000000e+00
1.215686274509803905e-01 4.666666666666666741e-01 7.058823529411765163e-01 1.000000000000000000e+00
1.215686274509803905e-01 4.666666666666666741e-01 7.058823529411765163e-01 1.000000000000000000e+00
1.215686274509803905e-01 4.666666666666666741e-01 7.058823529411765163e-01 1.000000000000000000e+00
1.215686274509803905e-01 4.666666666666666741e-01 7.058823529411765163e-01 1.000000000000000000e+00
1.215686274509803905e-01 4.666666666666666741e-01 7.058823529411765163e-01 1.000000000000000000e+00
