1.921568627450980504e-01 5.098039215686274161e-01 7.411764705882353255e-01 1.000000000000000000e+00
1.921568627450980504e-01 5.098039215686274161e-01 7.411764705882353255e-01 1.000000000000000000e+00
1.921568627450980504e-01 5.098039215686274161e-01 7.411764705882353255e-01 1.000000000000000000e+00
1.921568627450980504e-01 5.098039215686274161e-01 7.411764705882353255e-01 1.000000000000000000e+00
1.921568627450980504e-01 5.098039215686274161e-01 7.411764705882353255e-01 1.000000000000000000e+00
1.921568627450980504e-01 5.098039215686274161e-01 7.411764705882353255e-01 1.000000000000000000e+00
1.921568627450980504e-01 5.098039215686274161e-01 7.411764705882353255e-01 1.000000000000000000e+00
1.921568627450980504e-01 5.098039215686274161e-01 7.411764705882353255e-01 1.000000000000000000e+00
1.921568627450980504e-01 5.098039215686274161e-01 7.411764705882353255e-01 1.000000000000000000e+00
1.921568627450980504e-01 5.098039215686274161e-01 7.411764705882353255e-01 1.000000000000000000e+00
1.921568627450980504e-01 5.098039215686274161e-01 7.411764705882353255e-01 1.000000000000000000e+00
1.921568627450980504e-01 5.098039215686274161e-01 7.411764705882353255e-01 1.000000000000000000e+00
1.921568627450980504e-01 5.098039215686274161e-01 7.411764705882353255e-01 1.000000000000000000e+00
4.196078431372549100e-01 6.823529411764706065e-01 8.392156862745098200e-01 1.000000000000000000e+00
4.196078431372549100e-01 6.823529411764706065e-01 8.392156862745098200e-01 1.000000000000000000e+00
4.196078431372549100e-01 6.823529411764706065e-01 8.392156862745098200e-01 1.000000000000000000e+00
4.196078431372549100e-01 6.823529411764706065e-01 8.392156862745098200e-01 1.000000000000000000e+00
4.196078431372549100e-01 6.823529411764706065e-01 8.392156862745098200e-01 1.000000000000000000e+00
4.196078431372549100e-01 6.823529411764706065e-01 8.392156862745098200e-01 1.000000000000000000e+00
4.196078431372549100e-01 6.823529411764706065e-01 8.392156862745098200e-01 1.000000000000000000e+00
4.196078431372549100e-01 6.823529411764706065e-01 8.392156862745098200e-01 1.000000000000000000e+00
4.196078431372549100e-01 6.823529411764706065e-01 8.392156862745098200e-01 1.000000000000000000e+00
4.196078431372549100e-01 6.823529411764706065e-01 8.392156862745098200e-01 1.000000000000000000e+00
4.196078431372549100e-01 6.823529411764706065e-01 8.392156862745098200e-01 1.000000000000000000e+00
4.196078431372549100e-01 6.823529411764706065e-01 8.392156862745098200e-01 1.000000000000000000e+00
4.196078431372549100e-01 6.823529411764706065e-01 8.392156862745098200e-01 1.000000000000000000e+00
6.196078431372549211e-01 7.921568627450980005e-01 8.823529411764705621e-01 1.000000000000000000e+00
6.196078431372549211e-01 7.921568627450980005e-01 8.823529411764705621e-01 1.000000000000000000e+00
6.196078431372549211e-01 7.921568627450980005e-01 8.823529411764705621e-01 1.000000000000000000e+00
6.196078431372549211e-01 7.921568627450980005e-01 8.823529411764705621e-01 1.000000000000000000e+00
6.196078431372549211e-01 7.921568627450980005e-01 8.823529411764705621e-01 1.000000000000000000e+00
6.196078431372549211e-01 7.921568627450980005e-01 8.823529411764705621e-01 1.000000000000000000e+00
6.196078431372549211e-01 7.921568627450980005e-01 8.823529411764705621e-01 1.000000000000000000e+00
6.196078431372549211e-01 7.921568627450980005e-01 8.823529411764705621e-01 1.000000000000000000e+00
6.196078431372549211e-01 7.921568627450980005e-01 8.823529411764705621e-01 1.000000000000000000e+00
6.196078431372549211e-01 7.921568627450980005e-01 8.823529411764705621e-01 1.000000000000000000e+00
6.196078431372549211e-01 7.921568627450980005e-01 8.823529411764705621e-01 1.000000000000000000e+00
6.196078431372549211e-01 7.921568627450980005e-01 8.823529411764705621e-01 1.000000000000000000e+00
6.196078431372549211e-01 7.921568627450980005e-01 8.823529411764705621e-01 1.000000000000000000e+00
7.764705882352941346e-01 8.588235294117646523e-01 9.372549019607843146e-01 1.000000000000000000e+00
7.764705882352941346e-01 8.588235294117646523e-01 9.372549019607843146e-01 1.000000000000000000e+00
7.764705882352941346e-01 8.588235294117646523e-01 9.372549019607843146e-01 1.000000000000000000e+00
7.764705882352941346e-01 8.588235294117646523e-01 9.372549019607843146e-01 1.000000000000000000e+00
7.764705882352941346e-01 8.588235294117646523e-01 9.372549019607843146e-01 1.000000000000000000e+00
7.764705882352941346e-01 8.588235294117646523e-01 9.372549019607843146e-01 1.000000000000000000e+00
7.764705882352941346e-01 8.588235294117646523e-01 9.372549019607843146e-01 1.000000000000000000e+00
7.764705882352941346e-01 8.588235294117646523e-01 9.372549019607843146e-01 1.000000000000000000e+00
7.764705882352941346e-01 8.588235294117646523e-01 9.372549019607843146e-01 1.000000000000000000e+00
7.764705882352941346e-01 8.588235294117646523e-01 9.372549019607843146e-01 1.000000000000000000e+00
7.764705882352941346e-01 8.588235294117646523e-01 9.372549019607843146e-01 1.000000000000000000e+00
7.764705882352941346e-01 8.588235294117646523e-01 9.372549019607843146e-01 1.000000000000000000e+00
9.019607843137255054e-01 3.333333333333333148e-01 5.098039215686274439e-02 1.000000000000000000e+00
9.019607843137255054e-01 3.333333333333333148e-01 5.098039215686274439e-02 1.000000000000000000e+00
9.019607843137255054e-01 3.333333333333333148e-01 5.098039215686274439e-02 1.000000000000000000e+00
9.019607843137255054e-01 3.333333333333333148e-01 5.098039215686274439e-02 1.000000000000000000e+00
9.019607843137255054e-01 3.333333333333333148e-01 5.098039215686274439e-02 1.000000000000000000e+00
9.019607843137255054e-01 3.333333333333333148e-01 5.098039215686274439e-02 1.000000000000000000e+00
9.019607843137255054e-01 3.333333333333333148e-01 5.098039215686274439e-02 1.000000000000000000e+00
9.019607843137255054e-01 3.333333333333333148e-01 5.098039215686274439e-02 1.000000000000000000e+00
9.019607843137255054e-01 3.333333333333333148e-01 5.098039215686274439e-02 1.000000000000000000e+00
9.019607843137255054e-01 3.333333333333333148e-01 5.098039215686274439e-02 1.000000000000000000e+00
9.019607843137255054e-01 3.333333333333333148e-01 5.098039215686274439e-02 1.000000000000000000e+00
9.019607843137255054e-01 3.333333333333333148e-01 5.098039215686274439e-02 1.000000000000000000e+00
9.019607843137255054e-01 3.333333333333333148e-01 5.098039215686274439e-02 1.000000000000000000e+00
9.921568627450980671e-01 5.529411764705882693e-01 2.352941176470588203e-01 1.000000000000000000e+00
9.921568627450980671e-01 5.529411764705882693e-01 2.352941176470588203e-01 1.000000000000000000e+00
9.921568627450980671e-01 5.529411764705882693e-01 2.352941176470588203e-01 1.000000000000000000e+00
9.921568627450980671e-01 5.529411764705882693e-01 2.352941176470588203e-01 1.000000000000000000e+00
9.921568627450980671e-01 5.529411764705882693e-01 2.352941176470588203e-01 1.000000000000000000e+00
9.921568627450980671e-01 5.529411764705882693e-01 2.352941176470588203e-01 1.000000000000000000e+00
9.921568627450980671e-01 5.529411764705882693e-01 2.352941176470588203e-01 1.000000000000000000e+00
9.921568627450980671e-01 5.529411764705882693e-01 2.352941176470588203e-01 1.000000000000000000e+00
9.921568627450980671e-01 5.529411764705882693e-01 2.352941176470588203e-01 1.000000000000000000e+00
9.921568627450980671e-01 5.529411764705882693e-01 2.352941176470588203e-01 1.000000000000000000e+00
9.921568627450980671e-01 5.529411764705882693e-01 2.352941176470588203e-01 1.000000000000000000e+00
9.921568627450980671e-01 5.529411764705882693e-01 2.352941176470588203e-01 1.000000000000000000e+00
9.921568627450980671e-01 5.529411764705882693e-01 2.352941176470588203e-01 1.000000000000000000e+00
9.921568627450980671e-01 6.823529411764706065e-01 4.196078431372549100e-01 1.000000000000000000e+00
9.921568627450980671e-01 6.823529411764706065e-01 4.196078431372549100e-01 1.000000000000000000e+00
9.921568627450980671e-01 6.823529411764706065e-01 4.196078431372549100e-01 1.000000000000000000e+00
9.921568627450980671e-01 6.823529411764706065e-01 4.196078431372549100e-01 1.000000000000000000e+00
9.921568627450980671e-01 6.823529411764706065e-01 4.196078431372549100e-01 1.000000000000000000e+00
9.921568627450980671e-01 6.823529411764706065e-01 4.196078431372549100e-01 1.000000000000000000e+00
9.921568627450980671e-01 6.823529411764706065e-01 4.196078431372549100e-01 1.000000000000000000e+00
9.921568627450980671e-01 6.823529411764706065e-01 4.196078431372549100e-01 1.000000000000000000e+00
9.921568627450980671e-01 6.823529411764706065e-01 4.196078431372549100e-01 1.000000000000000000e+00
9.921568627450980671e-01 6.823529411764706065e-01 4.196078431372549100e-01 1.000000000000000000e+00
9.921568627450980671e-01 6.823529411764706065e-01 4.196078431372549100e-01 1.000000000000000000e+00
9.921568627450980671e-01 6.823529411764706065e-01 4.196078431372549100e-01 1.000000000000000000e+00
9.921568627450980671e-01 8.156862745098039102e-01 6.352941176470587870e-01 1.000000000000000000e+00
9.921568627450980671e-01 8.156862745098039102e-01 6.352941176470587870e-01 1.000000000000000000e+00
9.921568627450980671e-01 8.156862745098039102e-01 6.352941176470587870e-01 1.000000000000000000e+00
9.921568627450980671e-01 8.156862745098039102e-01 6.352941176470587870e-01 1.000000000000000000e+00
9.921568627450980671e-01 8.156862745098039102e-01 6.352941176470587870e-01 1.000000000000000000e+00
9.921568627450980671e-01 8.156862745098039102e-01 6.352941176470587870e-01 1.000000000000000000e+00
9.921568627450980671e-01 8.156862745098039102e-01 6.352941176470587870e-01 1.000000000000000000e+00
9.921568627450980671e-01 8.156862745098039102e-01 6.352941176470587870e-01 1.000000000000000000e+00
9.921568627450980671e-01 8.156862745098039102e-01 6.352941176470587870e-01 1.000000000000000000e+00
9.921568627450980671e-01 8.156862745098039102e-01 6.352941176470587870e-01 1.000000000000000000e+00
9.921568627450980671e-01 8.156862745098039102e-01 6.352941176470587870e-01 1.000000000000000000e+00
9.921568627450980671e-01 8.156862745098039102e-01 6.352941176470587870e-01 1.000000000000000000e+00
9.921568627450980671e-01 8.156862745098039102e-01 6.352941176470587870e-01 1.000000000000000000e+00
1.921568627450980504e-01 6.392156862745097534e-01 3.294117647058823484e-01 1.000000000000000000e+00
1.921568627450980504e-01 6.392156862745097534e-01 3.294117647058823484e-01 1.000000000000000000e+00
1.921568627450980504e-01 6.392156862745097534e-01 3.294117647058823484e-01 1.000000000000000000e+00
1.921568627450980504e-01 6.392156862745097534e-01 3.294117647058823484e-01 1.000000000000000000e+00
1.921568627450980504e-01 6.392156862745097534e-01 3.294117647058823484e-01 1.000000000000000000e+00
1.921568627450980504e-01 6.392156862745097534e-01 3.294117647058823484e-01 1.000000000000000000e+00
1.921568627450980504e-01 6.392156862745097534e-01 3.294117647058823484e-01 1.000000000000000000e+00
1.921568627450980504e-01 6.392156862745097534e-01 3.294117647058823484e-01 1.000000000000000000e+00
1.921568627450980504e-01 6.392156862745097534e-01 3.294117647058823484e-01 1.000000000000000000e+00
1.921568627450980504e-01 6.392156862745097534e-01 3.294117647058823484e-01 1.000000000000000000e+00
1.921568627450980504e-01 6.392156862745097534e-01 3.294117647058823484e-01 1.000000000000000000e+00
1.921568627450980504e-01 6.392156862745097534e-01 3.294117647058823484e-01 1.000000000000000000e+00
1.921568627450980504e-01 6.392156862745097534e-01 3.294117647058823484e-01 1.000000000000000000e+00
4.549019607843137192e-01 7.686274509803922017e-01 4.627450980392157076e-01 1.000000000000000000e+00
4.549019607843137192e-01 7.686274509803922017e-01 4.627450980392157076e-01 1.000000000000000000e+00
4.549019607843137192e-01 7.686274509803922017e-01 4.627450980392157076e-01 1.000000000000000000e+00
4.549019607843137192e-01 7.686274509803922017e-01 4.627450980392157076e-01 1.000000000000000000e+00
4.549019607843137192e-01 7.686274509803922017e-01 4.627450980392157076e-01 1.000000000000000000e+00
4.549019607843137192e-01 7.686274509803922017e-01 4.627450980392157076e-01 1.000000000000000000e+00
4.549019607843137192e-01 7.686274509803922017e-01 4.627450980392157076e-01 1.000000000000000000e+00
4.549019607843137192e-01 7.686274509803922017e-01 4.627450980392157076e-01 1.000000000000000000e+00
4.549019607843137192e-01 7.686274509803922017e-01 4.627450980392157076e-01 1.000000000000000000e+00
4.549019607843137192e-01 7.686274509803922017e-01 4.627450980392157076e-01 1.000000000000000000e+00
4.549019607843137192e-01 7.686274509803922017e-01 4.627450980392157076e-01 1.000000000000000000e+00
4.549019607843137192e-01 7.686274509803922017e-01 4.627450980392157076e-01 1.000000000000000000e+00
6.313725490196078205e-01 8.509803921568627194e-01 6.078431372549019107e-01 1.000000000000000000e+00
6.313725490196078205e-01 8.509803921568627194e-01 6.078431372549019107e-01 1.000000000000000000e+00
6.313725490196078205e-01 8.509803921568627194e-01 6.078431372549019107e-01 1.000000000000000000e+00
6.313725490196078205e-01 8.509803921568627194e-01 6.078431372549019107e-01 1.000000000000000000e+00
6.313725490196078205e-01 8.509803921568627194e-01 6.078431372549019107e-01 1.000000000000000000e+00
6.313725490196078205e-01 8.509803921568627194e-01 6.078431372549019107e-01 1.000000000000000000e+00
6.313725490196078205e-01 8.509803921568627194e-01 6.078431372549019107e-01 1.000000000000000000e+00
6.313725490196078205e-01 8.509803921568627194e-01 6.078431372549019107e-01 1.000000000000000000e+00
6.313725490196078205e-01 8.509803921568627194e-01 6.078431372549019107e-01 1.000000000000000000e+00
6.313725490196078205e-01 8.509803921568627194e-01 6.078431372549019107e-01 1.000000000000000000e+00
6.313725490196078205e-01 8.509803921568627194e-01 6.078431372549019107e-01 1.000000000000000000e+00
6.313725490196078205e-01 8.509803921568627194e-01 6.078431372549019107e-01 1.000000000000000000e+00
6.313725490196078205e-01 8.509803921568627194e-01 6.078431372549019107e-01 1.000000000000000000e+00
7.803921568627451011e-01 9.137254901960784048e-01 7.529411764705882248e-01 1.000000000000000000e+00
7.803921568627451011e-01 9.137254901960784048e-01 7.529411764705882248e-01 1.000000000000000000e+00
7.803921568627451011e-01 9.137254901960784048e-01 7.529411764705882248e-01 1.000000000000000000e+00
7.803921568627451011e-01 9.137254901960784048e-01 7.529411764705882248e-01 1.000000000000000000e+00
7.803921568627451011e-01 9.137254901960784048e-01 7.529411764705882248e-01 1.000000000000000000e+00
7.803921568627451011e-01 9.137254901960784048e-01 7.529411764705882248e-01 1.000000000000000000e+00
7.803921568627451011e-01 9.137254901960784048e-01 7.529411764705882248e-01 1.000000000000000000e+00
7.803921568627451011e-01 9.137254901960784048e-01 7.529411764705882248e-01 1.000000000000000000e+00
7.803921568627451011e-01 9.137254901960784048e-01 7.529411764705882248e-01 1.000000000000000000e+00
7.803921568627451011e-01 9.137254901960784048e-01 7.529411764705882248e-01 1.000000000000000000e+00
7.803921568627451011e-01 9.137254901960784048e-01 7.529411764705882248e-01 1.000000000000000000e+00
7.803921568627451011e-01 9.137254901960784048e-01 7.529411764705882248e-01 1.000000000000000000e+00
7.803921568627451011e-01 9.137254901960784048e-01 7.529411764705882248e-01 1.000000000000000000e+00
4.588235294117646856e-01 4.196078431372549100e-01 6.941176470588235059e-01 1.000000000000000000e+00
4.588235294117646856e-01 4.196078431372549100e-01 6.941176470588235059e-01 1.000000000000000000e+00
4.588235294117646856e-01 4.196078431372549100e-01 6.941176470588235059e-01 1.000000000000000000e+00
4.588235294117646856e-01 4.196078431372549100e-01 6.941176470588235059e-01 1.000000000000000000e+00
4.588235294117646856e-01 4.196078431372549100e-01 6.941176470588235059e-01 1.000000000000000000e+00
4.588235294117646856e-01 4.196078431372549100e-01 6.941176470588235059e-01 1.000000000000000000e+00
4.588235294117646856e-01 4.196078431372549100e-01 6.941176470588235059e-01 1.000000000000000000e+00
4.588235294117646856e-01 4.196078431372549100e-01 6.941176470588235059e-01 1.000000000000000000e+00
4.588235294117646856e-01 4.196078431372549100e-01 6.941176470588235059e-01 1.000000000000000000e+00
4.588235294117646856e-01 4.196078431372549100e-01 6.941176470588235059e-01 1.000000000000000000e+00
4.588235294117646856e-01 4.196078431372549100e-01 6.941176470588235059e-01 1.000000000000000000e+00
4.588235294117646856e-01 4.196078431372549100e-01 6.941176470588235059e-01 1.000000000000000000e+00
4.588235294117646856e-01 4.196078431372549100e-01 6.941176470588235059e-01 1.000000000000000000e+00
6.196078431372549211e-01 6.039215686274509443e-01 7.843137254901960675e-01 1.000000000000000000e+00
6.196078431372549211e-01 6.039215686274509443e-01 7.843137254901960675e-01 1.000000000000000000e+00
6.196078431372549211e-01 6.039215686274509443e-01 7.843137254901960675e-01 1.000000000000000000e+00
6.196078431372549211e-01 6.039215686274509443e-01 7.843137254901960675e-01 1.000000000000000000e+00
6.196078431372549211e-01 6.039215686274509443e-01 7.843137254901960675e-01 1.000000000000000000e+00
6.196078431372549211e-01 6.039215686274509443e-01 7.843137254901960675e-01 1.000000000000000000e+00
6.196078431372549211e-01 6.039215686274509443e-01 7.843137254901960675e-01 1.000000000000000000e+00
6.196078431372549211e-01 6.039215686274509443e-01 7.843137254901960675e-01 1.000000000000000000e+00
6.196078431372549211e-01 6.039215686274509443e-01 7.843137254901960675e-01 1.000000000000000000e+00
6.196078431372549211e-01 6.039215686274509443e-01 7.843137254901960675e-01 1.000000000000000000e+00
6.196078431372549211e-01 6.039215686274509443e-01 7.843137254901960675e-01 1.000000000000000000e+00
6.196078431372549211e-01 6.039215686274509443e-01 7.843137254901960675e-01 1.000000000000000000e+00
7.372549019607843590e-01 7.411764705882353255e-01 8.627450980392157298e-01 1.000000000000000000e+00
7.372549019607843590e-01 7.411764705882353255e-01 8.627450980392157298e-01 1.000000000000000000e+00
7.372549019607843590e-01 7.411764705882353255e-01 8.627450980392157298e-01 1.000000000000000000e+00
7.372549019607843590e-01 7.411764705882353255e-01 8.627450980392157298e-01 1.000000000000000000e+00
7.372549019607843590e-01 7.411764705882353255e-01 8.627450980392157298e-01 1.000000000000000000e+00
7.372549019607843590e-01 7.411764705882353255e-01 8.627450980392157298e-01 1.000000000000000000e+00
7.372549019607843590e-01 7.411764705882353255e-01 8.627450980392157298e-01 1.000000000000000000e+00
7.372549019607843590e-01 7.411764705882353255e-01 8.627450980392157298e-01 1.000000000000000000e+00
7.372549019607843590e-01 7.411764705882353255e-01 8.627450980392157298e-01 1.000000000000000000e+00
7.372549019607843590e-01 7.411764705882353255e-01 8.627450980392157298e-01 1.000000000000000000e+00
7.372549019607843590e-01 7.411764705882353255e-01 8.627450980392157298e-01 1.000000000000000000e+00
7.372549019607843590e-01 7.411764705882353255e-01 8.627450980392157298e-01 1.000000000000000000e+00
7.372549019607843590e-01 7.411764705882353255e-01 8.627450980392157298e-01 1.000000000000000000e+00
8.549019607843136859e-01 8.549019607843136859e-01 9.215686274509803377e-01 1.000000000000000000e+00
8.549019607843136859e-01 8.549019607843136859e-01 9.215686274509803377e-01 1.000000000000000000e+00
8.549019607843136859e-01 8.549019607843136859e-01 9.215686274509803377e-01 1.000000000000000000e+00
8.549019607843136859e-01 8.549019607843136859e-01 9.215686274509803377e-01 1.000000000000000000e+00
8.549019607843136859e-01 8.549019607843136859e-01 9.215686274509803377e-01 1.000000000000000000e+00
8.549019607843136859e-01 8.549019607843136859e-01 9.215686274509803377e-01 1.000000000000000000e+00
8.549019607843136859e-01 8.549019607843136859e-01 9.215686274509803377e-01 1.000000000000000000e+00
8.549019607843136859e-01 8.549019607843136859e-01 9.215686274509803377e-01 1.000000000000000000e+00
8.549019607843136859e-01 8.549019607843136859e-01 9.215686274509803377e-01 1.000000000000000000e+00
8.549019607843136859e-01 8.549019607843136859e-01 9.215686274509803377e-01 1.000000000000000000e+00
8.549019607843136859e-01 8.549019607843136859e-01 9.215686274509803377e-01 1.000000000000000000e+00
8.549019607843136859e-01 8.549019607843136859e-01 9.215686274509803377e-01 1.000000000000000000e+00
8.549019607843136859e-01 8.549019607843136859e-01 9.215686274509803377e-01 1.000000000000000000e+00
3.882352941176470673e-01 3.882352941176470673e-01 3.882352941176470673e-01 1.000000000000000000e+00
3.882352941176470673e-01 3.882352941176470673e-01 3.882352941176470673e-01 1.000000000000000000e+00
3.882352941176470673e-01 3.882352941176470673e-01 3.882352941176470673e-01 1.000000000000000000e+00
3.882352941176470673e-01 3.882352941176470673e-01 3.882352941176470673e-01 1.000000000000000000e+00
3.882352941176470673e-01 3.882352941176470673e-01 3.882352941176470673e-01 1.000000000000000000e+00
3.882352941176470673e-01 3.882352941176470673e-01 3.882352941176470673e-01 1.000000000000000000e+00
3.882352941176470673e-01 3.882352941176470673e-01 3.882352941176470673e-01 1.000000000000000000e+00
3.882352941176470673e-01 3.882352941176470673e-01 3.882352941176470673e-01 1.000000000000000000e+00
3.882352941176470673e-01 3.882352941176470673e-01 3.882352941176470673e-01 1.000000000000000000e+00
3.882352941176470673e-01 3.882352941176470673e-01 3.882352941176470673e-01 1.000000000000000000e+00
3.882352941176470673e-01 3.882352941176470673e-01 3.882352941176470673e-01 1.000000000000000000e+00
3.882352941176470673e-01 3.882352941176470673e-01 3.882352941176470673e-01 1.000000000000000000e+00
5.882352941176470784e-01 5.882352941176470784e-01 5.882352941176470784e-01 1.000000000000000000e+00
5.882352941176470784e-01 5.882352941176470784e-01 5.882352941176470784e-01 1.000000000000000000e+00
5.882352941176470784e-01 5.882352941176470784e-01 5.882352941176470784e-01 1.000000000000000000e+00
5.882352941176470784e-01 5.882352941176470784e-01 5.882352941176470784e-01 1.000000000000000000e+00
5.882352941176470784e-01 5.882352941176470784e-01 5.882352941176470784e-01 1.000000000000000000e+00
5.882352941176470784e-01 5.882352941176470784e-01 5.882352941176470784e-01 1.000000000000000000e+00
5.882352941176470784e-01 5.882352941176470784e-01 5.882352941176470784e-01 1.000000000000000000e+00
5.882352941176470784e-01 5.882352941176470784e-01 5.882352941176470784e-01 1.000000000000000000e+00
5.882352941176470784e-01 5.882352941176470784e-01 5.882352941176470784e-01 1.000000000000000000e+00
5.882352941176470784e-01 5.882352941176470784e-01 5.882352941176470784e-01 1.000000000000000000e+00
5.882352941176470784e-01 5.882352941176470784e-01 5.882352941176470784e-01 1.000000000000000000e+00
5.882352941176470784e-01 5.882352941176470784e-01 5.882352941176470784e-01 1.000000000000000000e+00
5.882352941176470784e-01 5.882352941176470784e-01 5.882352941176470784e-01 1.000000000000000000e+00
7.411764705882353255e-01 7.411764705882353255e-01 7.411764705882353255e-01 1.000000000000000000e+00
7.411764705882353255e-01 7.411764705882353255e-01 7.411764705882353255e-01 1.000000000000000000e+00
7.411764705882353255e-01 7.411764705882353255e-01 7.411764705882353255e-01 1.000000000000000000e+00
7.411764705882353255e-01 7.411764705882353255e-01 7.411764705882353255e-01 1.000000000000000000e+00
7.411764705882353255e-01 7.411764705882353255e-01 7.411764705882353255e-01 1.000000000000000000e+00
7.411764705882353255e-01 7.411764705882353255e-01 7.411764705882353255e-01 1.000000000000000000e+00
7.411764705882353255e-01 7.411764705882353255e-01 7.411764705882353255e-01 1.000000000000000000e+00
7.411764705882353255e-01 7.411764705882353255e-01 7.411764705882353255e-01 1.000000000000000000e+00
7.411764705882353255e-01 7.411764705882353255e-01 7.411764705882353255e-01 1.000000000000000000e+00
7.411764705882353255e-01 7.411764705882353255e-01 7.411764705882353255e-01 1.000000000000000000e+00
7.411764705882353255e-01 7.411764705882353255e-01 7.411764705882353255e-01 1.000000000000000000e+00
7.411764705882353255e-01 7.411764705882353255e-01 7.411764705882353255e-01 1.000000000000000000e+00
7.411764705882353255e-01 7.411764705882353255e-01 7.411764705882353255e-01 1.000000000000000000e+00
8.509803921568627194e-01 8.509803921568627194e-01 8.509803921568627194e-01 1.000000000000000000e+00
8.509803921568627194e-01 8.509803921568627194e-01 8.509803921568627194e-01 1.000000000000000000e+00
8.509803921568627194e-01 8.509803921568627194e-01 8.509803921568627194e-01 1.000000000000000000e+00
8.509803921568627194e-01 8.509803921568627194e-01 8.509803921568627194e-01 1.000000000000000000e+00
8.509803921568627194e-01 8.509803921568627194e-01 8.509803921568627194e-01 1.000000000000000000e+00
8.509803921568627194e-01 8.509803921568627194e-01 8.509803921568627194e-01 1.000000000000000000e+00
8.509803921568627194e-01 8.509803921568627194e-01 8.509803921568627194e-01 1.000000000000000000e+00
8.509803921568627194e-01 8.509803921568627194e-01 8.509803921568627194e-01 1.000000000000000000e+00
8.509803921568627194e-01 8.509803921568627194e-01 8.509803921568627194e-01 1.000000000000000000e+00
8.509803921568627194e-01 8.509803921568627194e-01 8.509803921568627194e-01 1.000000000000000000e+00
8.509803921568627194e-01 8.509803921568627194e-01 8.509803921568627194e-01 1.000000000000000000e+00
8.509803921568627194e-01 8.509803921568627194e-01 8.509803921568627194e-01 1.000000000000000000e+00
8.509803921568627194e-01 8.509803921568627194e-01 8.509803921568627194e-01 1.000000000000000000e+00
