1.000000000000000000e+00 1.000000000000000000e+00 1.000000000000000000e+00 1.000000000000000000e+00
9.921568627450980671e-01 9.899607843137254726e-01 9.894901960784313610e-01 1.000000000000000000e+00
9.843137254901961342e-01 9.799215686274509451e-01 9.789803921568627221e-01 1.000000000000000000e+00
9.764705882352940902e-01 9.698823529411764177e-01 9.684705882352940831e-01 1.000000000000000000e+00
9.686274509803921573e-01 9.598431372549020013e-01 9.579607843137254442e-01 1.000000000000000000e+00
9.607843137254902244e-01 9.498039215686274739e-01 9.474509803921569162e-01 1.000000000000000000e+00
9.529411764705881804e-01 9.397647058823529465e-01 9.369411764705882772e-01 1.000000000000000000e+00
9.450980392156862475e-01 9.297254901960784190e-01 9.264313725490196383e-01 1.000000000000000000e+00
9.372549019607843146e-01 9.196862745098038916e-01 9.159215686274509993e-01 1.000000000000000000e+00
9.294117647058823817e-01 9.096470588235293642e-01 9.054117647058823604e-01 1.000000000000000000e+00
9.215686274509804488e-01 8.996078431372549478e-01 8.949019607843137214e-01 1.000000000000000000e+00
9.137254901960784048e-01 8.895686274509804203e-01 8.843921568627450824e-01 1.000000000000000000e+00
9.058823529411764719e-01 8.795294117647058929e-01 8.738823529411765545e-01 1.000000000000000000e+00
8.980392156862745390e-01 8.694901960784313655e-01 8.633725490196078045e-01 1.000000000000000000e+00
8.901960784313724950e-01 8.594509803921568381e-01 8.528627450980392766e-01 1.000000000000000000e+00
8.823529411764705621e-01 8.494117647058823106e-01 8.423529411764706376e-01 1.000000000000000000e+00
8.745098039215686292e-01 8.393725490196077832e-01 8.318431372549019986e-01 1.000000000000000000e+00
8.666666666666666963e-01 8.293333333333333668e-01 8.213333333333333597e-01 1.000000000000000000e+00
8.588235294117647634e-01 8.192941176470588394e-01 8.108235294117647207e-01 1.000000000000000000e+00
8.509803921568627194e-01 8.092549019607843119e-01 8.003137254901960818e-01 1.000000000000000000e+00
8.431372549019607865e-01 7.992156862745097845e-01 7.898039215686274428e-01 1.000000000000000000e+00
8.352941176470588536e-01 7.891764705882352571e-01 7.792941176470589149e-01 1.000000000000000000e+00
8.274509803921568096e-01 7.791372549019608407e-01 7.687843137254901649e-01 1.000000000000000000e+00
8.196078431372548767e-01 7.690980392156863132e-01 7.582745098039216369e-01 1.000000000000000000e+00
8.117647058823529438e-01 7.590588235294117858e-01 7.477647058823529980e-01 1.000000000000000000e+00
8.039215686274510109e-01 7.490196078431372584e-01 7.372549019607843590e-01 1.000000000000000000e+00
7.960784313725490779e-01 7.389803921568627310e-01 7.267450980392157200e-01 1.000000000000000000e+00
7.882352941176470340e-01 7.289411764705882035e-01 7.162352941176470811e-01 1.000000000000000000e+00
7.803921568627451011e-01 7.189019607843136761e-01 7.057254901960784421e-01 1.000000000000000000e+00
7.725490196078431682e-01 7.088627450980391487e-01 6.952156862745098032e-01 1.000000000000000000e+00
7.647058823529411242e-01 6.988235294117646212e-01 6.847058823529412752e-01 1.000000000000000000e+00
7.568627450980391913e-01 6.887843137254902048e-01 6.741960784313725252e-01 1.000000000000000000e+00
7.490196078431372584e-01 6.787450980392156774e-01 6.636862745098039973e-01 1.000000000000000000e+00
7.411764705882353255e-01 6.687058823529412610e-01 6.531764705882353583e-01 1.000000000000000000e+00
7.333333333333333925e-01 6.586666666666667336e-01 6.426666666666667194e-01 1.000000000000000000e+00
7.254901960784313486e-01 6.486274509803920951e-01 6.321568627450979694e-01 1.000000000000000000e+00
7.176470588235294157e-01 6.385882352941176787e-01 6.216470588235294414e-01 1.000000000000000000e+00
7.098039215686274828e-01 6.285490196078431513e-01 6.111372549019609135e-01 1.000000000000000000e+00
7.019607843137254388e-01 6.185098039215686239e-01 6.006274509803921635e-01 1.000000000000000000e+00
6.941176470588235059e-01 6.084705882352940964e-01 5.901176470588235246e-01 1.000000000000000000e+00
6.862745098039215730e-01 5.984313725490195690e-01 5.796078431372548856e-01 1.000000000000000000e+00
6.784313725490196401e-01 5.883921568627451526e-01 5.690980392156863577e-01 1.000000000000000000e+00
6.705882352941177071e-01 5.783529411764705142e-01 5.585882352941177187e-01 1.000000000000000000e+00
6.627450980392156632e-01 5.683137254901959867e-01 5.480784313725490797e-01 1.000000000000000000e+00
6.549019607843137303e-01 5.582745098039215703e-01 5.375686274509804408e-01 1.000000000000000000e+00
6.470588235294117974e-01 5.482352941176471539e-01 5.270588235294118018e-01 1.000000000000000000e+00
6.392156862745097534e-01 5.381960784313726265e-01 5.165490196078432739e-01 1.000000000000000000e+00
6.313725490196078205e-01 5.281568627450979880e-01 5.060392156862745239e-01 1.000000000000000000e+00
6.235294117647058876e-01 5.181176470588235716e-01 4.955294117647059959e-01 1.000000000000000000e+00
6.156862745098039547e-01 5.080784313725490442e-01 4.850196078431373570e-01 1.000000000000000000e+00
6.078431372549020217e-01 4.980392156862745168e-01 4.745098039215687180e-01 1.000000000000000000e+00
5.999999999999999778e-01 4.879999999999999893e-01 4.640000000000000790e-01 1.000000000000000000e+00
5.921568627450980449e-01 4.779607843137254619e-01 4.534901960784314401e-01 1.000000000000000000e+00
5.843137254901961120e-01 4.679215686274510455e-01 4.429803921568628011e-01 1.000000000000000000e+00
5.764705882352940680e-01 4.578823529411765181e-01 4.324705882352941622e-01 1.000000000000000000e+00
5.686274509803921351e-01 4.478431372549018796e-01 4.219607843137255232e-01 1.000000000000000000e+00
5.607843137254902022e-01 4.378039215686274632e-01 4.114509803921568842e-01 1.000000000000000000e+00
5.529411764705882693e-01 4.277647058823529358e-01 4.009411764705883563e-01 1.000000000000000000e+00
5.450980392156863363e-01 4.177254901960784084e-01 3.904313725490197173e-01 1.000000000000000000e+00
5.372549019607842924e-01 4.076862745098038809e-01 3.799215686274509673e-01 1.000000000000000000e+00
5.294117647058823595e-01 3.976470588235293535e-01 3.694117647058824394e-01 1.000000000000000000e+00
5.215686274509804266e-01 3.876078431372549371e-01 3.589019607843138004e-01 1.000000000000000000e+00
5.137254901960783826e-01 3.775686274509804097e-01 3.483921568627451615e-01 1.000000000000000000e+00
5.058823529411764497e-01 3.675294117647058822e-01 3.378823529411765225e-01 1.000000000000000000e+00
5.019607843137254832e-01 3.625098039215686185e-01 3.310588235294117943e-01 1.000000000000000000e+00
5.098039215686274161e-01 3.725490196078431460e-01 3.352941176470588536e-01 1.000000000000000000e+00
5.176470588235293491e-01 3.825882352941175069e-01 3.395294117647058574e-01 1.000000000000000000e+00
5.254901960784313930e-01 3.926274509803921453e-01 3.437647058823529722e-01 1.000000000000000000e+00
5.333333333333333259e-01 4.026666666666666727e-01 3.480000000000000315e-01 1.000000000000000000e+00
5.411764705882352589e-01 4.127058823529411447e-01 3.522352941176470909e-01 1.000000000000000000e+00
5.490196078431373028e-01 4.227450980392156721e-01 3.564705882352941502e-01 1.000000000000000000e+00
5.568627450980392357e-01 4.327843137254901995e-01 3.607058823529412095e-01 1.000000000000000000e+00
5.647058823529411686e-01 4.428235294117647269e-01 3.649411764705882688e-01 1.000000000000000000e+00
5.725490196078431016e-01 4.528627450980391989e-01 3.691764705882353281e-01 1.000000000000000000e+00
5.803921568627450345e-01 4.629019607843135597e-01 3.734117647058823319e-01 1.000000000000000000e+00
5.882352941176470784e-01 4.729411764705881982e-01 3.776470588235294468e-01 1.000000000000000000e+00
5.960784313725490113e-01 4.829803921568627256e-01 3.818823529411765061e-01 1.000000000000000000e+00
6.039215686274509443e-01 4.930196078431372531e-01 3.861176470588235654e-01 1.000000000000000000e+00
6.117647058823529882e-01 5.030588235294117805e-01 3.903529411764705692e-01 1.000000000000000000e+00
6.196078431372549211e-01 5.130980392156863079e-01 3.945882352941176840e-01 1.000000000000000000e+00
6.274509803921568540e-01 5.231372549019607243e-01 3.988235294117646879e-01 1.000000000000000000e+00
6.352941176470587870e-01 5.331764705882352517e-01 4.030588235294117472e-01 1.000000000000000000e+00
6.431372549019607199e-01 5.432156862745096682e-01 4.072941176470587510e-01 1.000000000000000000e+00
6.509803921568627638e-01 5.532549019607843066e-01 4.115294117647058658e-01 1.000000000000000000e+00
6.588235294117646967e-01 5.632941176470588340e-01 4.157647058823529251e-01 1.000000000000000000e+00
6.666666666666666297e-01 5.733333333333332504e-01 4.199999999999999845e-01 1.000000000000000000e+00
6.745098039215686736e-01 5.833725490196077779e-01 4.242352941176470438e-01 1.000000000000000000e+00
6.823529411764706065e-01 5.934117647058823053e-01 4.284705882352941031e-01 1.000000000000000000e+00
6.901960784313725394e-01 6.034509803921568327e-01 4.327058823529411624e-01 1.000000000000000000e+00
6.980392156862744724e-01 6.134901960784313601e-01 4.369411764705882217e-01 1.000000000000000000e+00
7.058823529411764053e-01 6.235294117647056655e-01 4.411764705882352255e-01 1.000000000000000000e+00
7.137254901960784492e-01 6.335686274509804150e-01 4.454117647058823404e-01 1.000000000000000000e+00
7.215686274509803821e-01 6.436078431372549424e-01 4.496470588235293997e-01 1.000000000000000000e+00
7.294117647058823151e-01 6.536470588235294699e-01 4.538823529411764590e-01 1.000000000000000000e+00
7.372549019607843590e-01 6.636862745098038863e-01 4.581176470588235183e-01 1.000000000000000000e+00
7.450980392156862919e-01 6.737254901960784137e-01 4.623529411764705777e-01 1.000000000000000000e+00
7.529411764705882248e-01 6.837647058823529411e-01 4.665882352941176370e-01 1.000000000000000000e+00
7.607843137254901578e-01 6.938039215686274686e-01 4.708235294117647518e-01 1.000000000000000000e+00
7.686274509803920907e-01 7.038431372549017739e-01 4.750588235294117001e-01 1.000000000000000000e+00
7.764705882352941346e-01 7.138823529411764124e-01 4.792941176470588149e-01 1.000000000000000000e+00
7.843137254901960675e-01 7.239215686274509398e-01 4.835294117647058743e-01 1.000000000000000000e+00
7.921568627450981115e-01 7.339607843137254672e-01 4.877647058823529336e-01 1.000000000000000000e+00
8.000000000000000444e-01 7.439999999999999947e-01 4.919999999999999929e-01 1.000000000000000000e+00
8.078431372549019773e-01 7.540392156862745221e-01 4.962352941176470522e-01 1.000000000000000000e+00
8.156862745098039102e-01 7.640784313725490495e-01 5.004705882352941115e-01 1.000000000000000000e+00
8.235294117647058432e-01 7.741176470588235770e-01 5.047058823529411153e-01 1.000000000000000000e+00
8.313725490196077761e-01 7.841568627450978823e-01 5.089411764705881192e-01 1.000000000000000000e+00
8.392156862745098200e-01 7.941960784313726318e-01 5.131764705882353450e-01 1.000000000000000000e+00
8.470588235294117530e-01 8.042352941176470482e-01 5.174117647058823488e-01 1.000000000000000000e+00
8.549019607843137969e-01 8.142745098039215756e-01 5.216470588235293526e-01 1.000000000000000000e+00
8.627450980392157298e-01 8.243137254901959921e-01 5.258823529411764675e-01 1.000000000000000000e+00
8.705882352941176627e-01 8.343529411764706305e-01 5.301176470588235823e-01 1.000000000000000000e+00
8.784313725490195957e-01 8.443921568627450469e-01 5.343529411764705861e-01 1.000000000000000000e+00
8.862745098039215286e-01 8.544313725490195743e-01 5.385882352941175899e-01 1.000000000000000000e+00
8.941176470588234615e-01 8.644705882352939907e-01 5.428235294117645937e-01 1.000000000000000000e+00
9.019607843137255054e-01 8.745098039215686292e-01 5.470588235294118196e-01 1.000000000000000000e+00
9.098039215686274384e-01 8.845490196078431566e-01 5.512941176470588234e-01 1.000000000000000000e+00
9.176470588235294823e-01 8.945882352941176840e-01 5.555294117647058272e-01 1.000000000000000000e+00
9.254901960784314152e-01 9.046274509803921005e-01 5.597647058823529420e-01 1.000000000000000000e+00
9.333333333333333481e-01 9.146666666666667389e-01 5.640000000000000568e-01 1.000000000000000000e+00
9.411764705882352811e-01 9.247058823529411553e-01 5.682352941176470607e-01 1.000000000000000000e+00
9.490196078431372140e-01 9.347450980392156827e-01 5.724705882352940645e-01 1.000000000000000000e+00
9.568627450980391469e-01 9.447843137254899881e-01 5.767058823529410683e-01 1.000000000000000000e+00
9.647058823529411908e-01 9.548235294117647376e-01 5.809411764705882941e-01 1.000000000000000000e+00
9.725490196078431238e-01 9.648627450980391540e-01 5.851764705882351869e-01 1.000000000000000000e+00
9.803921568627451677e-01 9.749019607843137925e-01 5.894117647058823017e-01 1.000000000000000000e+00
9.882352941176471006e-01 9.849411764705882089e-01 5.936470588235294166e-01 1.000000000000000000e+00
9.921568627450980671e-01 9.984313725490195912e-01 5.984313725490195690e-01 1.000000000000000000e+00
9.764705882352940902e-01 9.952941176470587736e-01 5.952941176470587514e-01 1.000000000000000000e+00
9.607843137254902244e-01 9.921568627450980671e-01 5.921568627450980449e-01 1.000000000000000000e+00
9.450980392156862475e-01 9.890196078431372495e-01 5.890196078431372273e-01 1.000000000000000000e+00
9.294117647058828258e-01 9.858823529411765429e-01 5.858823529411765207e-01 1.000000000000000000e+00
9.137254901960784048e-01 9.827450980392157254e-01 5.827450980392157032e-01 1.000000000000000000e+00
8.980392156862745390e-01 9.796078431372549078e-01 5.796078431372548856e-01 1.000000000000000000e+00
8.823529411764705621e-01 9.764705882352940902e-01 5.764705882352940680e-01 1.000000000000000000e+00
8.666666666666666963e-01 9.733333333333333837e-01 5.733333333333333615e-01 1.000000000000000000e+00
8.509803921568627194e-01 9.701960784313725661e-01 5.701960784313725439e-01 1.000000000000000000e+00
8.352941176470588536e-01 9.670588235294117485e-01 5.670588235294117263e-01 1.000000000000000000e+00
8.196078431372548767e-01 9.639215686274509309e-01 5.639215686274510198e-01 1.000000000000000000e+00
8.039215686274510109e-01 9.607843137254902244e-01 5.607843137254902022e-01 1.000000000000000000e+00
7.882352941176470340e-01 9.576470588235294068e-01 5.576470588235293846e-01 1.000000000000000000e+00
7.725490196078431682e-01 9.545098039215685892e-01 5.545098039215685670e-01 1.000000000000000000e+00
7.568627450980391913e-01 9.513725490196078827e-01 5.513725490196078605e-01 1.000000000000000000e+00
7.411764705882353255e-01 9.482352941176470651e-01 5.482352941176470429e-01 1.000000000000000000e+00
7.254901960784313486e-01 9.450980392156862475e-01 5.450980392156862253e-01 1.000000000000000000e+00
7.098039215686273717e-01 9.419607843137255410e-01 5.419607843137255188e-01 1.000000000000000000e+00
6.941176470588235059e-01 9.388235294117647234e-01 5.388235294117647012e-01 1.000000000000000000e+00
6.784313725490200842e-01 9.356862745098040168e-01 5.356862745098039946e-01 1.000000000000000000e+00
6.627450980392156632e-01 9.325490196078431993e-01 5.325490196078430660e-01 1.000000000000000000e+00
6.470588235294116863e-01 9.294117647058823817e-01 5.294117647058823595e-01 1.000000000000000000e+00
6.313725490196078205e-01 9.262745098039215641e-01 5.262745098039215419e-01 1.000000000000000000e+00
6.156862745098039547e-01 9.231372549019607465e-01 5.231372549019608353e-01 1.000000000000000000e+00
5.999999999999999778e-01 9.200000000000000400e-01 5.200000000000000178e-01 1.000000000000000000e+00
5.843137254901960009e-01 9.168627450980392224e-01 5.168627450980392002e-01 1.000000000000000000e+00
5.686274509803921351e-01 9.137254901960784048e-01 5.137254901960783826e-01 1.000000000000000000e+00
5.529411764705882693e-01 9.105882352941176983e-01 5.105882352941176761e-01 1.000000000000000000e+00
5.372549019607842924e-01 9.074509803921568807e-01 5.074509803921568585e-01 1.000000000000000000e+00
5.215686274509803155e-01 9.043137254901960631e-01 5.043137254901960409e-01 1.000000000000000000e+00
5.058823529411764497e-01 9.011764705882353566e-01 5.011764705882353343e-01 1.000000000000000000e+00
4.901960784313725839e-01 8.980392156862745390e-01 4.980392156862745168e-01 1.000000000000000000e+00
4.745098039215686070e-01 8.949019607843137214e-01 4.949019607843136992e-01 1.000000000000000000e+00
4.588235294117647411e-01 8.917647058823530148e-01 4.917647058823529371e-01 1.000000000000000000e+00
4.431372549019607643e-01 8.886274509803921973e-01 4.886274509803921751e-01 1.000000000000000000e+00
4.274509803921573425e-01 8.854901960784314907e-01 4.854901960784314685e-01 1.000000000000000000e+00
4.117647058823529216e-01 8.823529411764705621e-01 4.823529411764705954e-01 1.000000000000000000e+00
3.960784313725490557e-01 8.792156862745098556e-01 4.792156862745098334e-01 1.000000000000000000e+00
3.803921568627450789e-01 8.760784313725490380e-01 4.760784313725490158e-01 1.000000000000000000e+00
3.647058823529412130e-01 8.729411764705883314e-01 4.729411764705882537e-01 1.000000000000000000e+00
3.490196078431372362e-01 8.698039215686275138e-01 4.698039215686274916e-01 1.000000000000000000e+00
3.333333333333333703e-01 8.666666666666666963e-01 4.666666666666666741e-01 1.000000000000000000e+00
3.176470588235293935e-01 8.635294117647058787e-01 4.635294117647058565e-01 1.000000000000000000e+00
3.019607843137255276e-01 8.603921568627451721e-01 4.603921568627451499e-01 1.000000000000000000e+00
2.862745098039215508e-01 8.572549019607843546e-01 4.572549019607843324e-01 1.000000000000000000e+00
2.705882352941176849e-01 8.541176470588235370e-01 4.541176470588235148e-01 1.000000000000000000e+00
2.549019607843137081e-01 8.509803921568628304e-01 4.509803921568627527e-01 1.000000000000000000e+00
2.392156862745098422e-01 8.478431372549020129e-01 4.478431372549019907e-01 1.000000000000000000e+00
2.235294117647058654e-01 8.447058823529411953e-01 4.447058823529411731e-01 1.000000000000000000e+00
2.078431372549019995e-01 8.415686274509803777e-01 4.415686274509804110e-01 1.000000000000000000e+00
1.921568627450980227e-01 8.384313725490196711e-01 4.384313725490196489e-01 1.000000000000000000e+00
1.764705882352946009e-01 8.352941176470589646e-01 4.352941176470589424e-01 1.000000000000000000e+00
1.607843137254901800e-01 8.321568627450980360e-01 4.321568627450980138e-01 1.000000000000000000e+00
1.450980392156863141e-01 8.290196078431373294e-01 4.290196078431373072e-01 1.000000000000000000e+00
1.294117647058823373e-01 8.258823529411765119e-01 4.258823529411764897e-01 1.000000000000000000e+00
1.137254901960784714e-01 8.227450980392156943e-01 4.227450980392156721e-01 1.000000000000000000e+00
9.803921568627449457e-02 8.196078431372548767e-01 4.196078431372549100e-01 1.000000000000000000e+00
8.235294117647062873e-02 8.164705882352941702e-01 4.164705882352941479e-01 1.000000000000000000e+00
6.666666666666665186e-02 8.133333333333333526e-01 4.133333333333333304e-01 1.000000000000000000e+00
5.098039215686278602e-02 8.101960784313726460e-01 4.101960784313725683e-01 1.000000000000000000e+00
3.529411764705880916e-02 8.070588235294118284e-01 4.070588235294118062e-01 1.000000000000000000e+00
1.960784313725494332e-02 8.039215686274510109e-01 4.039215686274509887e-01 1.000000000000000000e+00
3.921568627450966460e-03 8.007843137254901933e-01 4.007843137254902266e-01 1.000000000000000000e+00
0.000000000000000000e+00 7.941176470588235947e-01 4.176470588235294268e-01 1.000000000000000000e+00
0.000000000000000000e+00 7.862745098039216618e-01 4.411764705882353366e-01 1.000000000000000000e+00
0.000000000000000000e+00 7.784313725490196179e-01 4.647058823529411908e-01 1.000000000000000000e+00
0.000000000000000000e+00 7.705882352941176849e-01 4.882352941176471006e-01 1.000000000000000000e+00
0.000000000000000000e+00 7.627450980392159741e-01 5.117647058823523443e-01 1.000000000000000000e+00
0.000000000000000000e+00 7.549019607843137081e-01 5.352941176470588092e-01 1.000000000000000000e+00
0.000000000000000000e+00 7.470588235294117752e-01 5.588235294117647189e-01 1.000000000000000000e+00
0.000000000000000000e+00 7.392156862745098422e-01 5.823529411764706287e-01 1.000000000000000000e+00
0.000000000000000000e+00 7.313725490196079093e-01 6.058823529411765385e-01 1.000000000000000000e+00
0.000000000000000000e+00 7.235294117647058654e-01 6.294117647058823373e-01 1.000000000000000000e+00
0.000000000000000000e+00 7.156862745098039325e-01 6.529411764705882470e-01 1.000000000000000000e+00
0.000000000000000000e+00 7.078431372549019995e-01 6.764705882352941568e-01 1.000000000000000000e+00
0.000000000000000000e+00 6.999999999999999556e-01 6.999999999999999556e-01 1.000000000000000000e+00
0.000000000000000000e+00 6.921568627450980227e-01 7.235294117647058654e-01 1.000000000000000000e+00
0.000000000000000000e+00 6.843137254901960898e-01 7.470588235294117752e-01 1.000000000000000000e+00
0.000000000000000000e+00 6.764705882352941568e-01 7.705882352941176849e-01 1.000000000000000000e+00
0.000000000000000000e+00 6.686274509803922239e-01 7.941176470588235947e-01 1.000000000000000000e+00
0.000000000000000000e+00 6.607843137254901800e-01 8.176470588235293935e-01 1.000000000000000000e+00
0.000000000000000000e+00 6.529411764705882470e-01 8.411764705882354143e-01 1.000000000000000000e+00
0.000000000000000000e+00 6.450980392156862031e-01 8.647058823529412130e-01 1.000000000000000000e+00
0.000000000000000000e+00 6.372549019607844922e-01 8.882352941176463457e-01 1.000000000000000000e+00
0.000000000000000000e+00 6.294117647058823373e-01 9.117647058823529216e-01 1.000000000000000000e+00
0.000000000000000000e+00 6.215686274509804043e-01 9.352941176470588314e-01 1.000000000000000000e+00
0.000000000000000000e+00 6.137254901960784714e-01 9.588235294117647411e-01 1.000000000000000000e+00
0.000000000000000000e+00 6.058823529411764275e-01 9.823529411764705399e-01 1.000000000000000000e+00
1.307189542483660257e-03 5.973856209150326668e-01 9.973856209150326890e-01 1.000000000000000000e+00
6.535947712418301719e-03 5.869281045751634229e-01 9.869281045751634451e-01 1.000000000000000000e+00
1.176470588235294101e-02 5.764705882352940680e-01 9.764705882352940902e-01 1.000000000000000000e+00
1.699346405228758378e-02 5.660130718954248241e-01 9.660130718954248463e-01 1.000000000000000000e+00
2.222222222222222307e-02 5.555555555555555802e-01 9.555555555555556024e-01 1.000000000000000000e+00
2.745098039215686583e-02 5.450980392156862253e-01 9.450980392156862475e-01 1.000000000000000000e+00
3.267973856209150513e-02 5.346405228758169814e-01 9.346405228758170036e-01 1.000000000000000000e+00
3.790849673202614789e-02 5.241830065359477375e-01 9.241830065359477597e-01 1.000000000000000000e+00
4.313725490196079065e-02 5.137254901960783826e-01 9.137254901960784048e-01 1.000000000000000000e+00
4.836601307189542648e-02 5.032679738562091387e-01 9.032679738562091609e-01 1.000000000000000000e+00
5.359477124183006924e-02 4.928104575163398393e-01 8.928104575163398060e-01 1.000000000000000000e+00
5.882352941176455241e-02 4.823529411764708730e-01 8.823529411764708952e-01 1.000000000000000000e+00
6.405228758169934089e-02 4.718954248366012960e-01 8.718954248366013182e-01 1.000000000000000000e+00
6.928104575163399059e-02 4.614379084967320521e-01 8.614379084967320743e-01 1.000000000000000000e+00
7.450980392156862642e-02 4.509803921568626972e-01 8.509803921568627194e-01 1.000000000000000000e+00
7.973856209150327612e-02 4.405228758169934533e-01 8.405228758169934755e-01 1.000000000000000000e+00
8.496732026143791194e-02 4.300653594771242094e-01 8.300653594771241206e-01 1.000000000000000000e+00
9.019607843137256165e-02 4.196078431372548545e-01 8.196078431372548767e-01 1.000000000000000000e+00
9.542483660130719747e-02 4.091503267973856106e-01 8.091503267973856328e-01 1.000000000000000000e+00
1.006535947712418333e-01 3.986928104575163667e-01 7.986928104575163889e-01 1.000000000000000000e+00
1.058823529411764830e-01 3.882352941176470118e-01 7.882352941176470340e-01 1.000000000000000000e+00
1.111111111111111188e-01 3.777777777777777679e-01 7.777777777777777901e-01 1.000000000000000000e+00
1.163398692810457685e-01 3.673202614379084685e-01 7.673202614379084352e-01 1.000000000000000000e+00
1.215686274509803905e-01 3.568627450980392246e-01 7.568627450980391913e-01 1.000000000000000000e+00
1.267973856209150263e-01 3.464052287581699252e-01 7.464052287581699474e-01 1.000000000000000000e+00
1.320261437908496760e-01 3.359477124183006813e-01 7.359477124183007035e-01 1.000000000000000000e+00
1.372549019607843257e-01 3.254901960784313819e-01 7.254901960784313486e-01 1.000000000000000000e+00
1.424836601307188089e-01 3.150326797385624156e-01 7.150326797385624378e-01 1.000000000000000000e+00
1.477124183006535973e-01 3.045751633986927831e-01 7.045751633986927498e-01 1.000000000000000000e+00
1.529411764705882470e-01 2.941176470588235392e-01 6.941176470588235059e-01 1.000000000000000000e+00
1.581699346405228690e-01 2.836601307189542398e-01 6.836601307189542620e-01 1.000000000000000000e+00
1.633986928104575187e-01 2.732026143790849959e-01 6.732026143790850181e-01 1.000000000000000000e+00
1.686274509803921684e-01 2.627450980392156965e-01 6.627450980392156632e-01 1.000000000000000000e+00
1.738562091503268181e-01 2.522875816993463971e-01 6.522875816993463083e-01 1.000000000000000000e+00
1.790849673202614678e-01 2.418300653594770977e-01 6.418300653594770644e-01 1.000000000000000000e+00
1.843137254901960898e-01 2.313725490196078538e-01 6.313725490196078205e-01 1.000000000000000000e+00
1.895424836601307117e-01 2.209150326797386099e-01 6.209150326797385766e-01 1.000000000000000000e+00
1.947712418300653614e-01 2.104575163398693105e-01 6.104575163398693327e-01 1.000000000000000000e+00
2.000000000000000111e-01 2.000000000000000111e-01 5.999999999999999778e-01 1.000000000000000000e+00
