8.941176470588235725e-01 1.000000000000000000e+00 4.784313725490196290e-01 1.000000000000000000e+00
8.957785467128027701e-01 9.985851595540177206e-01 4.725259515570934266e-01 1.000000000000000000e+00
8.974394463667820787e-01 9.971703191080353301e-01 4.666205305651672797e-01 1.000000000000000000e+00
8.991003460207612763e-01 9.957554786620530507e-01 4.607151095732410773e-01 1.000000000000000000e+00
9.007612456747404739e-01 9.943406382160707713e-01 4.548096885813148749e-01 1.000000000000000000e+00
9.024221453287197825e-01 9.929257977700883808e-01 4.489042675893887280e-01 1.000000000000000000e+00
9.040830449826989801e-01 9.915109573241061014e-01 4.429988465974625256e-01 1.000000000000000000e+00
9.057439446366782887e-01 9.900961168781238220e-01 4.370934256055363787e-01 1.000000000000000000e+00
9.074048442906574863e-01 9.886812764321414315e-01 4.311880046136101763e-01 1.000000000000000000e+00
9.090657439446366839e-01 9.872664359861591521e-01 4.252825836216839739e-01 1.000000000000000000e+00
9.107266435986159925e-01 9.858515955401768727e-01 4.193771626297578270e-01 1.000000000000000000e+00
9.123875432525951901e-01 9.844367550941945932e-01 4.134717416378316246e-01 1.000000000000000000e+00
9.140484429065743877e-01 9.830219146482122028e-01 4.075663206459054777e-01 1.000000000000000000e+00
9.157093425605536963e-01 9.816070742022299234e-01 4.016608996539792753e-01 1.000000000000000000e+00
9.173702422145328939e-01 9.801922337562476439e-01 3.957554786620530729e-01 1.000000000000000000e+00
9.190311418685120914e-01 9.787773933102652535e-01 3.898500576701269260e-01 1.000000000000000000e+00
9.206920415224914001e-01 9.773625528642829741e-01 3.839446366782007236e-01 1.000000000000000000e+00
9.223529411764705976e-01 9.759477124183006946e-01 3.780392156862745212e-01 1.000000000000000000e+00
9.240138408304499062e-01 9.745328719723183042e-01 3.721337946943483743e-01 1.000000000000000000e+00
9.256747404844291038e-01 9.731180315263360248e-01 3.662283737024221719e-01 1.000000000000000000e+00
9.273356401384083014e-01 9.717031910803537453e-01 3.603229527104959695e-01 1.000000000000000000e+00
9.289965397923876100e-01 9.702883506343713549e-01 3.544175317185698226e-01 1.000000000000000000e+00
9.306574394463668076e-01 9.688735101883890755e-01 3.485121107266436202e-01 1.000000000000000000e+00
9.323183391003460052e-01 9.674586697424067960e-01 3.426066897347174178e-01 1.000000000000000000e+00
9.339792387543253138e-01 9.660438292964244056e-01 3.367012687427912709e-01 1.000000000000000000e+00
9.356401384083045114e-01 9.646289888504421262e-01 3.307958477508650685e-01 1.000000000000000000e+00
9.373010380622837090e-01 9.632141484044598467e-01 3.248904267589388661e-01 1.000000000000000000e+00
9.389619377162630176e-01 9.617993079584774563e-01 3.189850057670127192e-01 1.000000000000000000e+00
9.406228373702422152e-01 9.603844675124951769e-01 3.130795847750865724e-01 1.000000000000000000e+00
9.422837370242215238e-01 9.589696270665128974e-01 3.071741637831603144e-01 1.000000000000000000e+00
9.439446366782007214e-01 9.575547866205305070e-01 3.012687427912341676e-01 1.000000000000000000e+00
9.456055363321799190e-01 9.561399461745482276e-01 2.953633217993080207e-01 1.000000000000000000e+00
9.472664359861592276e-01 9.547251057285659481e-01 2.894579008073817628e-01 1.000000000000000000e+00
9.489273356401384252e-01 9.533102652825836687e-01 2.835524798154556159e-01 1.000000000000000000e+00
9.505882352941176228e-01 9.518954248366012783e-01 2.776470588235294690e-01 1.000000000000000000e+00
9.522491349480969314e-01 9.504805843906189988e-01 2.717416378316032111e-01 1.000000000000000000e+00
9.539100346020761290e-01 9.490657439446367194e-01 2.658362168396770642e-01 1.000000000000000000e+00
9.555709342560553265e-01 9.476509034986543289e-01 2.599307958477509173e-01 1.000000000000000000e+00
9.572318339100346352e-01 9.462360630526720495e-01 2.540253748558247149e-01 1.000000000000000000e+00
9.588927335640138327e-01 9.448212226066897701e-01 2.481199538638985125e-01 1.000000000000000000e+00
9.605536332179931414e-01 9.434063821607073796e-01 2.422145328719723378e-01 1.000000000000000000e+00
9.622145328719723389e-01 9.419915417147251002e-01 2.363091118800461909e-01 1.000000000000000000e+00
9.638754325259515365e-01 9.405767012687428208e-01 2.304036908881199885e-01 1.000000000000000000e+00
9.655363321799308451e-01 9.391618608227604303e-01 2.244982698961937584e-01 1.000000000000000000e+00
9.671972318339100427e-01 9.377470203767781509e-01 2.185928489042676115e-01 1.000000000000000000e+00
9.688581314878892403e-01 9.363321799307958715e-01 2.126874279123414646e-01 1.000000000000000000e+00
9.705190311418685489e-01 9.349173394848134810e-01 2.067820069204152622e-01 1.000000000000000000e+00
9.721799307958477465e-01 9.335024990388312016e-01 2.008765859284890598e-01 1.000000000000000000e+00
9.738408304498269441e-01 9.320876585928489222e-01 1.949711649365629129e-01 1.000000000000000000e+00
9.755017301038062527e-01 9.306728181468666428e-01 1.890657439446367105e-01 1.000000000000000000e+00
9.771626297577854503e-01 9.292579777008842523e-01 1.831603229527105081e-01 1.000000000000000000e+00
9.788235294117647589e-01 9.278431372549019729e-01 1.772549019607843057e-01 1.000000000000000000e+00
9.804844290657439565e-01 9.264282968089196935e-01 1.713494809688581588e-01 1.000000000000000000e+00
9.821453287197231541e-01 9.250134563629373030e-01 1.654440599769320119e-01 1.000000000000000000e+00
9.838062283737024627e-01 9.235986159169550236e-01 1.595386389850058095e-01 1.000000000000000000e+00
9.854671280276816603e-01 9.221837754709727442e-01 1.536332179930796071e-01 1.000000000000000000e+00
9.871280276816608579e-01 9.207689350249903537e-01 1.477277970011534602e-01 1.000000000000000000e+00
9.887889273356401665e-01 9.193540945790080743e-01 1.418223760092272578e-01 1.000000000000000000e+00
9.904498269896193641e-01 9.179392541330257949e-01 1.359169550173010554e-01 1.000000000000000000e+00
9.921107266435986727e-01 9.165244136870434044e-01 1.300115340253748530e-01 1.000000000000000000e+00
9.937716262975778703e-01 9.151095732410611250e-01 1.241061130334487062e-01 1.000000000000000000e+00
9.954325259515570679e-01 9.136947327950788456e-01 1.182006920415225593e-01 1.000000000000000000e+00
9.970934256055363765e-01 9.122798923490964551e-01 1.122952710495963569e-01 1.000000000000000000e+00
9.987543252595155741e-01 9.108650519031141757e-01 1.063898500576701545e-01 1.000000000000000000e+00
1.000000000000000000e+00 9.091426374471357486e-01 1.015609381007304829e-01 1.000000000000000000e+00
1.000000000000000000e+00 9.064975009611687673e-01 9.996155324875047321e-02 1.000000000000000000e+00
1.000000000000000000e+00 9.038523644752018971e-01 9.836216839677049129e-02 1.000000000000000000e+00
1.000000000000000000e+00 9.012072279892349158e-01 9.676278354479046773e-02 1.000000000000000000e+00
1.000000000000000000e+00 8.985620915032679346e-01 9.516339869281045805e-02 1.000000000000000000e+00
1.000000000000000000e+00 8.959169550173010643e-01 9.356401384083044837e-02 1.000000000000000000e+00
1.000000000000000000e+00 8.932718185313340831e-01 9.196462898885043868e-02 1.000000000000000000e+00
1.000000000000000000e+00 8.906266820453672128e-01 9.036524413687042900e-02 1.000000000000000000e+00
1.000000000000000000e+00 8.879815455594002316e-01 8.876585928489041932e-02 1.000000000000000000e+00
1.000000000000000000e+00 8.853364090734332503e-01 8.716647443291042352e-02 1.000000000000000000e+00
1.000000000000000000e+00 8.826912725874663801e-01 8.556708958093042772e-02 1.000000000000000000e+00
1.000000000000000000e+00 8.800461361014993988e-01 8.396770472895040416e-02 1.000000000000000000e+00
1.000000000000000000e+00 8.774009996155325286e-01 8.236831987697039448e-02 1.000000000000000000e+00
1.000000000000000000e+00 8.747558631295655474e-01 8.076893502499038480e-02 1.000000000000000000e+00
1.000000000000000000e+00 8.721107266435985661e-01 7.916955017301037512e-02 1.000000000000000000e+00
1.000000000000000000e+00 8.694655901576316959e-01 7.757016532103036544e-02 1.000000000000000000e+00
1.000000000000000000e+00 8.668204536716647146e-01 7.597078046905036963e-02 1.000000000000000000e+00
1.000000000000000000e+00 8.641753171856978444e-01 7.437139561707035995e-02 1.000000000000000000e+00
1.000000000000000000e+00 8.615301806997308631e-01 7.277201076509037803e-02 1.000000000000000000e+00
1.000000000000000000e+00 8.588850442137638819e-01 7.117262591311034059e-02 1.000000000000000000e+00
1.000000000000000000e+00 8.562399077277970116e-01 6.957324106113033091e-02 1.000000000000000000e+00
1.000000000000000000e+00 8.535947712418300304e-01 6.797385620915033511e-02 1.000000000000000000e+00
1.000000000000000000e+00 8.509496347558631602e-01 6.637447135717031155e-02 1.000000000000000000e+00
1.000000000000000000e+00 8.483044982698961789e-01 6.477508650519031574e-02 1.000000000000000000e+00
1.000000000000000000e+00 8.456593617839293087e-01 6.317570165321030606e-02 1.000000000000000000e+00
1.000000000000000000e+00 8.430142252979623274e-01 6.157631680123029638e-02 1.000000000000000000e+00
1.000000000000000000e+00 8.403690888119954572e-01 5.997693194925031446e-02 1.000000000000000000e+00
1.000000000000000000e+00 8.377239523260284759e-01 5.837754709727028396e-02 1.000000000000000000e+00
1.000000000000000000e+00 8.350788158400614947e-01 5.677816224529027428e-02 1.000000000000000000e+00
1.000000000000000000e+00 8.324336793540946244e-01 5.517877739331026460e-02 1.000000000000000000e+00
1.000000000000000000e+00 8.297885428681276432e-01 5.357939254133026186e-02 1.000000000000000000e+00
1.000000000000000000e+00 8.271434063821607729e-01 5.198000768935025218e-02 1.000000000000000000e+00
1.000000000000000000e+00 8.244982698961937917e-01 5.038062283737024249e-02 1.000000000000000000e+00
1.000000000000000000e+00 8.218531334102268104e-01 4.878123798539023281e-02 1.000000000000000000e+00
1.000000000000000000e+00 8.192079969242599402e-01 4.718185313341025089e-02 1.000000000000000000e+00
1.000000000000000000e+00 8.165628604382929590e-01 4.558246828143021345e-02 1.000000000000000000e+00
1.000000000000000000e+00 8.139177239523260887e-01 4.398308342945021071e-02 1.000000000000000000e+00
1.000000000000000000e+00 8.112725874663591075e-01 4.238369857747020103e-02 1.000000000000000000e+00
1.000000000000000000e+00 8.086274509803921262e-01 4.078431372549019829e-02 1.000000000000000000e+00
1.000000000000000000e+00 8.059823144944252560e-01 3.918492887351018861e-02 1.000000000000000000e+00
1.000000000000000000e+00 8.033371780084582747e-01 3.758554402153017893e-02 1.000000000000000000e+00
1.000000000000000000e+00 8.006920415224914045e-01 3.598615916955016925e-02 1.000000000000000000e+00
1.000000000000000000e+00 7.980469050365244232e-01 3.438677431757018732e-02 1.000000000000000000e+00
1.000000000000000000e+00 7.954017685505574420e-01 3.278738946559014988e-02 1.000000000000000000e+00
1.000000000000000000e+00 7.927566320645905718e-01 3.118800461361015408e-02 1.000000000000000000e+00
1.000000000000000000e+00 7.901114955786235905e-01 2.958861976163014440e-02 1.000000000000000000e+00
1.000000000000000000e+00 7.874663590926567203e-01 2.798923490965013472e-02 1.000000000000000000e+00
1.000000000000000000e+00 7.848212226066897390e-01 2.638985005767012504e-02 1.000000000000000000e+00
1.000000000000000000e+00 7.821760861207227578e-01 2.479046520569011536e-02 1.000000000000000000e+00
1.000000000000000000e+00 7.795309496347558875e-01 2.319108035371010568e-02 1.000000000000000000e+00
1.000000000000000000e+00 7.768858131487890173e-01 2.159169550173012375e-02 1.000000000000000000e+00
1.000000000000000000e+00 7.742406766628220360e-01 1.999231064975008632e-02 1.000000000000000000e+00
1.000000000000000000e+00 7.715955401768550548e-01 1.839292579777009051e-02 1.000000000000000000e+00
1.000000000000000000e+00 7.689504036908880735e-01 1.679354094579008083e-02 1.000000000000000000e+00
1.000000000000000000e+00 7.663052672049212033e-01 1.519415609381007115e-02 1.000000000000000000e+00
1.000000000000000000e+00 7.636601307189543331e-01 1.359477124183006147e-02 1.000000000000000000e+00
1.000000000000000000e+00 7.610149942329873518e-01 1.199538638985006567e-02 1.000000000000000000e+00
1.000000000000000000e+00 7.583698577470203706e-01 1.039600153787004211e-02 1.000000000000000000e+00
1.000000000000000000e+00 7.557247212610535003e-01 8.796616685890074061e-03 1.000000000000000000e+00
1.000000000000000000e+00 7.530795847750865191e-01 7.197231833910036625e-03 1.000000000000000000e+00
1.000000000000000000e+00 7.504344482891196488e-01 5.597846981930026944e-03 1.000000000000000000e+00
1.000000000000000000e+00 7.477893118031526676e-01 3.998462129950017263e-03 1.000000000000000000e+00
1.000000000000000000e+00 7.451441753171856863e-01 2.399077277970007582e-03 1.000000000000000000e+00
1.000000000000000000e+00 7.402845059592464416e-01 0.000000000000000000e+00 1.000000000000000000e+00
1.000000000000000000e+00 7.385005767012687850e-01 0.000000000000000000e+00 1.000000000000000000e+00
1.000000000000000000e+00 7.367166474432910173e-01 0.000000000000000000e+00 1.000000000000000000e+00
1.000000000000000000e+00 7.349327181853133606e-01 0.000000000000000000e+00 1.000000000000000000e+00
1.000000000000000000e+00 7.331487889273357039e-01 0.000000000000000000e+00 1.000000000000000000e+00
1.000000000000000000e+00 7.313648596693579362e-01 0.000000000000000000e+00 1.000000000000000000e+00
1.000000000000000000e+00 7.295809304113802796e-01 0.000000000000000000e+00 1.000000000000000000e+00
1.000000000000000000e+00 7.277970011534025119e-01 0.000000000000000000e+00 1.000000000000000000e+00
1.000000000000000000e+00 7.260130718954248552e-01 0.000000000000000000e+00 1.000000000000000000e+00
1.000000000000000000e+00 7.242291426374471985e-01 0.000000000000000000e+00 1.000000000000000000e+00
1.000000000000000000e+00 7.224452133794694308e-01 0.000000000000000000e+00 1.000000000000000000e+00
1.000000000000000000e+00 7.206612841214917742e-01 0.000000000000000000e+00 1.000000000000000000e+00
1.000000000000000000e+00 7.188773548635140065e-01 0.000000000000000000e+00 1.000000000000000000e+00
1.000000000000000000e+00 7.170934256055363498e-01 0.000000000000000000e+00 1.000000000000000000e+00
1.000000000000000000e+00 7.153094963475586932e-01 0.000000000000000000e+00 1.000000000000000000e+00
1.000000000000000000e+00 7.135255670895809255e-01 0.000000000000000000e+00 1.000000000000000000e+00
1.000000000000000000e+00 7.117416378316032688e-01 0.000000000000000000e+00 1.000000000000000000e+00
1.000000000000000000e+00 7.099577085736255011e-01 0.000000000000000000e+00 1.000000000000000000e+00
1.000000000000000000e+00 7.081737793156478444e-01 0.000000000000000000e+00 1.000000000000000000e+00
1.000000000000000000e+00 7.063898500576701878e-01 0.000000000000000000e+00 1.000000000000000000e+00
1.000000000000000000e+00 7.046059207996925311e-01 0.000000000000000000e+00 1.000000000000000000e+00
1.000000000000000000e+00 7.028219915417147634e-01 0.000000000000000000e+00 1.000000000000000000e+00
1.000000000000000000e+00 7.010380622837369957e-01 0.000000000000000000e+00 1.000000000000000000e+00
1.000000000000000000e+00 6.992541330257593390e-01 0.000000000000000000e+00 1.000000000000000000e+00
1.000000000000000000e+00 6.974702037677816824e-01 0.000000000000000000e+00 1.000000000000000000e+00
1.000000000000000000e+00 6.956862745098039147e-01 0.000000000000000000e+00 1.000000000000000000e+00
1.000000000000000000e+00 6.939023452518262580e-01 0.000000000000000000e+00 1.000000000000000000e+00
1.000000000000000000e+00 6.921184159938484903e-01 0.000000000000000000e+00 1.000000000000000000e+00
1.000000000000000000e+00 6.903344867358708337e-01 0.000000000000000000e+00 1.000000000000000000e+00
1.000000000000000000e+00 6.885505574778931770e-01 0.000000000000000000e+00 1.000000000000000000e+00
1.000000000000000000e+00 6.867666282199154093e-01 0.000000000000000000e+00 1.000000000000000000e+00
1.000000000000000000e+00 6.849826989619377526e-01 0.000000000000000000e+00 1.000000000000000000e+00
1.000000000000000000e+00 6.831987697039599849e-01 0.000000000000000000e+00 1.000000000000000000e+00
1.000000000000000000e+00 6.814148404459823283e-01 0.000000000000000000e+00 1.000000000000000000e+00
1.000000000000000000e+00 6.796309111880046716e-01 0.000000000000000000e+00 1.000000000000000000e+00
1.000000000000000000e+00 6.778469819300269039e-01 0.000000000000000000e+00 1.000000000000000000e+00
1.000000000000000000e+00 6.760630526720492472e-01 0.000000000000000000e+00 1.000000000000000000e+00
1.000000000000000000e+00 6.742791234140714796e-01 0.000000000000000000e+00 1.000000000000000000e+00
1.000000000000000000e+00 6.724951941560938229e-01 0.000000000000000000e+00 1.000000000000000000e+00
1.000000000000000000e+00 6.707112648981161662e-01 0.000000000000000000e+00 1.000000000000000000e+00
1.000000000000000000e+00 6.689273356401383985e-01 0.000000000000000000e+00 1.000000000000000000e+00
1.000000000000000000e+00 6.671434063821607419e-01 0.000000000000000000e+00 1.000000000000000000e+00
1.000000000000000000e+00 6.653594771241829742e-01 0.000000000000000000e+00 1.000000000000000000e+00
1.000000000000000000e+00 6.635755478662053175e-01 0.000000000000000000e+00 1.000000000000000000e+00
1.000000000000000000e+00 6.617916186082276608e-01 0.000000000000000000e+00 1.000000000000000000e+00
1.000000000000000000e+00 6.600076893502498931e-01 0.000000000000000000e+00 1.000000000000000000e+00
1.000000000000000000e+00 6.582237600922722365e-01 0.000000000000000000e+00 1.000000000000000000e+00
1.000000000000000000e+00 6.564398308342944688e-01 0.000000000000000000e+00 1.000000000000000000e+00
1.000000000000000000e+00 6.546559015763168121e-01 0.000000000000000000e+00 1.000000000000000000e+00
1.000000000000000000e+00 6.528719723183391554e-01 0.000000000000000000e+00 1.000000000000000000e+00
1.000000000000000000e+00 6.510880430603613878e-01 0.000000000000000000e+00 1.000000000000000000e+00
1.000000000000000000e+00 6.493041138023837311e-01 0.000000000000000000e+00 1.000000000000000000e+00
1.000000000000000000e+00 6.475201845444060744e-01 0.000000000000000000e+00 1.000000000000000000e+00
1.000000000000000000e+00 6.457362552864283067e-01 0.000000000000000000e+00 1.000000000000000000e+00
1.000000000000000000e+00 6.439523260284505390e-01 0.000000000000000000e+00 1.000000000000000000e+00
1.000000000000000000e+00 6.421683967704728824e-01 0.000000000000000000e+00 1.000000000000000000e+00
1.000000000000000000e+00 6.403844675124952257e-01 0.000000000000000000e+00 1.000000000000000000e+00
1.000000000000000000e+00 6.386005382545174580e-01 0.000000000000000000e+00 1.000000000000000000e+00
1.000000000000000000e+00 6.368166089965398013e-01 0.000000000000000000e+00 1.000000000000000000e+00
1.000000000000000000e+00 6.350326797385621447e-01 0.000000000000000000e+00 1.000000000000000000e+00
1.000000000000000000e+00 6.332487504805843770e-01 0.000000000000000000e+00 1.000000000000000000e+00
1.000000000000000000e+00 6.314648212226067203e-01 0.000000000000000000e+00 1.000000000000000000e+00
1.000000000000000000e+00 6.296808919646289526e-01 0.000000000000000000e+00 1.000000000000000000e+00
1.000000000000000000e+00 6.278969627066512960e-01 0.000000000000000000e+00 1.000000000000000000e+00
9.998615916955017058e-01 6.259284890426758396e-01 0.000000000000000000e+00 1.000000000000000000e+00
9.996770472895040172e-01 6.238985005767012648e-01 0.000000000000000000e+00 1.000000000000000000e+00
9.994925028835063285e-01 6.218685121107266900e-01 0.000000000000000000e+00 1.000000000000000000e+00
9.993079584775086399e-01 6.198385236447520041e-01 0.000000000000000000e+00 1.000000000000000000e+00
9.991234140715109513e-01 6.178085351787774293e-01 0.000000000000000000e+00 1.000000000000000000e+00
9.989388696655132627e-01 6.157785467128027435e-01 0.000000000000000000e+00 1.000000000000000000e+00
9.987543252595155741e-01 6.137485582468281686e-01 0.000000000000000000e+00 1.000000000000000000e+00
9.985697808535178854e-01 6.117185697808534828e-01 0.000000000000000000e+00 1.000000000000000000e+00
9.983852364475201968e-01 6.096885813148789079e-01 0.000000000000000000e+00 1.000000000000000000e+00
9.982006920415225082e-01 6.076585928489042221e-01 0.000000000000000000e+00 1.000000000000000000e+00
9.980161476355248196e-01 6.056286043829296473e-01 0.000000000000000000e+00 1.000000000000000000e+00
9.978316032295271309e-01 6.035986159169549614e-01 0.000000000000000000e+00 1.000000000000000000e+00
9.976470588235294423e-01 6.015686274509803866e-01 0.000000000000000000e+00 1.000000000000000000e+00
9.974625144175317537e-01 5.995386389850058118e-01 0.000000000000000000e+00 1.000000000000000000e+00
9.972779700115340651e-01 5.975086505190311259e-01 0.000000000000000000e+00 1.000000000000000000e+00
9.970934256055363765e-01 5.954786620530565511e-01 0.000000000000000000e+00 1.000000000000000000e+00
9.969088811995386878e-01 5.934486735870818652e-01 0.000000000000000000e+00 1.000000000000000000e+00
9.967243367935409992e-01 5.914186851211072904e-01 0.000000000000000000e+00 1.000000000000000000e+00
9.965397923875433106e-01 5.893886966551326045e-01 0.000000000000000000e+00 1.000000000000000000e+00
9.963552479815456220e-01 5.873587081891580297e-01 0.000000000000000000e+00 1.000000000000000000e+00
9.961707035755479334e-01 5.853287197231834549e-01 0.000000000000000000e+00 1.000000000000000000e+00
9.959861591695501337e-01 5.832987312572087690e-01 0.000000000000000000e+00 1.000000000000000000e+00
9.958016147635524451e-01 5.812687427912341942e-01 0.000000000000000000e+00 1.000000000000000000e+00
9.956170703575547565e-01 5.792387543252595083e-01 0.000000000000000000e+00 1.000000000000000000e+00
9.954325259515570679e-01 5.772087658592849335e-01 0.000000000000000000e+00 1.000000000000000000e+00
9.952479815455593792e-01 5.751787773933102477e-01 0.000000000000000000e+00 1.000000000000000000e+00
9.950634371395616906e-01 5.731487889273356728e-01 0.000000000000000000e+00 1.000000000000000000e+00
9.948788927335640020e-01 5.711188004613609870e-01 0.000000000000000000e+00 1.000000000000000000e+00
9.946943483275663134e-01 5.690888119953864122e-01 0.000000000000000000e+00 1.000000000000000000e+00
9.945098039215686248e-01 5.670588235294117263e-01 0.000000000000000000e+00 1.000000000000000000e+00
9.943252595155709361e-01 5.650288350634371515e-01 0.000000000000000000e+00 1.000000000000000000e+00
9.941407151095732475e-01 5.629988465974624656e-01 0.000000000000000000e+00 1.000000000000000000e+00
9.939561707035755589e-01 5.609688581314878908e-01 0.000000000000000000e+00 1.000000000000000000e+00
9.937716262975778703e-01 5.589388696655133160e-01 0.000000000000000000e+00 1.000000000000000000e+00
9.935870818915801816e-01 5.569088811995386301e-01 0.000000000000000000e+00 1.000000000000000000e+00
9.934025374855824930e-01 5.548788927335640553e-01 0.000000000000000000e+00 1.000000000000000000e+00
9.932179930795848044e-01 5.528489042675894805e-01 0.000000000000000000e+00 1.000000000000000000e+00
9.930334486735871158e-01 5.508189158016147946e-01 0.000000000000000000e+00 1.000000000000000000e+00
9.928489042675894272e-01 5.487889273356401088e-01 0.000000000000000000e+00 1.000000000000000000e+00
9.926643598615917385e-01 5.467589388696655339e-01 0.000000000000000000e+00 1.000000000000000000e+00
9.924798154555940499e-01 5.447289504036908481e-01 0.000000000000000000e+00 1.000000000000000000e+00
9.922952710495963613e-01 5.426989619377162732e-01 0.000000000000000000e+00 1.000000000000000000e+00
9.921107266435986727e-01 5.406689734717415874e-01 0.000000000000000000e+00 1.000000000000000000e+00
9.919261822376009841e-01 5.386389850057670126e-01 0.000000000000000000e+00 1.000000000000000000e+00
9.917416378316032954e-01 5.366089965397924377e-01 0.000000000000000000e+00 1.000000000000000000e+00
9.915570934256056068e-01 5.345790080738177519e-01 0.000000000000000000e+00 1.000000000000000000e+00
9.913725490196079182e-01 5.325490196078431770e-01 0.000000000000000000e+00 1.000000000000000000e+00
9.911880046136102296e-01 5.305190311418684912e-01 0.000000000000000000e+00 1.000000000000000000e+00
9.910034602076125410e-01 5.284890426758939164e-01 0.000000000000000000e+00 1.000000000000000000e+00
9.908189158016147413e-01 5.264590542099192305e-01 0.000000000000000000e+00 1.000000000000000000e+00
9.906343713956170527e-01 5.244290657439446557e-01 0.000000000000000000e+00 1.000000000000000000e+00
9.904498269896193641e-01 5.223990772779699698e-01 0.000000000000000000e+00 1.000000000000000000e+00
9.902652825836216754e-01 5.203690888119953950e-01 0.000000000000000000e+00 1.000000000000000000e+00
9.900807381776239868e-01 5.183391003460207092e-01 0.000000000000000000e+00 1.000000000000000000e+00
9.898961937716262982e-01 5.163091118800461343e-01 0.000000000000000000e+00 1.000000000000000000e+00
9.897116493656286096e-01 5.142791234140715595e-01 0.000000000000000000e+00 1.000000000000000000e+00
9.895271049596309210e-01 5.122491349480968736e-01 0.000000000000000000e+00 1.000000000000000000e+00
9.893425605536332323e-01 5.102191464821222988e-01 0.000000000000000000e+00 1.000000000000000000e+00
9.891580161476355437e-01 5.081891580161476130e-01 0.000000000000000000e+00 1.000000000000000000e+00
9.889734717416378551e-01 5.061591695501730381e-01 0.000000000000000000e+00 1.000000000000000000e+00
9.887889273356401665e-01 5.041291810841983523e-01 0.000000000000000000e+00 1.000000000000000000e+00
9.886043829296424779e-01 5.020991926182237775e-01 0.000000000000000000e+00 1.000000000000000000e+00
9.884198385236447892e-01 5.000692041522492026e-01 0.000000000000000000e+00 1.000000000000000000e+00
9.882352941176471006e-01 4.980392156862745168e-01 0.000000000000000000e+00 1.000000000000000000e+00
