0.000000000000000000e+00 2.705882352941176294e-01 1.607843137254902077e-01 1.000000000000000000e+00
0.000000000000000000e+00 2.748942714340638083e-01 1.625067281814686904e-01 1.000000000000000000e+00
0.000000000000000000e+00 2.792003075740099871e-01 1.642291426374471452e-01 1.000000000000000000e+00
0.000000000000000000e+00 2.835063437139561660e-01 1.659515570934256279e-01 1.000000000000000000e+00
0.000000000000000000e+00 2.878123798539023448e-01 1.676739715494040828e-01 1.000000000000000000e+00
0.000000000000000000e+00 2.921184159938485236e-01 1.693963860053825654e-01 1.000000000000000000e+00
0.000000000000000000e+00 2.964244521337947025e-01 1.711188004613610203e-01 1.000000000000000000e+00
0.000000000000000000e+00 3.007304882737408258e-01 1.728412149173395029e-01 1.000000000000000000e+00
0.000000000000000000e+00 3.050365244136870047e-01 1.745636293733179578e-01 1.000000000000000000e+00
0.000000000000000000e+00 3.093425605536331835e-01 1.762860438292964405e-01 1.000000000000000000e+00
0.000000000000000000e+00 3.136485966935793623e-01 1.780084582852748953e-01 1.000000000000000000e+00
0.000000000000000000e+00 3.179546328335255412e-01 1.797308727412533780e-01 1.000000000000000000e+00
0.000000000000000000e+00 3.222606689734717200e-01 1.814532871972318329e-01 1.000000000000000000e+00
0.000000000000000000e+00 3.265667051134178989e-01 1.831757016532103155e-01 1.000000000000000000e+00
0.000000000000000000e+00 3.308727412533640777e-01 1.848981161091887704e-01 1.000000000000000000e+00
0.000000000000000000e+00 3.351787773933102565e-01 1.866205305651672530e-01 1.000000000000000000e+00
0.000000000000000000e+00 3.394848135332564354e-01 1.883429450211457357e-01 1.000000000000000000e+00
0.000000000000000000e+00 3.437908496732026142e-01 1.900653594771241905e-01 1.000000000000000000e+00
0.000000000000000000e+00 3.480968858131487931e-01 1.917877739331026732e-01 1.000000000000000000e+00
0.000000000000000000e+00 3.524029219530949719e-01 1.935101883890811281e-01 1.000000000000000000e+00
0.000000000000000000e+00 3.567089580930411508e-01 1.952326028450596107e-01 1.000000000000000000e+00
0.000000000000000000e+00 3.610149942329873296e-01 1.969550173010380656e-01 1.000000000000000000e+00
0.000000000000000000e+00 3.653210303729335084e-01 1.986774317570165482e-01 1.000000000000000000e+00
0.000000000000000000e+00 3.696270665128796318e-01 2.003998462129950031e-01 1.000000000000000000e+00
0.000000000000000000e+00 3.739331026528258106e-01 2.021222606689734858e-01 1.000000000000000000e+00
0.000000000000000000e+00 3.782391387927719895e-01 2.038446751249519684e-01 1.000000000000000000e+00
0.000000000000000000e+00 3.825451749327181683e-01 2.055670895809304233e-01 1.000000000000000000e+00
0.000000000000000000e+00 3.868512110726643471e-01 2.072895040369088782e-01 1.000000000000000000e+00
0.000000000000000000e+00 3.911572472126105260e-01 2.090119184928873608e-01 1.000000000000000000e+00
0.000000000000000000e+00 3.954632833525567048e-01 2.107343329488658434e-01 1.000000000000000000e+00
0.000000000000000000e+00 3.997693194925028837e-01 2.124567474048442983e-01 1.000000000000000000e+00
0.000000000000000000e+00 4.040753556324490625e-01 2.141791618608227810e-01 1.000000000000000000e+00
5.382545174932718132e-04 4.082737408688965619e-01 2.158708189158016211e-01 1.000000000000000000e+00
4.844290657439416503e-03 4.117185697808534717e-01 2.173471741637831578e-01 1.000000000000000000e+00
9.150326797385621366e-03 4.151633986928104370e-01 2.188235294117647223e-01 1.000000000000000000e+00
1.345636293733179674e-02 4.186082276047674022e-01 2.202998846597462590e-01 1.000000000000000000e+00
1.776239907727797385e-02 4.220530565167243120e-01 2.217762399077277957e-01 1.000000000000000000e+00
2.206843521722411799e-02 4.254978854286812773e-01 2.232525951557093324e-01 1.000000000000000000e+00
2.637447135717032459e-02 4.289427143406382426e-01 2.247289504036908969e-01 1.000000000000000000e+00
3.068050749711649650e-02 4.323875432525951523e-01 2.262053056516724336e-01 1.000000000000000000e+00
3.498654363706266840e-02 4.358323721645521176e-01 2.276816608996539981e-01 1.000000000000000000e+00
3.929257977700881255e-02 4.392772010765090274e-01 2.291580161476355348e-01 1.000000000000000000e+00
4.359861591695501915e-02 4.427220299884659926e-01 2.306343713956170716e-01 1.000000000000000000e+00
4.790465205690119105e-02 4.461668589004229024e-01 2.321107266435986360e-01 1.000000000000000000e+00
5.221068819684736989e-02 4.496116878123798677e-01 2.335870818915801728e-01 1.000000000000000000e+00
5.651672433679351404e-02 4.530565167243367775e-01 2.350634371395617095e-01 1.000000000000000000e+00
6.082276047673972064e-02 4.565013456362937427e-01 2.365397923875432740e-01 1.000000000000000000e+00
6.512879661668589948e-02 4.599461745482507080e-01 2.380161476355248107e-01 1.000000000000000000e+00
6.943483275663206444e-02 4.633910034602076178e-01 2.394925028835063474e-01 1.000000000000000000e+00
7.374086889657821553e-02 4.668358323721645275e-01 2.409688581314878841e-01 1.000000000000000000e+00
7.804690503652442213e-02 4.702806612841214928e-01 2.424452133794694486e-01 1.000000000000000000e+00
8.235294117647058709e-02 4.737254901960784581e-01 2.439215686274509853e-01 1.000000000000000000e+00
8.665897731641676593e-02 4.771703191080354234e-01 2.453979238754325221e-01 1.000000000000000000e+00
9.096501345636291702e-02 4.806151480199923332e-01 2.468742791234140588e-01 1.000000000000000000e+00
9.527104959630912362e-02 4.840599769319492984e-01 2.483506343713956233e-01 1.000000000000000000e+00
9.957708573625528858e-02 4.875048058439062082e-01 2.498269896193771600e-01 1.000000000000000000e+00
1.038831218762014674e-01 4.909496347558631735e-01 2.513033448673587245e-01 1.000000000000000000e+00
1.081891580161476046e-01 4.943944636678200832e-01 2.527797001153402334e-01 1.000000000000000000e+00
1.124951941560938112e-01 4.978392925797770485e-01 2.542560553633217979e-01 1.000000000000000000e+00
1.168012302960399901e-01 5.012841214917339583e-01 2.557324106113033624e-01 1.000000000000000000e+00
1.211072664359861689e-01 5.047289504036909236e-01 2.572087658592848713e-01 1.000000000000000000e+00
1.254133025759323061e-01 5.081737793156478888e-01 2.586851211072664358e-01 1.000000000000000000e+00
1.297193387158785127e-01 5.116186082276048541e-01 2.601614763552480003e-01 1.000000000000000000e+00
1.340253748558246916e-01 5.150634371395617084e-01 2.616378316032295093e-01 1.000000000000000000e+00
1.381776239907727966e-01 5.188465974625144916e-01 2.635447904652056805e-01 1.000000000000000000e+00
1.418685121107266522e-01 5.236447520184545068e-01 2.667435601691657276e-01 1.000000000000000000e+00
1.455594002306804524e-01 5.284429065743944109e-01 2.699423298731256637e-01 1.000000000000000000e+00
1.492502883506343914e-01 5.332410611303345371e-01 2.731410995770857664e-01 1.000000000000000000e+00
1.529411764705882470e-01 5.380392156862745523e-01 2.763398692810457580e-01 1.000000000000000000e+00
1.566320645905421027e-01 5.428373702422145675e-01 2.795386389850057496e-01 1.000000000000000000e+00
1.603229527104959584e-01 5.476355247981545826e-01 2.827374086889657967e-01 1.000000000000000000e+00
1.640138408304498419e-01 5.524336793540945978e-01 2.859361783929257883e-01 1.000000000000000000e+00
1.677047289504036975e-01 5.572318339100346130e-01 2.891349480968858354e-01 1.000000000000000000e+00
1.713956170703575532e-01 5.620299884659746281e-01 2.923337178008458270e-01 1.000000000000000000e+00
1.750865051903113812e-01 5.668281430219146433e-01 2.955324875048058186e-01 1.000000000000000000e+00
1.787773933102652923e-01 5.716262975778546584e-01 2.987312572087658658e-01 1.000000000000000000e+00
1.824682814302191480e-01 5.764244521337946736e-01 3.019300269127258574e-01 1.000000000000000000e+00
1.861591695501730037e-01 5.812226066897346888e-01 3.051287966166859045e-01 1.000000000000000000e+00
1.898500576701268594e-01 5.860207612456747039e-01 3.083275663206458961e-01 1.000000000000000000e+00
1.935409457900807428e-01 5.908189158016147191e-01 3.115263360246059432e-01 1.000000000000000000e+00
1.972318339100345985e-01 5.956170703575547343e-01 3.147251057285659348e-01 1.000000000000000000e+00
2.009227220299884542e-01 6.004152249134948605e-01 3.179238754325259264e-01 1.000000000000000000e+00
2.046136101499422821e-01 6.052133794694347646e-01 3.211226451364859180e-01 1.000000000000000000e+00
2.083044982698961656e-01 6.100115340253748908e-01 3.243214148404459651e-01 1.000000000000000000e+00
2.119953863898500490e-01 6.148096885813149060e-01 3.275201845444060123e-01 1.000000000000000000e+00
2.156862745098039047e-01 6.196078431372549211e-01 3.307189542483660039e-01 1.000000000000000000e+00
2.193771626297577604e-01 6.244059976931949363e-01 3.339177239523259955e-01 1.000000000000000000e+00
2.230680507497116438e-01 6.292041522491349514e-01 3.371164936562860426e-01 1.000000000000000000e+00
2.267589388696654995e-01 6.340023068050749666e-01 3.403152633602460342e-01 1.000000000000000000e+00
2.304498269896193552e-01 6.388004613610149818e-01 3.435140330642060258e-01 1.000000000000000000e+00
2.341407151095731831e-01 6.435986159169548859e-01 3.467128027681660174e-01 1.000000000000000000e+00
2.378316032295270666e-01 6.483967704728950121e-01 3.499115724721261200e-01 1.000000000000000000e+00
2.415224913494809500e-01 6.531949250288350273e-01 3.531103421760861116e-01 1.000000000000000000e+00
2.452133794694348334e-01 6.579930795847750424e-01 3.563091118800461032e-01 1.000000000000000000e+00
2.489042675893886614e-01 6.627912341407150576e-01 3.595078815840061504e-01 1.000000000000000000e+00
2.525951557093425448e-01 6.675893886966550728e-01 3.627066512879661420e-01 1.000000000000000000e+00
2.574394463667820099e-01 6.718339100346020221e-01 3.659976931949250334e-01 1.000000000000000000e+00
2.642060745866974258e-01 6.751557093425605283e-01 3.694425221068819432e-01 1.000000000000000000e+00
2.709727028066127308e-01 6.784775086505189234e-01 3.728873510188388529e-01 1.000000000000000000e+00
2.777393310265282578e-01 6.817993079584774296e-01 3.763321799307958182e-01 1.000000000000000000e+00
2.845059592464436737e-01 6.851211072664359358e-01 3.797770088427527835e-01 1.000000000000000000e+00
2.912725874663590897e-01 6.884429065743944420e-01 3.832218377547096932e-01 1.000000000000000000e+00
2.980392156862745057e-01 6.917647058823529482e-01 3.866666666666666585e-01 1.000000000000000000e+00
3.048058439061899216e-01 6.950865051903113434e-01 3.901114955786235683e-01 1.000000000000000000e+00
3.115724721261053376e-01 6.984083044982698496e-01 3.935563244905805336e-01 1.000000000000000000e+00
3.183391003460207536e-01 7.017301038062283558e-01 3.970011534025374433e-01 1.000000000000000000e+00
3.251057285659360585e-01 7.050519031141867510e-01 4.004459823144943531e-01 1.000000000000000000e+00
3.318723567858515855e-01 7.083737024221452572e-01 4.038908112264513184e-01 1.000000000000000000e+00
3.386389850057670015e-01 7.116955017301037634e-01 4.073356401384082837e-01 1.000000000000000000e+00
3.454056132256824174e-01 7.150173010380622696e-01 4.107804690503652489e-01 1.000000000000000000e+00
3.521722414455978334e-01 7.183391003460207758e-01 4.142252979623221587e-01 1.000000000000000000e+00
3.589388696655132494e-01 7.216608996539791709e-01 4.176701268742791240e-01 1.000000000000000000e+00
3.657054978854286653e-01 7.249826989619376771e-01 4.211149557862360338e-01 1.000000000000000000e+00
3.724721261053440813e-01 7.283044982698961833e-01 4.245597846981929990e-01 1.000000000000000000e+00
3.792387543252593862e-01 7.316262975778545785e-01 4.280046136101498533e-01 1.000000000000000000e+00
3.860053825451749132e-01 7.349480968858130847e-01 4.314494425221068741e-01 1.000000000000000000e+00
3.927720107650903292e-01 7.382698961937715909e-01 4.348942714340637838e-01 1.000000000000000000e+00
3.995386389850057451e-01 7.415916955017300971e-01 4.383391003460207491e-01 1.000000000000000000e+00
4.063052672049211611e-01 7.449134948096886033e-01 4.417839292579776589e-01 1.000000000000000000e+00
4.130718954248365771e-01 7.482352941176471095e-01 4.452287581699346242e-01 1.000000000000000000e+00
4.198385236447519930e-01 7.515570934256055047e-01 4.486735870818915339e-01 1.000000000000000000e+00
4.266051518646674090e-01 7.548788927335640109e-01 4.521184159938484992e-01 1.000000000000000000e+00
4.333717800845827695e-01 7.582006920415224061e-01 4.555632449058053535e-01 1.000000000000000000e+00
4.401384083044982409e-01 7.615224913494809122e-01 4.590080738177623743e-01 1.000000000000000000e+00
4.469050365244136569e-01 7.648442906574394184e-01 4.624529027297192840e-01 1.000000000000000000e+00
4.536716647443290729e-01 7.681660899653979246e-01 4.658977316416762493e-01 1.000000000000000000e+00
4.604382929642444888e-01 7.714878892733564308e-01 4.693425605536332146e-01 1.000000000000000000e+00
4.738485198000768617e-01 7.778854286812764141e-01 4.758016147635524828e-01 1.000000000000000000e+00
4.803690888119953595e-01 7.807151095732410839e-01 4.783852364475201790e-01 1.000000000000000000e+00
4.868896578239138573e-01 7.835447904652057538e-01 4.809688581314878753e-01 1.000000000000000000e+00
4.934102268358323551e-01 7.863744713571703127e-01 4.835524798154555715e-01 1.000000000000000000e+00
4.999307958477506864e-01 7.892041522491348715e-01 4.861361014994232121e-01 1.000000000000000000e+00
5.064513648596693507e-01 7.920338331410995414e-01 4.887197231833909639e-01 1.000000000000000000e+00
5.129719338715879040e-01 7.948635140330642113e-01 4.913033448673587156e-01 1.000000000000000000e+00
5.194925028835063463e-01 7.976931949250288811e-01 4.938869665513264118e-01 1.000000000000000000e+00
5.260130718954247886e-01 8.005228758169934400e-01 4.964705882352941080e-01 1.000000000000000000e+00
5.325336409073433419e-01 8.033525567089581099e-01 4.990542099192618042e-01 1.000000000000000000e+00
5.390542099192617842e-01 8.061822376009227797e-01 5.016378316032295004e-01 1.000000000000000000e+00
5.455747789311803375e-01 8.090119184928873386e-01 5.042214532871972521e-01 1.000000000000000000e+00
5.520953479430987798e-01 8.118415993848520085e-01 5.068050749711648928e-01 1.000000000000000000e+00
5.586159169550173331e-01 8.146712802768166783e-01 5.093886966551326445e-01 1.000000000000000000e+00
5.651364859669357754e-01 8.175009611687812372e-01 5.119723183391002852e-01 1.000000000000000000e+00
5.716570549788543287e-01 8.203306420607459071e-01 5.145559400230680369e-01 1.000000000000000000e+00
5.781776239907727710e-01 8.231603229527104659e-01 5.171395617070357886e-01 1.000000000000000000e+00
5.846981930026913243e-01 8.259900038446751358e-01 5.197231833910034293e-01 1.000000000000000000e+00
5.912187620146097666e-01 8.288196847366398057e-01 5.223068050749711810e-01 1.000000000000000000e+00
5.977393310265283199e-01 8.316493656286043645e-01 5.248904267589389327e-01 1.000000000000000000e+00
6.042599000384465402e-01 8.344790465205689234e-01 5.274740484429064624e-01 1.000000000000000000e+00
6.107804690503653156e-01 8.373087274125337043e-01 5.300576701268743252e-01 1.000000000000000000e+00
6.173010380622837578e-01 8.401384083044982631e-01 5.326412918108419658e-01 1.000000000000000000e+00
6.238216070742022001e-01 8.429680891964629330e-01 5.352249134948097176e-01 1.000000000000000000e+00
6.303421760861207535e-01 8.457977700884276029e-01 5.378085351787773583e-01 1.000000000000000000e+00
6.368627450980393068e-01 8.486274509803921617e-01 5.403921568627451100e-01 1.000000000000000000e+00
6.433833141099577491e-01 8.514571318723568316e-01 5.429757785467128617e-01 1.000000000000000000e+00
6.499038831218761914e-01 8.542868127643215015e-01 5.455594002306805024e-01 1.000000000000000000e+00
6.564244521337947447e-01 8.571164936562860603e-01 5.481430219146482541e-01 1.000000000000000000e+00
6.629450211457131870e-01 8.599461745482507302e-01 5.507266435986158948e-01 1.000000000000000000e+00
6.694655901576317403e-01 8.627758554402152891e-01 5.533102652825836465e-01 1.000000000000000000e+00
6.759861591695501826e-01 8.656055363321799589e-01 5.558938869665512872e-01 1.000000000000000000e+00
6.818146866589773758e-01 8.681276432141484811e-01 5.584775086505190389e-01 1.000000000000000000e+00
6.872279892349096864e-01 8.704652056901192037e-01 5.610611303344867906e-01 1.000000000000000000e+00
6.926412918108419969e-01 8.728027681660900372e-01 5.636447520184544313e-01 1.000000000000000000e+00
6.980545943867743075e-01 8.751403306420607597e-01 5.662283737024221830e-01 1.000000000000000000e+00
7.034678969627065070e-01 8.774778931180314823e-01 5.688119953863898237e-01 1.000000000000000000e+00
7.088811995386390397e-01 8.798154555940023158e-01 5.713956170703575754e-01 1.000000000000000000e+00
7.142945021145713502e-01 8.821530180699731494e-01 5.739792387543252161e-01 1.000000000000000000e+00
7.197078046905036608e-01 8.844905805459438719e-01 5.765628604382929678e-01 1.000000000000000000e+00
7.251211072664359714e-01 8.868281430219147055e-01 5.791464821222607195e-01 1.000000000000000000e+00
7.305344098423682819e-01 8.891657054978854280e-01 5.817301038062283602e-01 1.000000000000000000e+00
7.359477124183007035e-01 8.915032679738562615e-01 5.843137254901961120e-01 1.000000000000000000e+00
7.413610149942330141e-01 8.938408304498269841e-01 5.868973471741637526e-01 1.000000000000000000e+00
7.467743175701653247e-01 8.961783929257978176e-01 5.894809688581315044e-01 1.000000000000000000e+00
7.521876201460976352e-01 8.985159554017685402e-01 5.920645905420991451e-01 1.000000000000000000e+00
7.576009227220299458e-01 9.008535178777393737e-01 5.946482122260668968e-01 1.000000000000000000e+00
7.630142252979623674e-01 9.031910803537100962e-01 5.972318339100345375e-01 1.000000000000000000e+00
7.684275278738946779e-01 9.055286428296809298e-01 5.998154555940022892e-01 1.000000000000000000e+00
7.738408304498269885e-01 9.078662053056516523e-01 6.023990772779700409e-01 1.000000000000000000e+00
7.792541330257592991e-01 9.102037677816224859e-01 6.049826989619376816e-01 1.000000000000000000e+00
7.846674356016916096e-01 9.125413302575932084e-01 6.075663206459054333e-01 1.000000000000000000e+00
7.900807381776238092e-01 9.148788927335639309e-01 6.101499423298730740e-01 1.000000000000000000e+00
7.954940407535563418e-01 9.172164552095347645e-01 6.127335640138408257e-01 1.000000000000000000e+00
8.009073433294886524e-01 9.195540176855055980e-01 6.153171856978084664e-01 1.000000000000000000e+00
8.063206459054209629e-01 9.218915801614763206e-01 6.179008073817762181e-01 1.000000000000000000e+00
8.117339484813532735e-01 9.242291426374471541e-01 6.204844290657438588e-01 1.000000000000000000e+00
8.171472510572856951e-01 9.265667051134178767e-01 6.230680507497116105e-01 1.000000000000000000e+00
8.225605536332180057e-01 9.289042675893887102e-01 6.256516724336793622e-01 1.000000000000000000e+00
8.279738562091503162e-01 9.312418300653594327e-01 6.282352941176470029e-01 1.000000000000000000e+00
8.333871587850826268e-01 9.335793925413302663e-01 6.308189158016147546e-01 1.000000000000000000e+00
8.388004613610149374e-01 9.359169550173009888e-01 6.334025374855823953e-01 1.000000000000000000e+00
8.442137639369473590e-01 9.382545174932718224e-01 6.359861591695501470e-01 1.000000000000000000e+00
8.496270665128796695e-01 9.405920799692425449e-01 6.385697808535177877e-01 1.000000000000000000e+00
8.537485582468281597e-01 9.422837370242214128e-01 6.412456747404843282e-01 1.000000000000000000e+00
8.574394463667819322e-01 9.437600922722030328e-01 6.439523260284505390e-01 1.000000000000000000e+00
8.611303344867358156e-01 9.452364475201845417e-01 6.466589773164167498e-01 1.000000000000000000e+00
8.648212226066896990e-01 9.467128027681660507e-01 6.493656286043828496e-01 1.000000000000000000e+00
8.685121107266434715e-01 9.481891580161475597e-01 6.520722798923489494e-01 1.000000000000000000e+00
8.722029988465974659e-01 9.496655132641291797e-01 6.547789311803152712e-01 1.000000000000000000e+00
8.758938869665513494e-01 9.511418685121106886e-01 6.574855824682813710e-01 1.000000000000000000e+00
8.795847750865051218e-01 9.526182237600923086e-01 6.601922337562475818e-01 1.000000000000000000e+00
8.832756632064590052e-01 9.540945790080738176e-01 6.628988850442136815e-01 1.000000000000000000e+00
8.869665513264128887e-01 9.555709342560553265e-01 6.656055363321798923e-01 1.000000000000000000e+00
8.906574394463667721e-01 9.570472895040369465e-01 6.683121876201461031e-01 1.000000000000000000e+00
8.943483275663206555e-01 9.585236447520184555e-01 6.710188389081122029e-01 1.000000000000000000e+00
8.980392156862745390e-01 9.599999999999999645e-01 6.737254901960784137e-01 1.000000000000000000e+00
9.017301038062283114e-01 9.614763552479815845e-01 6.764321414840445135e-01 1.000000000000000000e+00
9.054209919261821948e-01 9.629527104959630934e-01 6.791387927720107243e-01 1.000000000000000000e+00
9.091118800461360783e-01 9.644290657439446024e-01 6.818454440599769351e-01 1.000000000000000000e+00
9.128027681660899617e-01 9.659054209919262224e-01 6.845520953479430348e-01 1.000000000000000000e+00
9.164936562860438451e-01 9.673817762399077314e-01 6.872587466359092456e-01 1.000000000000000000e+00
9.201845444059977286e-01 9.688581314878892403e-01 6.899653979238753454e-01 1.000000000000000000e+00
9.238754325259515010e-01 9.703344867358708603e-01 6.926720492118415562e-01 1.000000000000000000e+00
9.275663206459052734e-01 9.718108419838523693e-01 6.953787004998076560e-01 1.000000000000000000e+00
9.312572087658592679e-01 9.732871972318339893e-01 6.980853517877738668e-01 1.000000000000000000e+00
9.349480968858131513e-01 9.747635524798154982e-01 7.007920030757400776e-01 1.000000000000000000e+00
9.386389850057670348e-01 9.762399077277970072e-01 7.034986543637062884e-01 1.000000000000000000e+00
9.423298731257209182e-01 9.777162629757786272e-01 7.062053056516723881e-01 1.000000000000000000e+00
9.460207612456746906e-01 9.791926182237601362e-01 7.089119569396385989e-01 1.000000000000000000e+00
9.497116493656285741e-01 9.806689734717416451e-01 7.116186082276046987e-01 1.000000000000000000e+00
9.534025374855824575e-01 9.821453287197232651e-01 7.143252595155709095e-01 1.000000000000000000e+00
9.570934256055363409e-01 9.836216839677047741e-01 7.170319108035371203e-01 1.000000000000000000e+00
9.607843137254902244e-01 9.850980392156862830e-01 7.197385620915032201e-01 1.000000000000000000e+00
9.644752018454441078e-01 9.865743944636679030e-01 7.224452133794694308e-01 1.000000000000000000e+00
9.681660899653978802e-01 9.880507497116494120e-01 7.251518646674355306e-01 1.000000000000000000e+00
9.694886582083813709e-01 9.885582468281430835e-01 7.302268358323721342e-01 1.000000000000000000e+00
9.704728950403690435e-01 9.889273356401384607e-01 7.356401384083044448e-01 1.000000000000000000e+00
9.714571318723568272e-01 9.892964244521338379e-01 7.410534409842368664e-01 1.000000000000000000e+00
9.724413687043444998e-01 9.896655132641292152e-01 7.464667435601691770e-01 1.000000000000000000e+00
9.734256055363321725e-01 9.900346020761245924e-01 7.518800461361013765e-01 1.000000000000000000e+00
9.744098423683198451e-01 9.904036908881199697e-01 7.572933487120337981e-01 1.000000000000000000e+00
9.753940792003076288e-01 9.907727797001153469e-01 7.627066512879661087e-01 1.000000000000000000e+00
9.763783160322953014e-01 9.911418685121107242e-01 7.681199538638985302e-01 1.000000000000000000e+00
9.773625528642829741e-01 9.915109573241061014e-01 7.735332564398308408e-01 1.000000000000000000e+00
9.783467896962706467e-01 9.918800461361014786e-01 7.789465590157631514e-01 1.000000000000000000e+00
9.793310265282583194e-01 9.922491349480969669e-01 7.843598615916954619e-01 1.000000000000000000e+00
9.803152633602461030e-01 9.926182237600923441e-01 7.897731641676277725e-01 1.000000000000000000e+00
9.812995001922337757e-01 9.929873125720877214e-01 7.951864667435601941e-01 1.000000000000000000e+00
9.822837370242214483e-01 9.933564013840830986e-01 8.005997693194925047e-01 1.000000000000000000e+00
9.832679738562091210e-01 9.937254901960784759e-01 8.060130718954248152e-01 1.000000000000000000e+00
9.842522106881967936e-01 9.940945790080738531e-01 8.114263744713571258e-01 1.000000000000000000e+00
9.852364475201845773e-01 9.944636678200692304e-01 8.168396770472895474e-01 1.000000000000000000e+00
9.862206843521722499e-01 9.948327566320646076e-01 8.222529796232218580e-01 1.000000000000000000e+00
9.872049211841599226e-01 9.952018454440599848e-01 8.276662821991541685e-01 1.000000000000000000e+00
9.881891580161475952e-01 9.955709342560553621e-01 8.330795847750864791e-01 1.000000000000000000e+00
9.891733948481352678e-01 9.959400230680507393e-01 8.384928873510186786e-01 1.000000000000000000e+00
9.901576316801230515e-01 9.963091118800461166e-01 8.439061899269512113e-01 1.000000000000000000e+00
9.911418685121107242e-01 9.966782006920414938e-01 8.493194925028835218e-01 1.000000000000000000e+00
9.921261053440983968e-01 9.970472895040368710e-01 8.547327950788158324e-01 1.000000000000000000e+00
9.931103421760860694e-01 9.974163783160323593e-01 8.601460976547481430e-01 1.000000000000000000e+00
9.940945790080738531e-01 9.977854671280277365e-01 8.655594002306805645e-01 1.000000000000000000e+00
9.950788158400615258e-01 9.981545559400231138e-01 8.709727028066128751e-01 1.000000000000000000e+00
9.960630526720491984e-01 9.985236447520184910e-01 8.763860053825451857e-01 1.000000000000000000e+00
9.970472895040368710e-01 9.988927335640138683e-01 8.817993079584774962e-01 1.000000000000000000e+00
9.980315263360246547e-01 9.992618223760092455e-01 8.872126105344098068e-01 1.000000000000000000e+00
9.990157631680123274e-01 9.996309111880046228e-01 8.926259131103422284e-01 1.000000000000000000e+00
1.000000000000000000e+00 1.000000000000000000e+00 8.980392156862745390e-01 1.000000000000000000e+00
