3.137254901960784270e-02 1.137254901960784298e-01 3.450980392156862697e-01 1.000000000000000000e+00
3.494040753556324624e-02 1.165551710880430580e-01 3.524798154555939811e-01 1.000000000000000000e+00
3.850826605151864979e-02 1.193848519800076863e-01 3.598615916955017480e-01 1.000000000000000000e+00
4.207612456747404639e-02 1.222145328719723145e-01 3.672433679354094593e-01 1.000000000000000000e+00
4.564398308342944993e-02 1.250442137639369566e-01 3.746251441753171707e-01 1.000000000000000000e+00
4.921184159938485347e-02 1.278738946559015710e-01 3.820069204152249376e-01 1.000000000000000000e+00
5.277970011534025702e-02 1.307035755478662131e-01 3.893886966551326489e-01 1.000000000000000000e+00
5.634755863129566056e-02 1.335332564398308275e-01 3.967704728950403603e-01 1.000000000000000000e+00
5.991541714725105716e-02 1.363629373317954696e-01 4.041522491349481272e-01 1.000000000000000000e+00
6.348327566320646764e-02 1.391926182237600840e-01 4.115340253748558386e-01 1.000000000000000000e+00
6.705113417916186425e-02 1.420222991157247261e-01 4.189158016147635499e-01 1.000000000000000000e+00
7.061899269511726085e-02 1.448519800076893405e-01 4.262975778546712613e-01 1.000000000000000000e+00
7.418685121107267133e-02 1.476816608996539826e-01 4.336793540945790282e-01 1.000000000000000000e+00
7.775470972702806793e-02 1.505113417916185969e-01 4.410611303344867395e-01 1.000000000000000000e+00
8.132256824298347841e-02 1.533410226835832391e-01 4.484429065743944509e-01 1.000000000000000000e+00
8.489042675893887502e-02 1.561707035755478534e-01 4.558246828143022178e-01 1.000000000000000000e+00
8.845828527489427162e-02 1.590003844675124955e-01 4.632064590542099292e-01 1.000000000000000000e+00
9.202614379084966822e-02 1.618300653594771377e-01 4.705882352941176405e-01 1.000000000000000000e+00
9.559400230680507871e-02 1.646597462514417520e-01 4.779700115340254074e-01 1.000000000000000000e+00
9.916186082276048919e-02 1.674894271434063664e-01 4.853517877739331188e-01 1.000000000000000000e+00
1.027297193387158858e-01 1.703191080353710085e-01 4.927335640138408301e-01 1.000000000000000000e+00
1.062975778546712824e-01 1.731487889273356506e-01 5.001153402537485970e-01 1.000000000000000000e+00
1.098654363706266929e-01 1.759784698193002650e-01 5.074971164936563639e-01 1.000000000000000000e+00
1.134332948865820895e-01 1.788081507112648794e-01 5.148788927335640198e-01 1.000000000000000000e+00
1.170011534025375000e-01 1.816378316032295215e-01 5.222606689734717866e-01 1.000000000000000000e+00
1.205690119184928966e-01 1.844675124951941636e-01 5.296424452133794425e-01 1.000000000000000000e+00
1.241368704344482932e-01 1.872971933871587780e-01 5.370242214532872094e-01 1.000000000000000000e+00
1.277047289504036898e-01 1.901268742791233923e-01 5.444059976931949763e-01 1.000000000000000000e+00
1.312725874663591141e-01 1.929565551710880345e-01 5.517877739331027431e-01 1.000000000000000000e+00
1.348404459823144830e-01 1.957862360630526766e-01 5.591695501730103990e-01 1.000000000000000000e+00
1.384083044982699073e-01 1.986159169550172909e-01 5.665513264129181659e-01 1.000000000000000000e+00
1.419761630142253039e-01 2.014455978469819053e-01 5.739331026528258217e-01 1.000000000000000000e+00
1.450519031141868642e-01 2.045674740484429155e-01 5.806997308727412932e-01 1.000000000000000000e+00
1.446828143021914870e-01 2.097347174163782801e-01 5.831603229527104748e-01 1.000000000000000000e+00
1.443137254901960820e-01 2.149019607843137281e-01 5.856209150326797674e-01 1.000000000000000000e+00
1.439446366782007047e-01 2.200692041522491205e-01 5.880815071126490601e-01 1.000000000000000000e+00
1.435755478662053275e-01 2.252364475201845406e-01 5.905420991926182417e-01 1.000000000000000000e+00
1.432064590542099225e-01 2.304036908881199053e-01 5.930026912725875343e-01 1.000000000000000000e+00
1.428373702422145453e-01 2.355709342560553532e-01 5.954632833525567159e-01 1.000000000000000000e+00
1.424682814302191680e-01 2.407381776239907734e-01 5.979238754325260086e-01 1.000000000000000000e+00
1.420991926182237630e-01 2.459054209919261935e-01 6.003844675124951902e-01 1.000000000000000000e+00
1.417301038062283858e-01 2.510726643598615304e-01 6.028450595924644828e-01 1.000000000000000000e+00
1.413610149942330085e-01 2.562399077277970338e-01 6.053056516724336644e-01 1.000000000000000000e+00
1.409919261822376035e-01 2.614071510957324262e-01 6.077662437524029571e-01 1.000000000000000000e+00
1.406228373702422263e-01 2.665743944636678187e-01 6.102268358323721387e-01 1.000000000000000000e+00
1.402537485582468491e-01 2.717416378316032111e-01 6.126874279123414313e-01 1.000000000000000000e+00
1.398846597462514441e-01 2.769088811995386590e-01 6.151480199923107239e-01 1.000000000000000000e+00
1.395155709342560668e-01 2.820761245674740514e-01 6.176086120722799055e-01 1.000000000000000000e+00
1.391464821222606618e-01 2.872433679354094438e-01 6.200692041522491982e-01 1.000000000000000000e+00
1.387773933102652846e-01 2.924106113033448362e-01 6.225297962322183798e-01 1.000000000000000000e+00
1.384083044982699073e-01 2.975778546712802841e-01 6.249903883121876724e-01 1.000000000000000000e+00
1.380392156862745023e-01 3.027450980392156765e-01 6.274509803921568540e-01 1.000000000000000000e+00
1.376701268742791251e-01 3.079123414071511244e-01 6.299115724721261467e-01 1.000000000000000000e+00
1.373010380622837479e-01 3.130795847750864613e-01 6.323721645520953283e-01 1.000000000000000000e+00
1.369319492502883429e-01 3.182468281430219093e-01 6.348327566320646209e-01 1.000000000000000000e+00
1.365628604382929656e-01 3.234140715109573572e-01 6.372933487120338025e-01 1.000000000000000000e+00
1.361937716262975884e-01 3.285813148788927496e-01 6.397539407920030952e-01 1.000000000000000000e+00
1.358246828143021834e-01 3.337485582468281420e-01 6.422145328719722768e-01 1.000000000000000000e+00
1.354555940023068061e-01 3.389158016147635344e-01 6.446751249519415694e-01 1.000000000000000000e+00
1.350865051903114289e-01 3.440830449826989823e-01 6.471357170319107510e-01 1.000000000000000000e+00
1.347174163783160239e-01 3.492502883506343747e-01 6.495963091118800437e-01 1.000000000000000000e+00
1.343483275663206467e-01 3.544175317185697671e-01 6.520569011918492253e-01 1.000000000000000000e+00
1.339792387543252694e-01 3.595847750865052150e-01 6.545174932718185179e-01 1.000000000000000000e+00
1.336101499423298644e-01 3.647520184544406074e-01 6.569780853517878105e-01 1.000000000000000000e+00
1.331795463283352576e-01 3.701960784313725883e-01 6.595617070357554512e-01 1.000000000000000000e+00
1.325643983083429345e-01 3.764705882352941124e-01 6.625144175317185802e-01 1.000000000000000000e+00
1.319492502883506391e-01 3.827450980392156366e-01 6.654671280276815981e-01 1.000000000000000000e+00
1.313341022683583159e-01 3.890196078431372717e-01 6.684198385236447271e-01 1.000000000000000000e+00
1.307189542483660205e-01 3.952941176470588514e-01 6.713725490196078560e-01 1.000000000000000000e+00
1.301038062283736974e-01 4.015686274509804310e-01 6.743252595155708740e-01 1.000000000000000000e+00
1.294886582083814019e-01 4.078431372549019551e-01 6.772779700115340029e-01 1.000000000000000000e+00
1.288735101883890788e-01 4.141176470588235348e-01 6.802306805074971319e-01 1.000000000000000000e+00
1.282583621683967556e-01 4.203921568627451144e-01 6.831833910034601498e-01 1.000000000000000000e+00
1.276432141484044602e-01 4.266666666666666941e-01 6.861361014994232788e-01 1.000000000000000000e+00
1.270280661284121648e-01 4.329411764705881627e-01 6.890888119953862967e-01 1.000000000000000000e+00
1.264129181084198417e-01 4.392156862745097978e-01 6.920415224913494256e-01 1.000000000000000000e+00
1.257977700884275185e-01 4.454901960784313775e-01 6.949942329873125546e-01 1.000000000000000000e+00
1.251826220684352231e-01 4.517647058823529571e-01 6.979469434832756836e-01 1.000000000000000000e+00
1.245674740484428999e-01 4.580392156862745368e-01 7.008996539792387015e-01 1.000000000000000000e+00
1.239523260284505907e-01 4.643137254901961164e-01 7.038523644752018305e-01 1.000000000000000000e+00
1.233371780084582814e-01 4.705882352941176405e-01 7.068050749711649594e-01 1.000000000000000000e+00
1.227220299884659721e-01 4.768627450980392202e-01 7.097577854671279773e-01 1.000000000000000000e+00
1.221068819684736767e-01 4.831372549019606888e-01 7.127104959630911063e-01 1.000000000000000000e+00
1.214917339484813535e-01 4.894117647058823239e-01 7.156632064590542353e-01 1.000000000000000000e+00
1.208765859284890443e-01 4.956862745098039036e-01 7.186159169550172532e-01 1.000000000000000000e+00
1.202614379084967350e-01 5.019607843137254832e-01 7.215686274509803821e-01 1.000000000000000000e+00
1.196462898885044257e-01 5.082352941176470074e-01 7.245213379469435111e-01 1.000000000000000000e+00
1.190311418685121025e-01 5.145098039215686425e-01 7.274740484429065290e-01 1.000000000000000000e+00
1.184159938485197933e-01 5.207843137254901666e-01 7.304267589388696580e-01 1.000000000000000000e+00
1.178008458285274840e-01 5.270588235294118018e-01 7.333794694348327869e-01 1.000000000000000000e+00
1.171856978085351886e-01 5.333333333333332149e-01 7.363321799307958049e-01 1.000000000000000000e+00
1.165705497885428654e-01 5.396078431372548501e-01 7.392848904267589338e-01 1.000000000000000000e+00
1.159554017685505561e-01 5.458823529411764852e-01 7.422376009227220628e-01 1.000000000000000000e+00
1.153402537485582469e-01 5.521568627450980093e-01 7.451903114186850807e-01 1.000000000000000000e+00
1.147251057285659376e-01 5.584313725490195335e-01 7.481430219146482097e-01 1.000000000000000000e+00
1.141099577085736283e-01 5.647058823529411686e-01 7.510957324106113386e-01 1.000000000000000000e+00
1.153863898500576690e-01 5.703344867358708381e-01 7.531257208765859135e-01 1.000000000000000000e+00
1.198154555940023069e-01 5.748865820838139351e-01 7.536178392925797498e-01 1.000000000000000000e+00
1.242445213379468755e-01 5.794386774317569211e-01 7.541099577085735861e-01 1.000000000000000000e+00
1.286735870818915828e-01 5.839907727797001291e-01 7.546020761245674224e-01 1.000000000000000000e+00
1.331026528258362207e-01 5.885428681276432261e-01 7.550941945405613698e-01 1.000000000000000000e+00
1.375317185697808586e-01 5.930949634755863231e-01 7.555863129565552061e-01 1.000000000000000000e+00
1.419607843137254966e-01 5.976470588235294201e-01 7.560784313725490424e-01 1.000000000000000000e+00
1.463898500576701345e-01 6.021991541714725171e-01 7.565705497885428787e-01 1.000000000000000000e+00
1.508189158016147724e-01 6.067512495194156141e-01 7.570626682045367151e-01 1.000000000000000000e+00
1.552479815455594103e-01 6.113033448673587111e-01 7.575547866205305514e-01 1.000000000000000000e+00
1.596770472895039650e-01 6.158554402153016971e-01 7.580469050365243877e-01 1.000000000000000000e+00
1.641061130334486862e-01 6.204075355632449051e-01 7.585390234525182240e-01 1.000000000000000000e+00
1.685351787773933241e-01 6.249596309111880021e-01 7.590311418685121714e-01 1.000000000000000000e+00
1.729642445213379620e-01 6.295117262591310991e-01 7.595232602845060077e-01 1.000000000000000000e+00
1.773933102652825999e-01 6.340638216070741962e-01 7.600153787004998440e-01 1.000000000000000000e+00
1.818223760092272379e-01 6.386159169550172932e-01 7.605074971164936803e-01 1.000000000000000000e+00
1.862514417531718480e-01 6.431680123029603902e-01 7.609996155324875167e-01 1.000000000000000000e+00
1.906805074971164859e-01 6.477201076509034872e-01 7.614917339484813530e-01 1.000000000000000000e+00
1.951095732410610406e-01 6.522722029988465842e-01 7.619838523644751893e-01 1.000000000000000000e+00
1.995386389850057618e-01 6.568242983467896812e-01 7.624759707804690256e-01 1.000000000000000000e+00
2.039677047289503997e-01 6.613763936947327782e-01 7.629680891964629730e-01 1.000000000000000000e+00
2.083967704728950099e-01 6.659284890426758752e-01 7.634602076124568093e-01 1.000000000000000000e+00
2.128258362168396478e-01 6.704805843906189722e-01 7.639523260284506456e-01 1.000000000000000000e+00
2.172549019607842857e-01 6.750326797385620692e-01 7.644444444444444819e-01 1.000000000000000000e+00
2.216839677047289237e-01 6.795847750865051662e-01 7.649365628604383183e-01 1.000000000000000000e+00
2.261130334486735616e-01 6.841368704344482632e-01 7.654286812764321546e-01 1.000000000000000000e+00
2.305420991926181440e-01 6.886889657823913602e-01 7.659207996924259909e-01 1.000000000000000000e+00
2.349711649365628374e-01 6.932410611303344572e-01 7.664129181084198272e-01 1.000000000000000000e+00
2.394002306805074753e-01 6.977931564782775542e-01 7.669050365244137746e-01 1.000000000000000000e+00
2.438292964244521133e-01 7.023452518262206512e-01 7.673971549404076109e-01 1.000000000000000000e+00
2.482583621683967512e-01 7.068973471741637482e-01 7.678892733564014472e-01 1.000000000000000000e+00
2.587158785082660506e-01 7.151403306420607286e-01 7.680738177623991358e-01 1.000000000000000000e+00
2.663437139561706801e-01 7.179700115340253985e-01 7.669665513264130041e-01 1.000000000000000000e+00
2.739715494040753652e-01 7.207996924259900684e-01 7.658592848904267614e-01 1.000000000000000000e+00
2.815993848519799947e-01 7.236293733179546273e-01 7.647520184544406296e-01 1.000000000000000000e+00
2.892272202998844577e-01 7.264590542099191861e-01 7.636447520184544979e-01 1.000000000000000000e+00
2.968550557477893093e-01 7.292887351018838560e-01 7.625374855824682552e-01 1.000000000000000000e+00
3.044828911956939388e-01 7.321184159938485259e-01 7.614302191464821234e-01 1.000000000000000000e+00
3.121107266435986238e-01 7.349480968858131957e-01 7.603229527104959917e-01 1.000000000000000000e+00
3.197385620915032534e-01 7.377777777777777546e-01 7.592156862745098600e-01 1.000000000000000000e+00
3.273663975394078829e-01 7.406074586697424245e-01 7.581084198385236173e-01 1.000000000000000000e+00
3.349942329873125679e-01 7.434371395617070943e-01 7.570011534025374855e-01 1.000000000000000000e+00
3.426220684352171975e-01 7.462668204536716532e-01 7.558938869665513538e-01 1.000000000000000000e+00
3.502499038831218825e-01 7.490965013456363231e-01 7.547866205305652221e-01 1.000000000000000000e+00
3.578777393310265120e-01 7.519261822376009929e-01 7.536793540945789793e-01 1.000000000000000000e+00
3.655055747789311971e-01 7.547558631295655518e-01 7.525720876585928476e-01 1.000000000000000000e+00
3.731334102268358266e-01 7.575855440215302217e-01 7.514648212226067159e-01 1.000000000000000000e+00
3.807612456747404561e-01 7.604152249134947805e-01 7.503575547866204731e-01 1.000000000000000000e+00
3.883890811226451412e-01 7.632449058054594504e-01 7.492502883506343414e-01 1.000000000000000000e+00
3.960169165705498262e-01 7.660745866974241203e-01 7.481430219146482097e-01 1.000000000000000000e+00
4.036447520184544557e-01 7.689042675893886791e-01 7.470357554786620780e-01 1.000000000000000000e+00
4.112725874663588632e-01 7.717339484813532380e-01 7.459284890426759462e-01 1.000000000000000000e+00
4.189004229142637703e-01 7.745636293733180189e-01 7.448212226066897035e-01 1.000000000000000000e+00
4.265282583621683998e-01 7.773933102652825777e-01 7.437139561707035718e-01 1.000000000000000000e+00
4.341560938100730294e-01 7.802229911572472476e-01 7.426066897347174400e-01 1.000000000000000000e+00
4.417839292579777144e-01 7.830526720492119175e-01 7.414994232987311973e-01 1.000000000000000000e+00
4.494117647058823994e-01 7.858823529411764763e-01 7.403921568627450656e-01 1.000000000000000000e+00
4.570396001537870290e-01 7.887120338331411462e-01 7.392848904267589338e-01 1.000000000000000000e+00
4.646674356016916585e-01 7.915417147251058161e-01 7.381776239907726911e-01 1.000000000000000000e+00
4.722952710495963435e-01 7.943713956170703749e-01 7.370703575547865594e-01 1.000000000000000000e+00
4.799231064975009731e-01 7.972010765090350448e-01 7.359630911188004276e-01 1.000000000000000000e+00
4.875509419454056026e-01 8.000307574009996037e-01 7.348558246828142959e-01 1.000000000000000000e+00
4.951787773933102876e-01 8.028604382929642735e-01 7.337485582468280532e-01 1.000000000000000000e+00
5.035755478662052864e-01 8.060745866974240448e-01 7.327950788158400508e-01 1.000000000000000000e+00
5.124336793540945623e-01 8.095194156093810101e-01 7.319338715878507262e-01 1.000000000000000000e+00
5.212918108419838381e-01 8.129642445213379753e-01 7.310726643598615127e-01 1.000000000000000000e+00
5.301499423298731140e-01 8.164090734332949406e-01 7.302114571318722991e-01 1.000000000000000000e+00
5.390080738177621678e-01 8.198539023452517949e-01 7.293502499038830855e-01 1.000000000000000000e+00
5.478662053056516656e-01 8.232987312572087601e-01 7.284890426758938720e-01 1.000000000000000000e+00
5.567243367935409415e-01 8.267435601691657254e-01 7.276278354479046584e-01 1.000000000000000000e+00
5.655824682814302173e-01 8.301883890811226907e-01 7.267666282199153338e-01 1.000000000000000000e+00
5.744405997693194932e-01 8.336332179930795450e-01 7.259054209919261202e-01 1.000000000000000000e+00
5.832987312572087690e-01 8.370780469050365102e-01 7.250442137639369067e-01 1.000000000000000000e+00
5.921568627450980449e-01 8.405228758169934755e-01 7.241830065359476931e-01 1.000000000000000000e+00
6.010149942329873207e-01 8.439677047289504408e-01 7.233217993079584796e-01 1.000000000000000000e+00
6.098731257208765966e-01 8.474125336409072951e-01 7.224605920799692660e-01 1.000000000000000000e+00
6.187312572087658724e-01 8.508573625528642603e-01 7.215993848519800524e-01 1.000000000000000000e+00
6.275893886966551483e-01 8.543021914648212256e-01 7.207381776239907278e-01 1.000000000000000000e+00
6.364475201845444241e-01 8.577470203767781909e-01 7.198769703960015143e-01 1.000000000000000000e+00
6.453056516724337000e-01 8.611918492887351562e-01 7.190157631680123007e-01 1.000000000000000000e+00
6.541637831603229758e-01 8.646366782006920104e-01 7.181545559400230871e-01 1.000000000000000000e+00
6.630219146482122516e-01 8.680815071126489757e-01 7.172933487120338736e-01 1.000000000000000000e+00
6.718800461361015275e-01 8.715263360246059410e-01 7.164321414840446600e-01 1.000000000000000000e+00
6.807381776239904703e-01 8.749711649365627952e-01 7.155709342560554465e-01 1.000000000000000000e+00
6.895963091118800792e-01 8.784159938485197605e-01 7.147097270280661219e-01 1.000000000000000000e+00
6.984544405997693550e-01 8.818608227604767258e-01 7.138485198000769083e-01 1.000000000000000000e+00
7.073125720876586309e-01 8.853056516724336911e-01 7.129873125720876947e-01 1.000000000000000000e+00
7.161707035755479067e-01 8.887504805843906563e-01 7.121261053440984812e-01 1.000000000000000000e+00
7.250288350634371826e-01 8.921953094963475106e-01 7.112648981161092676e-01 1.000000000000000000e+00
7.338869665513264584e-01 8.956401384083044759e-01 7.104036908881199430e-01 1.000000000000000000e+00
7.427450980392157343e-01 8.990849673202614412e-01 7.095424836601307295e-01 1.000000000000000000e+00
7.516032295271048991e-01 9.025297962322184064e-01 7.086812764321415159e-01 1.000000000000000000e+00
7.604613610149941749e-01 9.059746251441752607e-01 7.078200692041523023e-01 1.000000000000000000e+00
7.693194925028834508e-01 9.094194540561322260e-01 7.069588619761630888e-01 1.000000000000000000e+00
7.781776239907727266e-01 9.128642829680891913e-01 7.060976547481738752e-01 1.000000000000000000e+00
7.838985005767012959e-01 9.151095732410611250e-01 7.056055363321799279e-01 1.000000000000000000e+00
7.885736255286428520e-01 9.169550173010380112e-01 7.052364475201845506e-01 1.000000000000000000e+00
7.932487504805844081e-01 9.188004613610150084e-01 7.048673587081891734e-01 1.000000000000000000e+00
7.979238754325259642e-01 9.206459054209918946e-01 7.044982698961937961e-01 1.000000000000000000e+00
8.025990003844674092e-01 9.224913494809687808e-01 7.041291810841984189e-01 1.000000000000000000e+00
8.072741253364090763e-01 9.243367935409457781e-01 7.037600922722030417e-01 1.000000000000000000e+00
8.119492502883506324e-01 9.261822376009226643e-01 7.033910034602076644e-01 1.000000000000000000e+00
8.166243752402921885e-01 9.280276816608996615e-01 7.030219146482122872e-01 1.000000000000000000e+00
8.212995001922337446e-01 9.298731257208765477e-01 7.026528258362169099e-01 1.000000000000000000e+00
8.259746251441753007e-01 9.317185697808535449e-01 7.022837370242215327e-01 1.000000000000000000e+00
8.306497500961168567e-01 9.335640138408304312e-01 7.019146482122260444e-01 1.000000000000000000e+00
8.353248750480584128e-01 9.354094579008073174e-01 7.015455594002306672e-01 1.000000000000000000e+00
8.399999999999999689e-01 9.372549019607843146e-01 7.011764705882352899e-01 1.000000000000000000e+00
8.446751249519415250e-01 9.391003460207612008e-01 7.008073817762399127e-01 1.000000000000000000e+00
8.493502499038831921e-01 9.409457900807381980e-01 7.004382929642445355e-01 1.000000000000000000e+00
8.540253748558247482e-01 9.427912341407150842e-01 7.000692041522491582e-01 1.000000000000000000e+00
8.587004998077663043e-01 9.446366782006919705e-01 6.997001153402537810e-01 1.000000000000000000e+00
8.633756247597078604e-01 9.464821222606689677e-01 6.993310265282584037e-01 1.000000000000000000e+00
8.680507497116494164e-01 9.483275663206458539e-01 6.989619377162630265e-01 1.000000000000000000e+00
8.727258746635909725e-01 9.501730103806228511e-01 6.985928489042675382e-01 1.000000000000000000e+00
8.774009996155324176e-01 9.520184544405997373e-01 6.982237600922721610e-01 1.000000000000000000e+00
8.820761245674740847e-01 9.538638985005767346e-01 6.978546712802767837e-01 1.000000000000000000e+00
8.867512495194156408e-01 9.557093425605536208e-01 6.974855824682814065e-01 1.000000000000000000e+00
8.914263744713571969e-01 9.575547866205305070e-01 6.971164936562860293e-01 1.000000000000000000e+00
8.961014994232987529e-01 9.594002306805075042e-01 6.967474048442906520e-01 1.000000000000000000e+00
9.007766243752403090e-01 9.612456747404843904e-01 6.963783160322952748e-01 1.000000000000000000e+00
9.054517493271818651e-01 9.630911188004613877e-01 6.960092272202998975e-01 1.000000000000000000e+00
9.101268742791234212e-01 9.649365628604382739e-01 6.956401384083045203e-01 1.000000000000000000e+00
9.148019992310649773e-01 9.667820069204151601e-01 6.952710495963091430e-01 1.000000000000000000e+00
9.194771241830065334e-01 9.686274509803921573e-01 6.949019607843136548e-01 1.000000000000000000e+00
9.241522491349480894e-01 9.704728950403690435e-01 6.945328719723182775e-01 1.000000000000000000e+00
9.288273740868897566e-01 9.723183391003460407e-01 6.941637831603229003e-01 1.000000000000000000e+00
9.313494809688581677e-01 9.733025759323337134e-01 6.984236831987696847e-01 1.000000000000000000e+00
9.335640138408304312e-01 9.741637831603229269e-01 7.033448673587081590e-01 1.000000000000000000e+00
9.357785467128028056e-01 9.750249903883121405e-01 7.082660515186466332e-01 1.000000000000000000e+00
9.379930795847750691e-01 9.758861976163014651e-01 7.131872356785851075e-01 1.000000000000000000e+00
9.402076124567473325e-01 9.767474048442905676e-01 7.181084198385234707e-01 1.000000000000000000e+00
9.424221453287197070e-01 9.776086120722798922e-01 7.230296039984620560e-01 1.000000000000000000e+00
9.446366782006920815e-01 9.784698193002691058e-01 7.279507881584006412e-01 1.000000000000000000e+00
9.468512110726643449e-01 9.793310265282583194e-01 7.328719723183391155e-01 1.000000000000000000e+00
9.490657439446367194e-01 9.801922337562475329e-01 7.377931564782775897e-01 1.000000000000000000e+00
9.512802768166089828e-01 9.810534409842368575e-01 7.427143406382160640e-01 1.000000000000000000e+00
9.534948096885813573e-01 9.819146482122260711e-01 7.476355247981545382e-01 1.000000000000000000e+00
9.557093425605536208e-01 9.827758554402152846e-01 7.525567089580930125e-01 1.000000000000000000e+00
9.579238754325259952e-01 9.836370626682044982e-01 7.574778931180314867e-01 1.000000000000000000e+00
9.601384083044982587e-01 9.844982698961937118e-01 7.623990772779699610e-01 1.000000000000000000e+00
9.623529411764706332e-01 9.853594771241830363e-01 7.673202614379084352e-01 1.000000000000000000e+00
9.645674740484428966e-01 9.862206843521722499e-01 7.722414455978470205e-01 1.000000000000000000e+00
9.667820069204152711e-01 9.870818915801614635e-01 7.771626297577853837e-01 1.000000000000000000e+00
9.689965397923875345e-01 9.879430988081506770e-01 7.820838139177239690e-01 1.000000000000000000e+00
9.712110726643599090e-01 9.888043060361398906e-01 7.870049980776624432e-01 1.000000000000000000e+00
9.734256055363321725e-01 9.896655132641292152e-01 7.919261822376009174e-01 1.000000000000000000e+00
9.756401384083044359e-01 9.905267204921184288e-01 7.968473663975392807e-01 1.000000000000000000e+00
9.778546712802768104e-01 9.913879277201076423e-01 8.017685505574778659e-01 1.000000000000000000e+00
9.800692041522491849e-01 9.922491349480968559e-01 8.066897347174163402e-01 1.000000000000000000e+00
9.822837370242214483e-01 9.931103421760860694e-01 8.116109188773548144e-01 1.000000000000000000e+00
9.844982698961938228e-01 9.939715494040753940e-01 8.165321030372932887e-01 1.000000000000000000e+00
9.867128027681660862e-01 9.948327566320646076e-01 8.214532871972317629e-01 1.000000000000000000e+00
9.889273356401384607e-01 9.956939638600538212e-01 8.263744713571703482e-01 1.000000000000000000e+00
9.911418685121107242e-01 9.965551710880430347e-01 8.312956555171087114e-01 1.000000000000000000e+00
9.933564013840829876e-01 9.974163783160322483e-01 8.362168396770472967e-01 1.000000000000000000e+00
9.955709342560553621e-01 9.982775855440215729e-01 8.411380238369857709e-01 1.000000000000000000e+00
9.977854671280277365e-01 9.991387927720107864e-01 8.460592079969242452e-01 1.000000000000000000e+00
1.000000000000000000e+00 1.000000000000000000e+00 8.509803921568627194e-01 1.000000000000000000e+00
