1.000000000000000000e+00 1.000000000000000000e+00 8.980392156862745390e-01 1.000000000000000000e+00
1.000000000000000000e+00 9.990157631680123274e-01 8.929950019223376056e-01 1.000000000000000000e+00
1.000000000000000000e+00 9.980315263360246547e-01 8.879507881584006723e-01 1.000000000000000000e+00
1.000000000000000000e+00 9.970472895040368710e-01 8.829065743944637390e-01 1.000000000000000000e+00
1.000000000000000000e+00 9.960630526720491984e-01 8.778623606305268057e-01 1.000000000000000000e+00
1.000000000000000000e+00 9.950788158400615258e-01 8.728181468665897613e-01 1.000000000000000000e+00
1.000000000000000000e+00 9.940945790080738531e-01 8.677739331026528280e-01 1.000000000000000000e+00
1.000000000000000000e+00 9.931103421760860694e-01 8.627297193387158947e-01 1.000000000000000000e+00
1.000000000000000000e+00 9.921261053440983968e-01 8.576855055747789613e-01 1.000000000000000000e+00
1.000000000000000000e+00 9.911418685121107242e-01 8.526412918108420280e-01 1.000000000000000000e+00
1.000000000000000000e+00 9.901576316801230515e-01 8.475970780469050947e-01 1.000000000000000000e+00
1.000000000000000000e+00 9.891733948481353789e-01 8.425528642829681614e-01 1.000000000000000000e+00
1.000000000000000000e+00 9.881891580161475952e-01 8.375086505190312280e-01 1.000000000000000000e+00
1.000000000000000000e+00 9.872049211841599226e-01 8.324644367550941837e-01 1.000000000000000000e+00
1.000000000000000000e+00 9.862206843521722499e-01 8.274202229911572504e-01 1.000000000000000000e+00
1.000000000000000000e+00 9.852364475201845773e-01 8.223760092272203170e-01 1.000000000000000000e+00
1.000000000000000000e+00 9.842522106881967936e-01 8.173317954632833837e-01 1.000000000000000000e+00
1.000000000000000000e+00 9.832679738562091210e-01 8.122875816993464504e-01 1.000000000000000000e+00
1.000000000000000000e+00 9.822837370242214483e-01 8.072433679354095171e-01 1.000000000000000000e+00
1.000000000000000000e+00 9.812995001922337757e-01 8.021991541714725837e-01 1.000000000000000000e+00
1.000000000000000000e+00 9.803152633602461030e-01 7.971549404075356504e-01 1.000000000000000000e+00
1.000000000000000000e+00 9.793310265282583194e-01 7.921107266435987171e-01 1.000000000000000000e+00
1.000000000000000000e+00 9.783467896962706467e-01 7.870665128796616727e-01 1.000000000000000000e+00
1.000000000000000000e+00 9.773625528642829741e-01 7.820222991157247394e-01 1.000000000000000000e+00
1.000000000000000000e+00 9.763783160322953014e-01 7.769780853517878061e-01 1.000000000000000000e+00
1.000000000000000000e+00 9.753940792003075178e-01 7.719338715878508728e-01 1.000000000000000000e+00
1.000000000000000000e+00 9.744098423683198451e-01 7.668896578239139394e-01 1.000000000000000000e+00
1.000000000000000000e+00 9.734256055363321725e-01 7.618454440599770061e-01 1.000000000000000000e+00
1.000000000000000000e+00 9.724413687043444998e-01 7.568012302960400728e-01 1.000000000000000000e+00
1.000000000000000000e+00 9.714571318723568272e-01 7.517570165321030284e-01 1.000000000000000000e+00
1.000000000000000000e+00 9.704728950403690435e-01 7.467128027681660951e-01 1.000000000000000000e+00
1.000000000000000000e+00 9.694886582083813709e-01 7.416685890042291618e-01 1.000000000000000000e+00
9.999846212995001649e-01 9.683198769703960096e-01 7.365936178392926692e-01 1.000000000000000000e+00
9.998615916955017058e-01 9.658592848904268280e-01 7.313033448673588177e-01 1.000000000000000000e+00
9.997385620915032467e-01 9.633986928104575354e-01 7.260130718954248552e-01 1.000000000000000000e+00
9.996155324875047876e-01 9.609381007304882427e-01 7.207227989234910037e-01 1.000000000000000000e+00
9.994925028835063285e-01 9.584775086505190611e-01 7.154325259515571522e-01 1.000000000000000000e+00
9.993694732795078695e-01 9.560169165705497685e-01 7.101422529796233007e-01 1.000000000000000000e+00
9.992464436755094104e-01 9.535563244905805869e-01 7.048519800076893382e-01 1.000000000000000000e+00
9.991234140715109513e-01 9.510957324106112942e-01 6.995617070357554867e-01 1.000000000000000000e+00
9.990003844675124922e-01 9.486351403306420016e-01 6.942714340638216353e-01 1.000000000000000000e+00
9.988773548635140331e-01 9.461745482506728200e-01 6.889811610918877838e-01 1.000000000000000000e+00
9.987543252595155741e-01 9.437139561707035273e-01 6.836908881199539323e-01 1.000000000000000000e+00
9.986312956555171150e-01 9.412533640907343457e-01 6.784006151480199698e-01 1.000000000000000000e+00
9.985082660515186559e-01 9.387927720107650531e-01 6.731103421760861183e-01 1.000000000000000000e+00
9.983852364475201968e-01 9.363321799307958715e-01 6.678200692041522668e-01 1.000000000000000000e+00
9.982622068435217377e-01 9.338715878508265789e-01 6.625297962322184153e-01 1.000000000000000000e+00
9.981391772395232787e-01 9.314109957708573972e-01 6.572395232602845638e-01 1.000000000000000000e+00
9.980161476355248196e-01 9.289504036908881046e-01 6.519492502883506013e-01 1.000000000000000000e+00
9.978931180315263605e-01 9.264898116109188120e-01 6.466589773164168609e-01 1.000000000000000000e+00
9.977700884275279014e-01 9.240292195309496304e-01 6.413687043444828983e-01 1.000000000000000000e+00
9.976470588235294423e-01 9.215686274509803377e-01 6.360784313725490469e-01 1.000000000000000000e+00
9.975240292195309832e-01 9.191080353710111561e-01 6.307881584006151954e-01 1.000000000000000000e+00
9.974009996155325242e-01 9.166474432910418635e-01 6.254978854286813439e-01 1.000000000000000000e+00
9.972779700115340651e-01 9.141868512110726819e-01 6.202076124567473814e-01 1.000000000000000000e+00
9.971549404075356060e-01 9.117262591311033892e-01 6.149173394848135299e-01 1.000000000000000000e+00
9.970319108035371469e-01 9.092656670511340966e-01 6.096270665128796784e-01 1.000000000000000000e+00
9.969088811995386878e-01 9.068050749711649150e-01 6.043367935409458269e-01 1.000000000000000000e+00
9.967858515955402288e-01 9.043444828911956224e-01 5.990465205690118644e-01 1.000000000000000000e+00
9.966628219915417697e-01 9.018838908112264408e-01 5.937562475970780129e-01 1.000000000000000000e+00
9.965397923875433106e-01 8.994232987312571481e-01 5.884659746251441614e-01 1.000000000000000000e+00
9.964167627835448515e-01 8.969627066512879665e-01 5.831757016532103099e-01 1.000000000000000000e+00
9.962937331795463924e-01 8.945021145713186739e-01 5.778854286812764585e-01 1.000000000000000000e+00
9.961707035755479334e-01 8.920415224913493812e-01 5.725951557093424960e-01 1.000000000000000000e+00
9.960784313725490335e-01 8.892425990003843816e-01 5.665974625144175603e-01 1.000000000000000000e+00
9.960784313725490335e-01 8.854286812764320391e-01 5.584775086505190389e-01 1.000000000000000000e+00
9.960784313725490335e-01 8.816147635524798076e-01 5.503575547866206286e-01 1.000000000000000000e+00
9.960784313725490335e-01 8.778008458285274651e-01 5.422376009227219962e-01 1.000000000000000000e+00
9.960784313725490335e-01 8.739869281045751226e-01 5.341176470588234748e-01 1.000000000000000000e+00
9.960784313725490335e-01 8.701730103806227801e-01 5.259976931949250645e-01 1.000000000000000000e+00
9.960784313725490335e-01 8.663590926566704375e-01 5.178777393310265431e-01 1.000000000000000000e+00
9.960784313725490335e-01 8.625451749327182061e-01 5.097577854671280218e-01 1.000000000000000000e+00
9.960784313725490335e-01 8.587312572087658635e-01 5.016378316032295004e-01 1.000000000000000000e+00
9.960784313725490335e-01 8.549173394848135210e-01 4.935178777393309790e-01 1.000000000000000000e+00
9.960784313725490335e-01 8.511034217608612895e-01 4.853979238754326242e-01 1.000000000000000000e+00
9.960784313725490335e-01 8.472895040369088360e-01 4.772779700115339918e-01 1.000000000000000000e+00
9.960784313725490335e-01 8.434755863129564935e-01 4.691580161476355260e-01 1.000000000000000000e+00
9.960784313725490335e-01 8.396616685890042620e-01 4.610380622837370046e-01 1.000000000000000000e+00
9.960784313725490335e-01 8.358477508650519194e-01 4.529181084198384832e-01 1.000000000000000000e+00
9.960784313725490335e-01 8.320338331410995769e-01 4.447981545559400174e-01 1.000000000000000000e+00
9.960784313725490335e-01 8.282199154171472344e-01 4.366782006920415515e-01 1.000000000000000000e+00
9.960784313725490335e-01 8.244059976931948919e-01 4.285582468281430302e-01 1.000000000000000000e+00
9.960784313725490335e-01 8.205920799692426604e-01 4.204382929642446198e-01 1.000000000000000000e+00
9.960784313725490335e-01 8.167781622452903179e-01 4.123183391003459874e-01 1.000000000000000000e+00
9.960784313725490335e-01 8.129642445213379753e-01 4.041983852364475216e-01 1.000000000000000000e+00
9.960784313725490335e-01 8.091503267973856328e-01 3.960784313725490557e-01 1.000000000000000000e+00
9.960784313725490335e-01 8.053364090734332903e-01 3.879584775086505344e-01 1.000000000000000000e+00
9.960784313725490335e-01 8.015224913494809478e-01 3.798385236447520130e-01 1.000000000000000000e+00
9.960784313725490335e-01 7.977085736255287163e-01 3.717185697808534917e-01 1.000000000000000000e+00
9.960784313725490335e-01 7.938946559015763738e-01 3.635986159169550258e-01 1.000000000000000000e+00
9.960784313725490335e-01 7.900807381776240312e-01 3.554786620530566710e-01 1.000000000000000000e+00
9.960784313725490335e-01 7.862668204536716887e-01 3.473587081891580386e-01 1.000000000000000000e+00
9.960784313725490335e-01 7.824529027297193462e-01 3.392387543252595172e-01 1.000000000000000000e+00
9.960784313725490335e-01 7.786389850057671147e-01 3.311188004613609959e-01 1.000000000000000000e+00
9.960784313725490335e-01 7.748250672818147722e-01 3.229988465974625300e-01 1.000000000000000000e+00
9.960784313725490335e-01 7.710111495578624297e-01 3.148788927335640087e-01 1.000000000000000000e+00
9.960784313725490335e-01 7.666435986159170213e-01 3.080507497116493631e-01 1.000000000000000000e+00
9.960784313725490335e-01 7.613533256439831698e-01 3.033756247597078071e-01 1.000000000000000000e+00
9.960784313725490335e-01 7.560630526720493183e-01 2.987004998077663065e-01 1.000000000000000000e+00
9.960784313725490335e-01 7.507727797001153558e-01 2.940253748558246949e-01 1.000000000000000000e+00
9.960784313725490335e-01 7.454825067281815043e-01 2.893502499038831388e-01 1.000000000000000000e+00
9.960784313725490335e-01 7.401922337562476528e-01 2.846751249519415827e-01 1.000000000000000000e+00
9.960784313725490335e-01 7.349019607843138013e-01 2.800000000000000266e-01 1.000000000000000000e+00
9.960784313725490335e-01 7.296116878123798388e-01 2.753248750480584706e-01 1.000000000000000000e+00
9.960784313725490335e-01 7.243214148404459873e-01 2.706497500961169145e-01 1.000000000000000000e+00
9.960784313725490335e-01 7.190311418685121359e-01 2.659746251441753029e-01 1.000000000000000000e+00
9.960784313725490335e-01 7.137408688965782844e-01 2.612995001922338023e-01 1.000000000000000000e+00
9.960784313725490335e-01 7.084505959246444329e-01 2.566243752402921907e-01 1.000000000000000000e+00
9.960784313725490335e-01 7.031603229527104704e-01 2.519492502883506346e-01 1.000000000000000000e+00
9.960784313725490335e-01 6.978700499807766189e-01 2.472741253364090785e-01 1.000000000000000000e+00
9.960784313725490335e-01 6.925797770088427674e-01 2.425990003844675225e-01 1.000000000000000000e+00
9.960784313725490335e-01 6.872895040369089159e-01 2.379238754325259664e-01 1.000000000000000000e+00
9.960784313725490335e-01 6.819992310649750644e-01 2.332487504805844103e-01 1.000000000000000000e+00
9.960784313725490335e-01 6.767089580930412129e-01 2.285736255286428542e-01 1.000000000000000000e+00
9.960784313725490335e-01 6.714186851211073614e-01 2.238985005767013536e-01 1.000000000000000000e+00
9.960784313725490335e-01 6.661284121491733989e-01 2.192233756247597420e-01 1.000000000000000000e+00
9.960784313725490335e-01 6.608381391772395475e-01 2.145482506728181860e-01 1.000000000000000000e+00
9.960784313725490335e-01 6.555478662053056960e-01 2.098731257208766021e-01 1.000000000000000000e+00
9.960784313725490335e-01 6.502575932333718445e-01 2.051980007689350460e-01 1.000000000000000000e+00
9.960784313725490335e-01 6.449673202614378820e-01 2.005228758169934622e-01 1.000000000000000000e+00
9.960784313725490335e-01 6.396770472895040305e-01 1.958477508650519061e-01 1.000000000000000000e+00
9.960784313725490335e-01 6.343867743175701790e-01 1.911726259131103500e-01 1.000000000000000000e+00
9.960784313725490335e-01 6.290965013456363275e-01 1.864975009611688495e-01 1.000000000000000000e+00
9.960784313725490335e-01 6.238062283737024760e-01 1.818223760092272379e-01 1.000000000000000000e+00
9.960784313725490335e-01 6.185159554017685135e-01 1.771472510572856818e-01 1.000000000000000000e+00
9.960784313725490335e-01 6.132256824298346620e-01 1.724721261053441257e-01 1.000000000000000000e+00
9.960784313725490335e-01 6.079354094579008105e-01 1.677970011534025696e-01 1.000000000000000000e+00
9.949711649365629018e-01 5.974778931180314556e-01 1.594925028835063596e-01 1.000000000000000000e+00
9.927566320645905273e-01 5.924336793540945223e-01 1.569088811995386634e-01 1.000000000000000000e+00
9.905420991926182639e-01 5.873894655901575890e-01 1.543252595155709395e-01 1.000000000000000000e+00
9.883275663206458894e-01 5.823452518262206556e-01 1.517416378316032433e-01 1.000000000000000000e+00
9.861130334486736260e-01 5.773010380622838333e-01 1.491580161476356026e-01 1.000000000000000000e+00
9.838985005767012515e-01 5.722568242983467890e-01 1.465743944636678231e-01 1.000000000000000000e+00
9.816839677047289880e-01 5.672126105344098557e-01 1.439907727797001269e-01 1.000000000000000000e+00
9.794694348327566136e-01 5.621683967704729223e-01 1.414071510957324307e-01 1.000000000000000000e+00
9.772549019607843501e-01 5.571241830065358780e-01 1.388235294117647067e-01 1.000000000000000000e+00
9.750403690888119757e-01 5.520799692425989447e-01 1.362399077277970105e-01 1.000000000000000000e+00
9.728258362168397122e-01 5.470357554786620113e-01 1.336562860438293143e-01 1.000000000000000000e+00
9.706113033448673377e-01 5.419915417147250780e-01 1.310726643598615904e-01 1.000000000000000000e+00
9.683967704728950743e-01 5.369473279507881447e-01 1.284890426758938942e-01 1.000000000000000000e+00
9.661822376009226998e-01 5.319031141868512114e-01 1.259054209919261980e-01 1.000000000000000000e+00
9.639677047289504364e-01 5.268589004229142780e-01 1.233217993079584740e-01 1.000000000000000000e+00
9.617531718569780619e-01 5.218146866589773447e-01 1.207381776239907778e-01 1.000000000000000000e+00
9.595386389850057984e-01 5.167704728950403004e-01 1.181545559400230677e-01 1.000000000000000000e+00
9.573241061130334240e-01 5.117262591311033670e-01 1.155709342560553576e-01 1.000000000000000000e+00
9.551095732410611605e-01 5.066820453671664337e-01 1.129873125720876614e-01 1.000000000000000000e+00
9.528950403690887860e-01 5.016378316032295004e-01 1.104036908881199514e-01 1.000000000000000000e+00
9.506805074971166336e-01 4.965936178392926781e-01 1.078200692041523245e-01 1.000000000000000000e+00
9.484659746251442591e-01 4.915494040753556337e-01 1.052364475201845451e-01 1.000000000000000000e+00
9.462514417531718847e-01 4.865051903114187004e-01 1.026528258362168489e-01 1.000000000000000000e+00
9.440369088811996212e-01 4.814609765474817116e-01 1.000692041522491249e-01 1.000000000000000000e+00
9.418223760092272467e-01 4.764167627835447782e-01 9.748558246828142870e-02 1.000000000000000000e+00
9.396078431372549833e-01 4.713725490196077894e-01 9.490196078431371862e-02 1.000000000000000000e+00
9.373933102652826088e-01 4.663283352556708561e-01 9.231833910034602242e-02 1.000000000000000000e+00
9.351787773933103454e-01 4.612841214917339228e-01 8.973471741637831234e-02 1.000000000000000000e+00
9.329642445213379709e-01 4.562399077277969894e-01 8.715109573241060226e-02 1.000000000000000000e+00
9.307497116493657074e-01 4.511956939638600561e-01 8.456747404844290605e-02 1.000000000000000000e+00
9.285351787773933330e-01 4.461514801999231228e-01 8.198385236447519597e-02 1.000000000000000000e+00
9.263206459054210695e-01 4.411072664359861339e-01 7.940023068050748589e-02 1.000000000000000000e+00
9.230296039984621226e-01 4.364475201845444130e-01 7.704728950403691434e-02 1.000000000000000000e+00
9.190926566705114320e-01 4.320184544405997751e-01 7.483275663206459538e-02 1.000000000000000000e+00
9.151557093425606304e-01 4.275893886966551372e-01 7.261822376009227642e-02 1.000000000000000000e+00
9.112187620146098288e-01 4.231603229527104992e-01 7.040369088811995746e-02 1.000000000000000000e+00
9.072818146866591382e-01 4.187312572087659723e-01 6.818915801614769401e-02 1.000000000000000000e+00
9.033448673587082256e-01 4.143021914648212234e-01 6.597462514417531954e-02 1.000000000000000000e+00
8.994079200307574240e-01 4.098731257208765855e-01 6.376009227220300057e-02 1.000000000000000000e+00
8.954709727028066224e-01 4.054440599769319475e-01 6.154555940023068161e-02 1.000000000000000000e+00
8.915340253748558208e-01 4.010149942329873096e-01 5.933102652825836265e-02 1.000000000000000000e+00
8.875970780469051302e-01 3.965859284890426717e-01 5.711649365628604369e-02 1.000000000000000000e+00
8.836601307189543286e-01 3.921568627450980338e-01 5.490196078431372473e-02 1.000000000000000000e+00
8.797231833910035270e-01 3.877277970011533959e-01 5.268742791234140577e-02 1.000000000000000000e+00
8.757862360630527254e-01 3.832987312572087579e-01 5.047289504036908681e-02 1.000000000000000000e+00
8.718492887351019238e-01 3.788696655132641200e-01 4.825836216839676784e-02 1.000000000000000000e+00
8.679123414071511222e-01 3.744405997693194821e-01 4.604382929642445582e-02 1.000000000000000000e+00
8.639753940792003206e-01 3.700115340253748442e-01 4.382929642445213686e-02 1.000000000000000000e+00
8.600384467512495190e-01 3.655824682814302062e-01 4.161476355247981096e-02 1.000000000000000000e+00
8.561014994232987174e-01 3.611534025374855683e-01 3.940023068050749200e-02 1.000000000000000000e+00
8.521645520953480268e-01 3.567243367935409304e-01 3.718569780853517304e-02 1.000000000000000000e+00
8.482276047673972252e-01 3.522952710495962925e-01 3.497116493656286101e-02 1.000000000000000000e+00
8.442906574394465347e-01 3.478662053056518211e-01 3.275663206459060450e-02 1.000000000000000000e+00
8.403537101114956220e-01 3.434371395617070166e-01 3.054209919261822309e-02 1.000000000000000000e+00
8.364167627835448204e-01 3.390080738177623787e-01 2.832756632064590413e-02 1.000000000000000000e+00
8.324798154555940188e-01 3.345790080738177408e-01 2.611303344867358517e-02 1.000000000000000000e+00
8.285428681276432172e-01 3.301499423298731029e-01 2.389850057670126621e-02 1.000000000000000000e+00
8.246059207996925267e-01 3.257208765859284649e-01 2.168396770472894725e-02 1.000000000000000000e+00
8.206689734717417251e-01 3.212918108419838270e-01 1.946943483275662828e-02 1.000000000000000000e+00
8.167320261437909235e-01 3.168627450980391891e-01 1.725490196078430932e-02 1.000000000000000000e+00
8.127950788158401219e-01 3.124336793540946067e-01 1.504036908881199730e-02 1.000000000000000000e+00
8.088581314878893203e-01 3.080046136101499687e-01 1.282583621683967834e-02 1.000000000000000000e+00
8.049211841599385187e-01 3.035755478662053308e-01 1.061130334486735938e-02 1.000000000000000000e+00
8.009842368319877171e-01 2.991464821222606929e-01 8.396770472895040416e-03 1.000000000000000000e+00
7.952941176470588180e-01 2.958246828143021867e-01 8.027681660899654500e-03 1.000000000000000000e+00
7.890196078431372939e-01 2.928719723183391133e-01 8.273740868896577866e-03 1.000000000000000000e+00
7.827450980392157698e-01 2.899192618223759843e-01 8.519800076893502966e-03 1.000000000000000000e+00
7.764705882352941346e-01 2.869665513264129109e-01 8.765859284890426331e-03 1.000000000000000000e+00
7.701960784313727215e-01 2.840138408304498929e-01 9.011918492887344492e-03 1.000000000000000000e+00
7.639215686274509753e-01 2.810611303344867085e-01 9.257977700884274797e-03 1.000000000000000000e+00
7.576470588235294512e-01 2.781084198385236350e-01 9.504036908881199897e-03 1.000000000000000000e+00
7.513725490196079271e-01 2.751557093425605616e-01 9.750096116878123262e-03 1.000000000000000000e+00
7.450980392156862919e-01 2.722029988465974326e-01 9.996155324875048362e-03 1.000000000000000000e+00
7.388235294117647678e-01 2.692502883506343592e-01 1.024221453287197173e-02 1.000000000000000000e+00
7.325490196078431326e-01 2.662975778546712857e-01 1.048827374086889683e-02 1.000000000000000000e+00
7.262745098039216085e-01 2.633448673587082123e-01 1.073433294886582193e-02 1.000000000000000000e+00
7.199999999999999734e-01 2.603921568627450833e-01 1.098039215686274529e-02 1.000000000000000000e+00
7.137254901960784492e-01 2.574394463667820099e-01 1.122645136485966866e-02 1.000000000000000000e+00
7.074509803921569251e-01 2.544867358708189364e-01 1.147251057285659376e-02 1.000000000000000000e+00
7.011764705882352899e-01 2.515340253748558075e-01 1.171856978085351886e-02 1.000000000000000000e+00
6.949019607843137658e-01 2.485813148788927340e-01 1.196462898885044222e-02 1.000000000000000000e+00
6.886274509803921307e-01 2.456286043829296328e-01 1.221068819684736559e-02 1.000000000000000000e+00
6.823529411764706065e-01 2.426758938869665316e-01 1.245674740484429069e-02 1.000000000000000000e+00
6.760784313725489714e-01 2.397231833910034582e-01 1.270280661284121579e-02 1.000000000000000000e+00
6.698039215686275583e-01 2.367704728950404403e-01 1.294886582083813222e-02 1.000000000000000000e+00
6.635294117647059231e-01 2.338177623990772558e-01 1.319492502883506252e-02 1.000000000000000000e+00
6.572549019607842880e-01 2.308650519031141823e-01 1.344098423683198762e-02 1.000000000000000000e+00
6.509803921568627638e-01 2.279123414071511089e-01 1.368704344482891272e-02 1.000000000000000000e+00
6.447058823529411287e-01 2.249596309111879799e-01 1.393310265282583608e-02 1.000000000000000000e+00
6.384313725490196045e-01 2.220069204152249065e-01 1.417916186082275945e-02 1.000000000000000000e+00
6.321568627450979694e-01 2.190542099192618331e-01 1.442522106881968455e-02 1.000000000000000000e+00
6.258823529411764452e-01 2.161014994232987319e-01 1.467128027681660965e-02 1.000000000000000000e+00
6.196078431372549211e-01 2.131487889273356306e-01 1.491733948481353302e-02 1.000000000000000000e+00
6.133333333333332860e-01 2.101960784313725572e-01 1.516339869281045638e-02 1.000000000000000000e+00
6.070588235294117618e-01 2.072433679354094560e-01 1.540945790080738148e-02 1.000000000000000000e+00
6.007843137254902377e-01 2.042906574394463548e-01 1.565551710880430658e-02 1.000000000000000000e+00
5.945098039215686025e-01 2.023068050749711744e-01 1.590157631680123168e-02 1.000000000000000000e+00
5.882352941176470784e-01 2.004613610149942327e-01 1.614763552479815331e-02 1.000000000000000000e+00
5.819607843137254433e-01 1.986159169550172909e-01 1.639369473279507841e-02 1.000000000000000000e+00
5.756862745098039191e-01 1.967704728950403770e-01 1.663975394079200351e-02 1.000000000000000000e+00
5.694117647058825060e-01 1.949250288350634908e-01 1.688581314878891820e-02 1.000000000000000000e+00
5.631372549019607598e-01 1.930795847750864935e-01 1.713187235678585024e-02 1.000000000000000000e+00
5.568627450980392357e-01 1.912341407151095796e-01 1.737793156478277534e-02 1.000000000000000000e+00
5.505882352941176006e-01 1.893886966551326378e-01 1.762399077277970044e-02 1.000000000000000000e+00
5.443137254901960764e-01 1.875432525951556961e-01 1.787004998077662207e-02 1.000000000000000000e+00
5.380392156862745523e-01 1.856978085351787822e-01 1.811610918877354717e-02 1.000000000000000000e+00
5.317647058823529171e-01 1.838523644752018404e-01 1.836216839677047227e-02 1.000000000000000000e+00
5.254901960784313930e-01 1.820069204152249265e-01 1.860822760476739390e-02 1.000000000000000000e+00
5.192156862745097579e-01 1.801614763552479848e-01 1.885428681276431900e-02 1.000000000000000000e+00
5.129411764705882337e-01 1.783160322952710430e-01 1.910034602076124410e-02 1.000000000000000000e+00
5.066666666666667096e-01 1.764705882352941291e-01 1.934640522875816920e-02 1.000000000000000000e+00
5.003921568627450744e-01 1.746251441753171874e-01 1.959246443675509083e-02 1.000000000000000000e+00
4.941176470588235503e-01 1.727797001153402734e-01 1.983852364475201593e-02 1.000000000000000000e+00
4.878431372549019707e-01 1.709342560553633317e-01 2.008458285274894103e-02 1.000000000000000000e+00
4.815686274509803910e-01 1.690888119953863900e-01 2.033064206074586266e-02 1.000000000000000000e+00
4.752941176470588114e-01 1.672433679354094482e-01 2.057670126874278776e-02 1.000000000000000000e+00
4.690196078431374538e-01 1.653979238754325898e-01 2.082276047673970593e-02 1.000000000000000000e+00
4.627450980392157076e-01 1.635524798154555925e-01 2.106881968473663796e-02 1.000000000000000000e+00
4.564705882352941280e-01 1.617070357554786786e-01 2.131487889273356306e-02 1.000000000000000000e+00
4.501960784313725483e-01 1.598615916955017369e-01 2.156093810073048470e-02 1.000000000000000000e+00
4.439215686274510242e-01 1.580161476355247951e-01 2.180699730872740980e-02 1.000000000000000000e+00
4.376470588235293890e-01 1.561707035755478812e-01 2.205305651672433490e-02 1.000000000000000000e+00
4.313725490196078649e-01 1.543252595155709395e-01 2.229911572472125653e-02 1.000000000000000000e+00
4.250980392156862853e-01 1.524798154555940255e-01 2.254517493271818163e-02 1.000000000000000000e+00
4.188235294117647056e-01 1.506343713956170838e-01 2.279123414071510673e-02 1.000000000000000000e+00
4.125490196078431815e-01 1.487889273356401421e-01 2.303729334871203183e-02 1.000000000000000000e+00
4.062745098039216018e-01 1.469434832756632281e-01 2.328335255670895346e-02 1.000000000000000000e+00
4.000000000000000222e-01 1.450980392156862864e-01 2.352941176470587856e-02 1.000000000000000000e+00
