1.000000000000000000e+00 1.000000000000000000e+00 8.000000000000000444e-01 1.000000000000000000e+00
1.000000000000000000e+00 9.977854671280277365e-01 7.945866974240677338e-01 1.000000000000000000e+00
1.000000000000000000e+00 9.955709342560553621e-01 7.891733948481354233e-01 1.000000000000000000e+00
1.000000000000000000e+00 9.933564013840830986e-01 7.837600922722030017e-01 1.000000000000000000e+00
1.000000000000000000e+00 9.911418685121107242e-01 7.783467896962706911e-01 1.000000000000000000e+00
1.000000000000000000e+00 9.889273356401384607e-01 7.729334871203383805e-01 1.000000000000000000e+00
1.000000000000000000e+00 9.867128027681660862e-01 7.675201845444060700e-01 1.000000000000000000e+00
1.000000000000000000e+00 9.844982698961938228e-01 7.621068819684736484e-01 1.000000000000000000e+00
1.000000000000000000e+00 9.822837370242214483e-01 7.566935793925413378e-01 1.000000000000000000e+00
1.000000000000000000e+00 9.800692041522491849e-01 7.512802768166090273e-01 1.000000000000000000e+00
1.000000000000000000e+00 9.778546712802768104e-01 7.458669742406767167e-01 1.000000000000000000e+00
1.000000000000000000e+00 9.756401384083045469e-01 7.404536716647444061e-01 1.000000000000000000e+00
1.000000000000000000e+00 9.734256055363321725e-01 7.350403690888119845e-01 1.000000000000000000e+00
1.000000000000000000e+00 9.712110726643599090e-01 7.296270665128796740e-01 1.000000000000000000e+00
1.000000000000000000e+00 9.689965397923875345e-01 7.242137639369473634e-01 1.000000000000000000e+00
1.000000000000000000e+00 9.667820069204152711e-01 7.188004613610150528e-01 1.000000000000000000e+00
1.000000000000000000e+00 9.645674740484428966e-01 7.133871587850826312e-01 1.000000000000000000e+00
1.000000000000000000e+00 9.623529411764706332e-01 7.079738562091503207e-01 1.000000000000000000e+00
1.000000000000000000e+00 9.601384083044982587e-01 7.025605536332180101e-01 1.000000000000000000e+00
1.000000000000000000e+00 9.579238754325259952e-01 6.971472510572856995e-01 1.000000000000000000e+00
1.000000000000000000e+00 9.557093425605536208e-01 6.917339484813533890e-01 1.000000000000000000e+00
1.000000000000000000e+00 9.534948096885813573e-01 6.863206459054209674e-01 1.000000000000000000e+00
1.000000000000000000e+00 9.512802768166089828e-01 6.809073433294886568e-01 1.000000000000000000e+00
1.000000000000000000e+00 9.490657439446367194e-01 6.754940407535563462e-01 1.000000000000000000e+00
1.000000000000000000e+00 9.468512110726643449e-01 6.700807381776240357e-01 1.000000000000000000e+00
1.000000000000000000e+00 9.446366782006920815e-01 6.646674356016917251e-01 1.000000000000000000e+00
1.000000000000000000e+00 9.424221453287197070e-01 6.592541330257593035e-01 1.000000000000000000e+00
1.000000000000000000e+00 9.402076124567474436e-01 6.538408304498269930e-01 1.000000000000000000e+00
1.000000000000000000e+00 9.379930795847750691e-01 6.484275278738946824e-01 1.000000000000000000e+00
1.000000000000000000e+00 9.357785467128028056e-01 6.430142252979622608e-01 1.000000000000000000e+00
1.000000000000000000e+00 9.335640138408304312e-01 6.376009227220299502e-01 1.000000000000000000e+00
1.000000000000000000e+00 9.313494809688581677e-01 6.321876201460976397e-01 1.000000000000000000e+00
9.999846212995001649e-01 9.291041906958862340e-01 6.268050749711648884e-01 1.000000000000000000e+00
9.998615916955017058e-01 9.266435986159170524e-01 6.216378316032296070e-01 1.000000000000000000e+00
9.997385620915032467e-01 9.241830065359477597e-01 6.164705882352941035e-01 1.000000000000000000e+00
9.996155324875047876e-01 9.217224144559784671e-01 6.113033448673587111e-01 1.000000000000000000e+00
9.994925028835063285e-01 9.192618223760092855e-01 6.061361014994233187e-01 1.000000000000000000e+00
9.993694732795078695e-01 9.168012302960399929e-01 6.009688581314879263e-01 1.000000000000000000e+00
9.992464436755094104e-01 9.143406382160708112e-01 5.958016147635525339e-01 1.000000000000000000e+00
9.991234140715109513e-01 9.118800461361015186e-01 5.906343713956170305e-01 1.000000000000000000e+00
9.990003844675124922e-01 9.094194540561322260e-01 5.854671280276816381e-01 1.000000000000000000e+00
9.988773548635140331e-01 9.069588619761630444e-01 5.802998846597462457e-01 1.000000000000000000e+00
9.987543252595155741e-01 9.044982698961937517e-01 5.751326412918108533e-01 1.000000000000000000e+00
9.986312956555171150e-01 9.020376778162245701e-01 5.699653979238754609e-01 1.000000000000000000e+00
9.985082660515186559e-01 8.995770857362552775e-01 5.647981545559400685e-01 1.000000000000000000e+00
9.983852364475201968e-01 8.971164936562860959e-01 5.596309111880046760e-01 1.000000000000000000e+00
9.982622068435217377e-01 8.946559015763168032e-01 5.544636678200691726e-01 1.000000000000000000e+00
9.981391772395232787e-01 8.921953094963475106e-01 5.492964244521337802e-01 1.000000000000000000e+00
9.980161476355248196e-01 8.897347174163783290e-01 5.441291810841983878e-01 1.000000000000000000e+00
9.978931180315263605e-01 8.872741253364091474e-01 5.389619377162629954e-01 1.000000000000000000e+00
9.977700884275279014e-01 8.848135332564398547e-01 5.337946943483276030e-01 1.000000000000000000e+00
9.976470588235294423e-01 8.823529411764705621e-01 5.286274509803922106e-01 1.000000000000000000e+00
9.975240292195309832e-01 8.798923490965013805e-01 5.234602076124568182e-01 1.000000000000000000e+00
9.974009996155325242e-01 8.774317570165320879e-01 5.182929642445214258e-01 1.000000000000000000e+00
9.972779700115340651e-01 8.749711649365627952e-01 5.131257208765859223e-01 1.000000000000000000e+00
9.971549404075356060e-01 8.725105728565936136e-01 5.079584775086505299e-01 1.000000000000000000e+00
9.970319108035371469e-01 8.700499807766243210e-01 5.027912341407151375e-01 1.000000000000000000e+00
9.969088811995386878e-01 8.675893886966551394e-01 4.976239907727797451e-01 1.000000000000000000e+00
9.967858515955402288e-01 8.651287966166858467e-01 4.924567474048442972e-01 1.000000000000000000e+00
9.966628219915417697e-01 8.626682045367166651e-01 4.872895040369089048e-01 1.000000000000000000e+00
9.965397923875433106e-01 8.602076124567473725e-01 4.821222606689734569e-01 1.000000000000000000e+00
9.964167627835448515e-01 8.577470203767781909e-01 4.769550173010381200e-01 1.000000000000000000e+00
9.962937331795463924e-01 8.552864282968088983e-01 4.717877739331026721e-01 1.000000000000000000e+00
9.961707035755479334e-01 8.528258362168397166e-01 4.666205305651672797e-01 1.000000000000000000e+00
9.960784313725490335e-01 8.497808535178776879e-01 4.614532871972318318e-01 1.000000000000000000e+00
9.960784313725490335e-01 8.449826989619376727e-01 4.562860438292964393e-01 1.000000000000000000e+00
9.960784313725490335e-01 8.401845444059977686e-01 4.511188004613611024e-01 1.000000000000000000e+00
9.960784313725490335e-01 8.353863898500576424e-01 4.459515570934255990e-01 1.000000000000000000e+00
9.960784313725490335e-01 8.305882352941176272e-01 4.407843137254902066e-01 1.000000000000000000e+00
9.960784313725490335e-01 8.257900807381776120e-01 4.356170703575548142e-01 1.000000000000000000e+00
9.960784313725490335e-01 8.209919261822375969e-01 4.304498269896194218e-01 1.000000000000000000e+00
9.960784313725490335e-01 8.161937716262975817e-01 4.252825836216839739e-01 1.000000000000000000e+00
9.960784313725490335e-01 8.113956170703575665e-01 4.201153402537485815e-01 1.000000000000000000e+00
9.960784313725490335e-01 8.065974625144174404e-01 4.149480968858131336e-01 1.000000000000000000e+00
9.960784313725490335e-01 8.017993079584775362e-01 4.097808535178778522e-01 1.000000000000000000e+00
9.960784313725490335e-01 7.970011534025374100e-01 4.046136101499423487e-01 1.000000000000000000e+00
9.960784313725490335e-01 7.922029988465973949e-01 3.994463667820069563e-01 1.000000000000000000e+00
9.960784313725490335e-01 7.874048442906573797e-01 3.942791234140715084e-01 1.000000000000000000e+00
9.960784313725490335e-01 7.826066897347173645e-01 3.891118800461361160e-01 1.000000000000000000e+00
9.960784313725490335e-01 7.778085351787773494e-01 3.839446366782006681e-01 1.000000000000000000e+00
9.960784313725490335e-01 7.730103806228373342e-01 3.787773933102652757e-01 1.000000000000000000e+00
9.960784313725490335e-01 7.682122260668973190e-01 3.736101499423298833e-01 1.000000000000000000e+00
9.960784313725490335e-01 7.634140715109574149e-01 3.684429065743945464e-01 1.000000000000000000e+00
9.960784313725490335e-01 7.586159169550172887e-01 3.632756632064590985e-01 1.000000000000000000e+00
9.960784313725490335e-01 7.538177623990772735e-01 3.581084198385236506e-01 1.000000000000000000e+00
9.960784313725490335e-01 7.490196078431372584e-01 3.529411764705882582e-01 1.000000000000000000e+00
9.960784313725490335e-01 7.442214532871972432e-01 3.477739331026528102e-01 1.000000000000000000e+00
9.960784313725490335e-01 7.394232987312572281e-01 3.426066897347174178e-01 1.000000000000000000e+00
9.960784313725490335e-01 7.346251441753171019e-01 3.374394463667820254e-01 1.000000000000000000e+00
9.960784313725490335e-01 7.298269896193770867e-01 3.322722029988466330e-01 1.000000000000000000e+00
9.960784313725490335e-01 7.250288350634371826e-01 3.271049596309112406e-01 1.000000000000000000e+00
9.960784313725490335e-01 7.202306805074970564e-01 3.219377162629757927e-01 1.000000000000000000e+00
9.960784313725490335e-01 7.154325259515570412e-01 3.167704728950403448e-01 1.000000000000000000e+00
9.960784313725490335e-01 7.106343713956170260e-01 3.116032295271049524e-01 1.000000000000000000e+00
9.960784313725490335e-01 7.058362168396770109e-01 3.064359861591695600e-01 1.000000000000000000e+00
9.960784313725490335e-01 7.010380622837369957e-01 3.012687427912341676e-01 1.000000000000000000e+00
9.960322952710496391e-01 6.963321799307957694e-01 2.973010380622837512e-01 1.000000000000000000e+00
9.959092656670511801e-01 6.917800845828526723e-01 2.953325643983083504e-01 1.000000000000000000e+00
9.957862360630527210e-01 6.872279892349096864e-01 2.933640907343329496e-01 1.000000000000000000e+00
9.956632064590542619e-01 6.826758938869664783e-01 2.913956170703575488e-01 1.000000000000000000e+00
9.955401768550558028e-01 6.781237985390233813e-01 2.894271434063821480e-01 1.000000000000000000e+00
9.954171472510573437e-01 6.735717031910802843e-01 2.874586697424067472e-01 1.000000000000000000e+00
9.952941176470588847e-01 6.690196078431371873e-01 2.854901960784313464e-01 1.000000000000000000e+00
9.951710880430604256e-01 6.644675124951940903e-01 2.835217224144559456e-01 1.000000000000000000e+00
9.950480584390619665e-01 6.599154171472509933e-01 2.815532487504806003e-01 1.000000000000000000e+00
9.949250288350635074e-01 6.553633217993078963e-01 2.795847750865051995e-01 1.000000000000000000e+00
9.948019992310650483e-01 6.508112264513649103e-01 2.776163014225297987e-01 1.000000000000000000e+00
9.946789696270664782e-01 6.462591311034217023e-01 2.756478277585543979e-01 1.000000000000000000e+00
9.945559400230680192e-01 6.417070357554786053e-01 2.736793540945789971e-01 1.000000000000000000e+00
9.944329104190695601e-01 6.371549404075355083e-01 2.717108804306035963e-01 1.000000000000000000e+00
9.943098808150711010e-01 6.326028450595924113e-01 2.697424067666281955e-01 1.000000000000000000e+00
9.941868512110726419e-01 6.280507497116493143e-01 2.677739331026528502e-01 1.000000000000000000e+00
9.940638216070741828e-01 6.234986543637062173e-01 2.658054594386774494e-01 1.000000000000000000e+00
9.939407920030757237e-01 6.189465590157632313e-01 2.638369857747020486e-01 1.000000000000000000e+00
9.938177623990772647e-01 6.143944636678201343e-01 2.618685121107266478e-01 1.000000000000000000e+00
9.936947327950788056e-01 6.098423683198770373e-01 2.599000384467512470e-01 1.000000000000000000e+00
9.935717031910803465e-01 6.052902729719338293e-01 2.579315647827758462e-01 1.000000000000000000e+00
9.934486735870818874e-01 6.007381776239908433e-01 2.559630911188004454e-01 1.000000000000000000e+00
9.933256439830834283e-01 5.961860822760476353e-01 2.539946174548250446e-01 1.000000000000000000e+00
9.932026143790849693e-01 5.916339869281046493e-01 2.520261437908496438e-01 1.000000000000000000e+00
9.930795847750865102e-01 5.870818915801614413e-01 2.500576701268742985e-01 1.000000000000000000e+00
9.929565551710880511e-01 5.825297962322184553e-01 2.480891964628988977e-01 1.000000000000000000e+00
9.928335255670895920e-01 5.779777008842753583e-01 2.461207227989235247e-01 1.000000000000000000e+00
9.927104959630911329e-01 5.734256055363322613e-01 2.441522491349480961e-01 1.000000000000000000e+00
9.925874663590926739e-01 5.688735101883890533e-01 2.421837754709726953e-01 1.000000000000000000e+00
9.924644367550942148e-01 5.643214148404460673e-01 2.402153018069972945e-01 1.000000000000000000e+00
9.923414071510957557e-01 5.597693194925028592e-01 2.382468281430219215e-01 1.000000000000000000e+00
9.920953479430988375e-01 5.490657439446366972e-01 2.341868512110726608e-01 1.000000000000000000e+00
9.919723183391003785e-01 5.413148788927335531e-01 2.319723183391003418e-01 1.000000000000000000e+00
9.918492887351019194e-01 5.335640138408305200e-01 2.297577854671280229e-01 1.000000000000000000e+00
9.917262591311034603e-01 5.258131487889273759e-01 2.275432525951557039e-01 1.000000000000000000e+00
9.916032295271050012e-01 5.180622837370244538e-01 2.253287197231834404e-01 1.000000000000000000e+00
9.914801999231065421e-01 5.103114186851211986e-01 2.231141868512110660e-01 1.000000000000000000e+00
9.913571703191080831e-01 5.025605536332180545e-01 2.208996539792387470e-01 1.000000000000000000e+00
9.912341407151096240e-01 4.948096885813149104e-01 2.186851211072664281e-01 1.000000000000000000e+00
9.911111111111111649e-01 4.870588235294117663e-01 2.164705882352941091e-01 1.000000000000000000e+00
9.909880815071127058e-01 4.793079584775086777e-01 2.142560553633217901e-01 1.000000000000000000e+00
9.908650519031142467e-01 4.715570934256055891e-01 2.120415224913494712e-01 1.000000000000000000e+00
9.907420222991157877e-01 4.638062283737024449e-01 2.098269896193771522e-01 1.000000000000000000e+00
9.906189926951173286e-01 4.560553633217993563e-01 2.076124567474048332e-01 1.000000000000000000e+00
9.904959630911188695e-01 4.483044982698962122e-01 2.053979238754325143e-01 1.000000000000000000e+00
9.903729334871204104e-01 4.405536332179931236e-01 2.031833910034601953e-01 1.000000000000000000e+00
9.902499038831219513e-01 4.328027681660899795e-01 2.009688581314879041e-01 1.000000000000000000e+00
9.901268742791234923e-01 4.250519031141868354e-01 1.987543252595155574e-01 1.000000000000000000e+00
9.900038446751250332e-01 4.173010380622837467e-01 1.965397923875432384e-01 1.000000000000000000e+00
9.898808150711265741e-01 4.095501730103806581e-01 1.943252595155709195e-01 1.000000000000000000e+00
9.897577854671281150e-01 4.017993079584775140e-01 1.921107266435986005e-01 1.000000000000000000e+00
9.896347558631296559e-01 3.940484429065745919e-01 1.898961937716263648e-01 1.000000000000000000e+00
9.895117262591310858e-01 3.862975778546713368e-01 1.876816608996539903e-01 1.000000000000000000e+00
9.893886966551326267e-01 3.785467128027681927e-01 1.854671280276816714e-01 1.000000000000000000e+00
9.892656670511341677e-01 3.707958477508650486e-01 1.832525951557093524e-01 1.000000000000000000e+00
9.891426374471357086e-01 3.630449826989619599e-01 1.810380622837370335e-01 1.000000000000000000e+00
9.890196078431372495e-01 3.552941176470588713e-01 1.788235294117647145e-01 1.000000000000000000e+00
9.888965782391387904e-01 3.475432525951557272e-01 1.766089965397923955e-01 1.000000000000000000e+00
9.887735486351403313e-01 3.397923875432525831e-01 1.743944636678200766e-01 1.000000000000000000e+00
9.886505190311418723e-01 3.320415224913494945e-01 1.721799307958477576e-01 1.000000000000000000e+00
9.885274894271434132e-01 3.242906574394464059e-01 1.699653979238754387e-01 1.000000000000000000e+00
9.884044598231449541e-01 3.165397923875432618e-01 1.677508650519031197e-01 1.000000000000000000e+00
9.882814302191464950e-01 3.087889273356401176e-01 1.655363321799308007e-01 1.000000000000000000e+00
9.863129565551711497e-01 3.018838908112264630e-01 1.636293733179546295e-01 1.000000000000000000e+00
9.832372164552095617e-01 2.954863514033064242e-01 1.619069588619761468e-01 1.000000000000000000e+00
9.801614763552479737e-01 2.890888119953863855e-01 1.601845444059976920e-01 1.000000000000000000e+00
9.770857362552864966e-01 2.826912725874664023e-01 1.584621299500192093e-01 1.000000000000000000e+00
9.740099961553250196e-01 2.762937331795465301e-01 1.567397154940408099e-01 1.000000000000000000e+00
9.709342560553633206e-01 2.698961937716263249e-01 1.550173010380622718e-01 1.000000000000000000e+00
9.678585159554018436e-01 2.634986543637062861e-01 1.532948865820838169e-01 1.000000000000000000e+00
9.647827758554402555e-01 2.571011149557862474e-01 1.515724721261053343e-01 1.000000000000000000e+00
9.617070357554786675e-01 2.507035755478662087e-01 1.498500576701268794e-01 1.000000000000000000e+00
9.586312956555170794e-01 2.443060361399461977e-01 1.481276432141483967e-01 1.000000000000000000e+00
9.555555555555556024e-01 2.379084967320261590e-01 1.464052287581699419e-01 1.000000000000000000e+00
9.524798154555940144e-01 2.315109573241061480e-01 1.446828143021914592e-01 1.000000000000000000e+00
9.494040753556324264e-01 2.251134179161861093e-01 1.429603998462130043e-01 1.000000000000000000e+00
9.463283352556709493e-01 2.187158785082660706e-01 1.412379853902345217e-01 1.000000000000000000e+00
9.432525951557093613e-01 2.123183391003460319e-01 1.395155709342560391e-01 1.000000000000000000e+00
9.401768550557477733e-01 2.059207996924259931e-01 1.377931564782775842e-01 1.000000000000000000e+00
9.371011149557861852e-01 1.995232602845059544e-01 1.360707420222991015e-01 1.000000000000000000e+00
9.340253748558247082e-01 1.931257208765859157e-01 1.343483275663206467e-01 1.000000000000000000e+00
9.309496347558631202e-01 1.867281814686659047e-01 1.326259131103421640e-01 1.000000000000000000e+00
9.278738946559015321e-01 1.803306420607458660e-01 1.309034986543637091e-01 1.000000000000000000e+00
9.247981545559400551e-01 1.739331026528260216e-01 1.291810841983852820e-01 1.000000000000000000e+00
9.217224144559784671e-01 1.675355632449058163e-01 1.274586697424067716e-01 1.000000000000000000e+00
9.186466743560168791e-01 1.611380238369857776e-01 1.257362552864282890e-01 1.000000000000000000e+00
9.155709342560552910e-01 1.547404844290657389e-01 1.240138408304498202e-01 1.000000000000000000e+00
9.124951941560938140e-01 1.483429450211457001e-01 1.222914263744713514e-01 1.000000000000000000e+00
9.094194540561322260e-01 1.419454056132256892e-01 1.205690119184928827e-01 1.000000000000000000e+00
9.063437139561706379e-01 1.355478662053056504e-01 1.188465974625144139e-01 1.000000000000000000e+00
9.032679738562090499e-01 1.291503267973856117e-01 1.171241830065359452e-01 1.000000000000000000e+00
9.001922337562475729e-01 1.227527873894655730e-01 1.154017685505574764e-01 1.000000000000000000e+00
8.971164936562859848e-01 1.163552479815455620e-01 1.136793540945790076e-01 1.000000000000000000e+00
8.940407535563243968e-01 1.099577085736255233e-01 1.119569396386005389e-01 1.000000000000000000e+00
8.909650134563629198e-01 1.035601691657054846e-01 1.102345251826220562e-01 1.000000000000000000e+00
8.866897347174163002e-01 9.956170703575548120e-02 1.107266435986159203e-01 1.000000000000000000e+00
8.820146097654747441e-01 9.636293733179546184e-02 1.119569396386005389e-01 1.000000000000000000e+00
8.773394848135331880e-01 9.316416762783544248e-02 1.131872356785851574e-01 1.000000000000000000e+00
8.726643598615916320e-01 8.996539792387543699e-02 1.144175317185697760e-01 1.000000000000000000e+00
8.679892349096501869e-01 8.676662821991550090e-02 1.156478277585543668e-01 1.000000000000000000e+00
8.633141099577085198e-01 8.356785851595539827e-02 1.168781237985390270e-01 1.000000000000000000e+00
8.586389850057669637e-01 8.036908881199539278e-02 1.181084198385236456e-01 1.000000000000000000e+00
8.539638600538254076e-01 7.717031910803537342e-02 1.193387158785082641e-01 1.000000000000000000e+00
8.492887351018838515e-01 7.397154940407535406e-02 1.205690119184928827e-01 1.000000000000000000e+00
8.446136101499422955e-01 7.077277970011533470e-02 1.217993079584775151e-01 1.000000000000000000e+00
8.399384851980007394e-01 6.757400999615531534e-02 1.230296039984621337e-01 1.000000000000000000e+00
8.352633602460591833e-01 6.437524029219529598e-02 1.242599000384467522e-01 1.000000000000000000e+00
8.305882352941176272e-01 6.117647058823529049e-02 1.254901960784313708e-01 1.000000000000000000e+00
8.259131103421760711e-01 5.797770088427527807e-02 1.267204921184159894e-01 1.000000000000000000e+00
8.212379853902345150e-01 5.477893118031525871e-02 1.279507881584006079e-01 1.000000000000000000e+00
8.165628604382929590e-01 5.158016147635524629e-02 1.291810841983852265e-01 1.000000000000000000e+00
8.118877354863514029e-01 4.838139177239522692e-02 1.304113802383698451e-01 1.000000000000000000e+00
8.072126105344098468e-01 4.518262206843521450e-02 1.316416762783544914e-01 1.000000000000000000e+00
8.025374855824682907e-01 4.198385236447520208e-02 1.328719723183391099e-01 1.000000000000000000e+00
7.978623606305267346e-01 3.878508266051518272e-02 1.341022683583237285e-01 1.000000000000000000e+00
7.931872356785852896e-01 3.558631295655526050e-02 1.353325643983083193e-01 1.000000000000000000e+00
7.885121107266436224e-01 3.238754325259515787e-02 1.365628604382929656e-01 1.000000000000000000e+00
7.838369857747020664e-01 2.918877354863513851e-02 1.377931564782775842e-01 1.000000000000000000e+00
7.791618608227605103e-01 2.599000384467511915e-02 1.390234525182622027e-01 1.000000000000000000e+00
7.744867358708189542e-01 2.279123414071511367e-02 1.402537485582468213e-01 1.000000000000000000e+00
7.698116109188773981e-01 1.959246443675509430e-02 1.414840445982314399e-01 1.000000000000000000e+00
7.651364859669358420e-01 1.639369473279507494e-02 1.427143406382160862e-01 1.000000000000000000e+00
7.604613610149942859e-01 1.319492502883505558e-02 1.439446366782006770e-01 1.000000000000000000e+00
7.557862360630527299e-01 9.996155324875050097e-03 1.451749327181853233e-01 1.000000000000000000e+00
7.511111111111111738e-01 6.797385620915030735e-03 1.464052287581699419e-01 1.000000000000000000e+00
7.464359861591696177e-01 3.598615916955011373e-03 1.476355247981545604e-01 1.000000000000000000e+00
7.417608612072279506e-01 3.998462129950058896e-04 1.488658208381391790e-01 1.000000000000000000e+00
7.346097654748173778e-01 0.000000000000000000e+00 1.490196078431372528e-01 1.000000000000000000e+00
7.271049596309112628e-01 0.000000000000000000e+00 1.490196078431372528e-01 1.000000000000000000e+00
7.196001537870050369e-01 0.000000000000000000e+00 1.490196078431372528e-01 1.000000000000000000e+00
7.120953479430988109e-01 0.000000000000000000e+00 1.490196078431372528e-01 1.000000000000000000e+00
7.045905420991929180e-01 0.000000000000000000e+00 1.490196078431372528e-01 1.000000000000000000e+00
6.970857362552864700e-01 0.000000000000000000e+00 1.490196078431372528e-01 1.000000000000000000e+00
6.895809304113802440e-01 0.000000000000000000e+00 1.490196078431372528e-01 1.000000000000000000e+00
6.820761245674740181e-01 0.000000000000000000e+00 1.490196078431372528e-01 1.000000000000000000e+00
6.745713187235679031e-01 0.000000000000000000e+00 1.490196078431372528e-01 1.000000000000000000e+00
6.670665128796616772e-01 0.000000000000000000e+00 1.490196078431372528e-01 1.000000000000000000e+00
6.595617070357554512e-01 0.000000000000000000e+00 1.490196078431372528e-01 1.000000000000000000e+00
6.520569011918493363e-01 0.000000000000000000e+00 1.490196078431372528e-01 1.000000000000000000e+00
6.445520953479431103e-01 0.000000000000000000e+00 1.490196078431372528e-01 1.000000000000000000e+00
6.370472895040368844e-01 0.000000000000000000e+00 1.490196078431372528e-01 1.000000000000000000e+00
6.295424836601307694e-01 0.000000000000000000e+00 1.490196078431372528e-01 1.000000000000000000e+00
6.220376778162245435e-01 0.000000000000000000e+00 1.490196078431372528e-01 1.000000000000000000e+00
6.145328719723183175e-01 0.000000000000000000e+00 1.490196078431372528e-01 1.000000000000000000e+00
6.070280661284122026e-01 0.000000000000000000e+00 1.490196078431372528e-01 1.000000000000000000e+00
5.995232602845059766e-01 0.000000000000000000e+00 1.490196078431372528e-01 1.000000000000000000e+00
5.920184544405997507e-01 0.000000000000000000e+00 1.490196078431372528e-01 1.000000000000000000e+00
5.845136485966937467e-01 0.000000000000000000e+00 1.490196078431372528e-01 1.000000000000000000e+00
5.770088427527874098e-01 0.000000000000000000e+00 1.490196078431372528e-01 1.000000000000000000e+00
5.695040369088811838e-01 0.000000000000000000e+00 1.490196078431372528e-01 1.000000000000000000e+00
5.619992310649750689e-01 0.000000000000000000e+00 1.490196078431372528e-01 1.000000000000000000e+00
5.544944252210688429e-01 0.000000000000000000e+00 1.490196078431372528e-01 1.000000000000000000e+00
5.469896193771626169e-01 0.000000000000000000e+00 1.490196078431372528e-01 1.000000000000000000e+00
5.394848135332563910e-01 0.000000000000000000e+00 1.490196078431372528e-01 1.000000000000000000e+00
5.319800076893502760e-01 0.000000000000000000e+00 1.490196078431372528e-01 1.000000000000000000e+00
5.244752018454440501e-01 0.000000000000000000e+00 1.490196078431372528e-01 1.000000000000000000e+00
5.169703960015378241e-01 0.000000000000000000e+00 1.490196078431372528e-01 1.000000000000000000e+00
5.094655901576317092e-01 0.000000000000000000e+00 1.490196078431372528e-01 1.000000000000000000e+00
5.019607843137254832e-01 0.000000000000000000e+00 1.490196078431372528e-01 1.000000000000000000e+00
